7496.97825	-0.00239
7495.04952	0.00080
7493.12079	0.00285
7491.19206	0.00250
7489.26333	0.00034
7487.33459	-0.00220
7485.40586	-0.00372
7483.47713	-0.00503
7481.54840	-0.00674
7479.61967	-0.00571
7477.69094	-0.00155
7475.76221	0.00081
7473.83348	-0.00047
7471.90474	-0.00303
7469.97601	-0.00586
7468.04728	-0.00736
7466.11855	-0.00591
7464.18982	-0.00527
7462.26109	-0.00797
7460.33236	-0.01030
7458.40363	-0.00917
7456.47489	-0.00559
7454.54616	-0.00319
7452.61743	-0.00453
7450.68870	-0.00721
7448.75997	-0.00694
7446.83124	-0.00348
7444.90251	-0.00131
7442.97378	-0.00396
7441.04504	-0.00870
7439.11631	-0.01037
7437.18758	-0.00878
7435.25885	-0.00768
7433.33012	-0.00865
7431.40139	-0.00964
7429.47266	-0.00798
7427.54393	-0.00377
7425.61520	-0.00058
7423.68646	-0.00175
7421.75773	-0.00558
7419.82900	-0.00821
7417.90027	-0.00944
7415.97154	-0.00911
7414.04281	-0.00620
7412.11408	-0.00360
7410.18535	-0.00434
7408.25661	-0.00691
7406.32788	-0.00834
7404.39915	-0.00833
7402.47042	-0.00866
7400.54169	-0.00937
7398.61296	-0.00835
7396.68423	-0.00497
7394.75550	-0.00243
7392.82676	-0.00395
7390.89803	-0.00650
7388.96930	-0.00597
7387.04057	-0.00453
7385.11184	-0.00475
7383.18311	-0.00549
7381.25438	-0.00489
7379.32565	-0.00255
7377.39691	-0.00147
7375.46818	-0.00400
7373.53945	-0.00802
7371.61072	-0.01091
7369.68199	-0.01243
7367.75326	-0.01306
7365.82453	-0.01256
7363.89580	-0.01121
7361.96706	-0.01023
7360.03833	-0.00993
7358.10960	-0.00984
7356.18087	-0.00934
7354.25214	-0.00741
7352.32341	-0.00489
7350.39468	-0.00495
7348.46595	-0.00847
7346.53722	-0.01216
7344.60848	-0.01263
7342.67975	-0.00965
7340.75102	-0.00627
7338.82229	-0.00565
7336.89356	-0.00770
7334.96483	-0.01034
7333.03610	-0.01240
7331.10737	-0.01432
7329.17863	-0.01621
7327.24990	-0.01656
7325.32117	-0.01481
7323.39244	-0.01185
7321.46371	-0.00850
7319.53498	-0.00621
7317.60625	-0.00610
7315.67752	-0.00854
7313.74878	-0.01193
7311.82005	-0.01238
7309.89132	-0.01060
7307.96259	-0.01099
7306.03386	-0.01135
7304.10513	-0.00822
7302.17640	-0.00449
7300.24767	-0.00270
7298.31893	-0.00280
7296.39020	-0.00476
7294.46147	-0.00776
7292.53274	-0.01071
7290.60401	-0.01224
7288.67528	-0.01162
7286.74655	-0.01036
7284.81782	-0.00967
7282.88908	-0.00933
7280.96035	-0.00842
7279.03162	-0.00746
7277.10289	-0.00887
7275.17416	-0.01192
7273.24543	-0.01265
7271.31670	-0.00974
7269.38797	-0.00706
7267.45924	-0.00911
7265.53050	-0.01395
7263.60177	-0.01682
7261.67304	-0.01743
7259.74431	-0.01731
7257.81558	-0.01623
7255.88685	-0.01428
7253.95812	-0.01295
7252.02939	-0.01303
7250.10065	-0.01332
7248.17192	-0.01206
7246.24319	-0.00964
7244.31446	-0.00853
7242.38573	-0.00900
7240.45700	-0.00919
7238.52827	-0.00894
7236.59954	-0.00998
7234.67080	-0.01346
7232.74207	-0.01641
7230.81334	-0.01526
7228.88461	-0.01137
7226.95588	-0.00718
7225.02715	-0.00466
7223.09842	-0.00542
7221.16969	-0.00725
7219.24095	-0.00670
7217.31222	-0.00430
7215.38349	-0.00298
7213.45476	-0.00440
7211.52603	-0.00759
7209.59730	-0.01058
7207.66857	-0.01306
7205.73984	-0.01486
7203.81110	-0.01463
7201.88237	-0.01244
7199.95364	-0.00973
7198.02491	-0.00824
7196.09618	-0.00859
7194.16745	-0.00940
7192.23872	-0.00990
7190.30999	-0.00985
7188.38126	-0.00867
7186.45252	-0.00751
7184.52379	-0.00799
7182.59506	-0.00962
7180.66633	-0.01077
7178.73760	-0.00990
7176.80887	-0.00700
7174.88014	-0.00531
7172.95141	-0.00721
7171.02267	-0.01089
7169.09394	-0.01324
7167.16521	-0.01347
7165.23648	-0.01293
7163.30775	-0.01292
7161.37902	-0.01288
7159.45029	-0.01107
7157.52156	-0.00833
7155.59282	-0.00723
7153.66409	-0.00793
7151.73536	-0.00898
7149.80663	-0.00945
7147.87790	-0.00963
7145.94917	-0.01022
7144.02044	-0.01069
7142.09171	-0.00971
7140.16297	-0.00725
7138.23424	-0.00571
7136.30551	-0.00700
7134.37678	-0.00919
7132.44805	-0.00960
7130.51932	-0.00835
7128.59059	-0.00738
7126.66186	-0.00779
7124.73312	-0.00867
7122.80439	-0.00949
7120.87566	-0.01045
7118.94693	-0.01072
7117.01820	-0.01001
7115.08947	-0.00962
7113.16074	-0.01065
7111.23201	-0.01293
7109.30328	-0.01468
7107.37454	-0.01403
7105.44581	-0.01127
7103.51708	-0.00899
7101.58835	-0.00946
7099.65962	-0.01138
7097.73089	-0.01167
7095.80216	-0.00962
7093.87343	-0.00699
7091.94469	-0.00648
7090.01596	-0.00821
7088.08723	-0.00874
7086.15850	-0.00749
7084.22977	-0.00785
7082.30104	-0.00963
7080.37231	-0.00979
7078.44358	-0.00919
7076.51484	-0.00984
7074.58611	-0.01061
7072.65738	-0.01064
7070.72865	-0.01046
7068.79992	-0.00999
7066.87119	-0.00927
7064.94246	-0.00882
7063.01373	-0.00915
7061.08499	-0.01003
7059.15626	-0.00966
7057.22753	-0.00703
7055.29880	-0.00414
7053.37007	-0.00377
7051.44134	-0.00583
7049.51261	-0.00756
7047.58388	-0.00790
7045.65514	-0.00787
7043.72641	-0.00674
7041.79768	-0.00434
7039.86895	-0.00310
7037.94022	-0.00389
7036.01149	-0.00524
7034.08276	-0.00616
7032.15403	-0.00665
7030.22530	-0.00756
7028.29656	-0.00958
7026.36783	-0.01106
7024.43910	-0.00967
7022.51037	-0.00661
7020.58164	-0.00509
7018.65291	-0.00551
7016.72418	-0.00614
7014.79545	-0.00603
7012.86671	-0.00525
7010.93798	-0.00476
7009.00925	-0.00607
7007.08052	-0.00910
7005.15179	-0.01107
7003.22306	-0.01067
7001.29433	-0.01032
6999.36560	-0.01114
6997.43686	-0.01134
6995.50813	-0.01069
6993.57940	-0.01073
6991.65067	-0.01103
6989.72194	-0.01035
6987.79321	-0.00926
6985.86448	-0.00889
6983.93575	-0.00880
6982.00701	-0.00815
6980.07828	-0.00773
6978.14955	-0.00843
6976.22082	-0.00943
6974.29209	-0.01015
6972.36336	-0.01073
6970.43463	-0.01046
6968.50590	-0.00918
6966.57716	-0.00792
6964.64843	-0.00678
6962.71970	-0.00645
6960.79097	-0.00803
6958.86224	-0.00973
6956.93351	-0.00991
6955.00478	-0.00980
6953.07605	-0.01018
6951.14732	-0.01020
6949.21858	-0.00950
6947.28985	-0.00895
6945.36112	-0.00942
6943.43239	-0.01049
6941.50366	-0.01106
6939.57493	-0.01116
6937.64620	-0.01132
6935.71747	-0.01110
6933.78873	-0.01045
6931.86000	-0.01029
6929.93127	-0.01141
6928.00254	-0.01361
6926.07381	-0.01482
6924.14508	-0.01375
6922.21635	-0.01238
6920.28762	-0.01251
6918.35888	-0.01279
6916.43015	-0.01199
6914.50142	-0.01172
6912.57269	-0.01287
6910.64396	-0.01342
6908.71523	-0.01210
6906.78650	-0.01041
6904.85777	-0.00977
6902.92903	-0.00942
6901.00030	-0.00882
6899.07157	-0.00868
6897.14284	-0.00849
6895.21411	-0.00805
6893.28538	-0.00870
6891.35665	-0.01023
6889.42792	-0.01061
6887.49918	-0.00916
6885.57045	-0.00747
6883.64172	-0.00677
6881.71299	-0.00724
6879.78426	-0.00869
6877.85553	-0.00969
6875.92680	-0.01009
6873.99807	-0.01148
6872.06934	-0.01303
6870.14060	-0.01306
6868.21187	-0.01205
6866.28314	-0.01094
6864.35441	-0.01074
6862.42568	-0.01186
6860.49695	-0.01231
6858.56822	-0.01100
6856.63949	-0.00985
6854.71075	-0.01059
6852.78202	-0.01253
6850.85329	-0.01370
6848.92456	-0.01341
6846.99583	-0.01190
6845.06710	-0.01049
6843.13837	-0.01013
6841.20964	-0.01064
6839.28090	-0.01144
6837.35217	-0.01219
6835.42344	-0.01189
6833.49471	-0.01040
6831.56598	-0.00942
6829.63725	-0.00956
6827.70852	-0.00958
6825.77979	-0.00930
6823.85105	-0.00950
6821.92232	-0.01014
6819.99359	-0.01111
6818.06486	-0.01199
6816.13613	-0.01167
6814.20740	-0.01075
6812.27867	-0.01070
6810.34994	-0.01099
6808.42120	-0.01053
6806.49247	-0.00943
6804.56374	-0.00845
6802.63501	-0.00886
6800.70628	-0.01075
6798.77755	-0.01181
6796.84882	-0.01084
6794.92009	-0.00984
6792.99136	-0.00975
6791.06262	-0.00933
6789.13389	-0.00906
6787.20516	-0.00952
6785.27643	-0.00906
6783.34770	-0.00796
6781.41897	-0.00752
6779.49024	-0.00729
6777.56151	-0.00788
6775.63277	-0.00963
6773.70404	-0.01065
6771.77531	-0.01006
6769.84658	-0.00924
6767.91785	-0.00985
6765.98912	-0.01139
6764.06039	-0.01221
6762.13166	-0.01224
6760.20292	-0.01199
6758.27419	-0.01133
6756.34546	-0.01031
6754.41673	-0.00972
6752.48800	-0.01014
6750.55927	-0.01103
6748.63054	-0.01107
6746.70181	-0.00970
6744.77307	-0.00864
6742.84434	-0.00951
6740.91561	-0.01089
6738.98688	-0.01084
6737.05815	-0.00971
6735.12942	-0.00891
6733.20069	-0.00915
6731.27196	-0.01024
6729.34322	-0.01168
6727.41449	-0.01261
6725.48576	-0.01223
6723.55703	-0.01115
6721.62830	-0.01047
6719.69957	-0.01029
6717.77084	-0.01068
6715.84211	-0.01133
6713.91338	-0.01082
6711.98464	-0.00911
6710.05591	-0.00808
6708.12718	-0.00899
6706.19845	-0.01049
6704.26972	-0.01019
6702.34099	-0.00934
6700.41226	-0.01061
6698.48353	-0.01249
6696.55479	-0.01263
6694.62606	-0.01161
6692.69733	-0.01108
6690.76860	-0.01154
6688.83987	-0.01197
6686.91114	-0.01141
6684.98241	-0.01045
6683.05368	-0.01092
6681.12494	-0.01294
6679.19621	-0.01402
6677.26748	-0.01361
6675.33875	-0.01333
6673.41002	-0.01285
6671.48129	-0.01194
6669.55256	-0.01198
6667.62383	-0.01221
6665.69509	-0.01125
6663.76636	-0.01025
6661.83763	-0.01024
6659.90890	-0.01059
6657.98017	-0.01108
6656.05144	-0.01213
6654.12271	-0.01334
6652.19398	-0.01385
6650.26524	-0.01348
6648.33651	-0.01255
6646.40778	-0.01172
6644.47905	-0.01143
6642.55032	-0.01136
6640.62159	-0.01129
6638.69286	-0.01136
6636.76413	-0.01162
6634.83540	-0.01181
6632.90666	-0.01143
6630.97793	-0.01092
6629.04920	-0.01118
6627.12047	-0.01186
6625.19174	-0.01207
6623.26301	-0.01194
6621.33428	-0.01173
6619.40555	-0.01115
6617.47681	-0.01058
6615.54808	-0.01082
6613.61935	-0.01201
6611.69062	-0.01343
6609.76189	-0.01368
6607.83316	-0.01260
6605.90443	-0.01220
6603.97570	-0.01353
6602.04696	-0.01496
6600.11823	-0.01507
6598.18950	-0.01439
6596.26077	-0.01338
6594.33204	-0.01201
6592.40331	-0.01153
6590.47458	-0.01274
6588.54585	-0.01351
6586.61711	-0.01219
6584.68838	-0.01047
6582.75965	-0.01054
6580.83092	-0.01216
6578.90219	-0.01365
6576.97346	-0.01406
6575.04473	-0.01381
6573.11600	-0.01341
6571.18726	-0.01237
6569.25853	-0.01056
6567.32980	-0.00938
6565.40107	-0.00987
6563.47234	-0.01160
6561.54361	-0.01376
6559.61488	-0.01513
6557.68615	-0.01463
6555.75742	-0.01305
6553.82868	-0.01177
6551.89995	-0.01131
6549.97122	-0.01203
6548.04249	-0.01329
6546.11376	-0.01380
6544.18503	-0.01351
6542.25630	-0.01332
6540.32757	-0.01358
6538.39883	-0.01337
6536.47010	-0.01265
6534.54137	-0.01289
6532.61264	-0.01377
6530.68391	-0.01374
6528.75518	-0.01354
6526.82645	-0.01396
6524.89772	-0.01391
6522.96898	-0.01337
6521.04025	-0.01312
6519.11152	-0.01289
6517.18279	-0.01259
6515.25406	-0.01274
6513.32533	-0.01313
6511.39660	-0.01289
6509.46787	-0.01257
6507.53913	-0.01297
6505.61040	-0.01341
6503.68167	-0.01368
6501.75294	-0.01410
6499.82421	-0.01481
6497.89548	-0.01543
6495.96675	-0.01485
6494.03802	-0.01373
6492.10928	-0.01341
6490.18055	-0.01321
6488.25182	-0.01253
6486.32309	-0.01196
6484.39436	-0.01154
6482.46563	-0.01127
6480.53690	-0.01200
6478.60817	-0.01346
6476.67944	-0.01409
6474.75070	-0.01341
6472.82197	-0.01236
6470.89324	-0.01188
6468.96451	-0.01214
6467.03578	-0.01253
6465.10705	-0.01261
6463.17832	-0.01210
6461.24959	-0.01089
6459.32085	-0.01007
6457.39212	-0.01068
6455.46339	-0.01218
6453.53466	-0.01319
6451.60593	-0.01314
6449.67720	-0.01267
6447.74847	-0.01236
6445.81974	-0.01242
6443.89100	-0.01345
6441.96227	-0.01471
6440.03354	-0.01447
6438.10481	-0.01323
6436.17608	-0.01301
6434.24735	-0.01381
6432.31862	-0.01441
6430.38989	-0.01439
6428.46115	-0.01390
6426.53242	-0.01343
6424.60369	-0.01321
6422.67496	-0.01322
6420.74623	-0.01341
6418.81750	-0.01347
6416.88877	-0.01367
6414.96004	-0.01416
6413.03130	-0.01447
6411.10257	-0.01478
6409.17384	-0.01502
6407.24511	-0.01458
6405.31638	-0.01346
6403.38765	-0.01249
6401.45892	-0.01249
6399.53019	-0.01309
6397.60146	-0.01370
6395.67272	-0.01443
6393.74399	-0.01505
6391.81526	-0.01515
6389.88653	-0.01499
6387.95780	-0.01521
6386.02907	-0.01556
6384.10034	-0.01533
6382.17161	-0.01454
6380.24287	-0.01342
6378.31414	-0.01249
6376.38541	-0.01261
6374.45668	-0.01370
6372.52795	-0.01423
6370.59922	-0.01325
6368.67049	-0.01197
6366.74176	-0.01190
6364.81302	-0.01288
6362.88429	-0.01401
6360.95556	-0.01478
6359.02683	-0.01541
6357.09810	-0.01567
6355.16937	-0.01464
6353.24064	-0.01291
6351.31191	-0.01251
6349.38317	-0.01371
6347.45444	-0.01519
6345.52571	-0.01626
6343.59698	-0.01664
6341.66825	-0.01613
6339.73952	-0.01552
6337.81079	-0.01565
6335.88206	-0.01571
6333.95332	-0.01504
6332.02459	-0.01463
6330.09586	-0.01487
6328.16713	-0.01515
6326.23840	-0.01531
6324.30967	-0.01554
6322.38094	-0.01578
6320.45221	-0.01538
6318.52348	-0.01397
6316.59474	-0.01266
6314.66601	-0.01287
6312.73728	-0.01425
6310.80855	-0.01492
6308.87982	-0.01414
6306.95109	-0.01326
6305.02236	-0.01337
6303.09363	-0.01406
6301.16489	-0.01445
6299.23616	-0.01426
6297.30743	-0.01382
6295.37870	-0.01371
6293.44997	-0.01389
6291.52124	-0.01370
6289.59251	-0.01314
6287.66378	-0.01286
6285.73504	-0.01304
6283.80631	-0.01325
6281.87758	-0.01309
6279.94885	-0.01301
6278.02012	-0.01334
6276.09139	-0.01348
6274.16266	-0.01346
6272.23393	-0.01364
6270.30519	-0.01402
6268.37646	-0.01464
6266.44773	-0.01514
6264.51900	-0.01483
6262.59027	-0.01378
6260.66154	-0.01300
6258.73281	-0.01300
6256.80408	-0.01342
6254.87534	-0.01383
6252.94661	-0.01425
6251.01788	-0.01466
6249.08915	-0.01442
6247.16042	-0.01332
6245.23169	-0.01264
6243.30296	-0.01316
6241.37423	-0.01370
6239.44550	-0.01329
6237.51676	-0.01270
6235.58803	-0.01290
6233.65930	-0.01332
6231.73057	-0.01323
6229.80184	-0.01313
6227.87311	-0.01317
6225.94438	-0.01293
6224.01565	-0.01301
6222.08691	-0.01349
6220.15818	-0.01358
6218.22945	-0.01357
6216.30072	-0.01403
6214.37199	-0.01438
6212.44326	-0.01395
6210.51453	-0.01329
6208.58580	-0.01284
6206.65706	-0.01247
6204.72833	-0.01258
6202.79960	-0.01338
6200.87087	-0.01419
6198.94214	-0.01445
6197.01341	-0.01438
6195.08468	-0.01439
6193.15595	-0.01392
6191.22721	-0.01258
6189.29848	-0.01152
6187.36975	-0.01168
6185.44102	-0.01254
6183.51229	-0.01325
6181.58356	-0.01381
6179.65483	-0.01424
6177.72610	-0.01428
6175.79736	-0.01383
6173.86863	-0.01295
6171.93990	-0.01212
6170.01117	-0.01200
6168.08244	-0.01240
6166.15371	-0.01276
6164.22498	-0.01293
6162.29625	-0.01341
6160.36752	-0.01424
6158.43878	-0.01448
6156.51005	-0.01378
6154.58132	-0.01316
6152.65259	-0.01338
6150.72386	-0.01390
6148.79513	-0.01449
6146.86640	-0.01541
6144.93767	-0.01582
6143.00893	-0.01504
6141.08020	-0.01415
6139.15147	-0.01417
6137.22274	-0.01431
6135.29401	-0.01411
6133.36528	-0.01414
6131.43655	-0.01429
6129.50782	-0.01417
6127.57908	-0.01404
6125.65035	-0.01418
6123.72162	-0.01420
6121.79289	-0.01399
6119.86416	-0.01416
6117.93543	-0.01449
6116.00670	-0.01442
6114.07797	-0.01439
6112.14923	-0.01445
6110.22050	-0.01403
6108.29177	-0.01342
6106.36304	-0.01324
6104.43431	-0.01335
6102.50558	-0.01368
6100.57685	-0.01431
6098.64812	-0.01468
6096.71938	-0.01460
6094.79065	-0.01437
6092.86192	-0.01389
6090.93319	-0.01359
6089.00446	-0.01407
6087.07573	-0.01486
6085.14700	-0.01512
6083.21827	-0.01509
6081.28954	-0.01520
6079.36080	-0.01501
6077.43207	-0.01473
6075.50334	-0.01503
6073.57461	-0.01534
6071.64588	-0.01502
6069.71715	-0.01426
6067.78842	-0.01374
6065.85969	-0.01420
6063.93095	-0.01522
6062.00222	-0.01566
6060.07349	-0.01537
6058.14476	-0.01506
6056.21603	-0.01538
6054.28730	-0.01625
6052.35857	-0.01676
6050.42984	-0.01640
6048.50110	-0.01568
6046.57237	-0.01523
6044.64364	-0.01522
6042.71491	-0.01554
6040.78618	-0.01602
6038.85745	-0.01623
6036.92872	-0.01585
6034.99999	-0.01538
6033.07125	-0.01508
6031.14252	-0.01457
6029.21379	-0.01422
6027.28506	-0.01450
6025.35633	-0.01508
6023.42760	-0.01588
6021.49887	-0.01675
6019.57014	-0.01688
6017.64140	-0.01623
6015.71267	-0.01579
6013.78394	-0.01591
6011.85521	-0.01606
6009.92648	-0.01597
6007.99775	-0.01568
6006.06902	-0.01518
6004.14029	-0.01472
6002.21156	-0.01457
6000.28282	-0.01461
5998.35409	-0.01485
5996.42536	-0.01517
5994.49663	-0.01511
5992.56790	-0.01450
5990.63917	-0.01383
5988.71044	-0.01357
5986.78171	-0.01383
5984.85297	-0.01466
5982.92424	-0.01536
5980.99551	-0.01510
5979.06678	-0.01467
5977.13805	-0.01501
5975.20932	-0.01554
5973.28059	-0.01589
5971.35186	-0.01608
5969.42312	-0.01590
5967.49439	-0.01562
5965.56566	-0.01522
5963.63693	-0.01444
5961.70820	-0.01420
5959.77947	-0.01503
5957.85074	-0.01601
5955.92201	-0.01626
5953.99327	-0.01584
5952.06454	-0.01522
5950.13581	-0.01457
5948.20708	-0.01417
5946.27835	-0.01442
5944.34962	-0.01499
5942.42089	-0.01546
5940.49216	-0.01592
5938.56342	-0.01638
5936.63469	-0.01649
5934.70596	-0.01613
5932.77723	-0.01578
5930.84850	-0.01554
5928.91977	-0.01529
5926.99104	-0.01559
5925.06231	-0.01615
5923.13358	-0.01569
5921.20484	-0.01454
5919.27611	-0.01414
5917.34738	-0.01446
5915.41865	-0.01490
5913.48992	-0.01564
5911.56119	-0.01646
5909.63246	-0.01670
5907.70373	-0.01634
5905.77499	-0.01558
5903.84626	-0.01493
5901.91753	-0.01506
5899.98880	-0.01563
5898.06007	-0.01565
5896.13134	-0.01513
5894.20261	-0.01485
5892.27388	-0.01486
5890.34514	-0.01487
5888.41641	-0.01490
5886.48768	-0.01493
5884.55895	-0.01474
5882.63022	-0.01453
5880.70149	-0.01479
5878.77276	-0.01531
5876.84403	-0.01556
5874.91529	-0.01550
5872.98656	-0.01525
5871.05783	-0.01500
5869.12910	-0.01529
5867.20037	-0.01594
5865.27164	-0.01613
5863.34291	-0.01611
5861.41418	-0.01632
5859.48544	-0.01621
5857.55671	-0.01574
5855.62798	-0.01546
5853.69925	-0.01535
5851.77052	-0.01537
5849.84179	-0.01556
5847.91306	-0.01567
5845.98433	-0.01563
5844.05560	-0.01578
5842.12686	-0.01607
5840.19813	-0.01586
5838.26940	-0.01539
5836.34067	-0.01533
5834.41194	-0.01544
5832.48321	-0.01548
5830.55448	-0.01557
5828.62575	-0.01573
5826.69701	-0.01598
5824.76828	-0.01593
5822.83955	-0.01543
5820.91082	-0.01521
5818.98209	-0.01553
5817.05336	-0.01568
5815.12463	-0.01509
5813.19590	-0.01456
5811.26716	-0.01502
5809.33843	-0.01610
5807.40970	-0.01673
5805.48097	-0.01643
5803.55224	-0.01587
5801.62351	-0.01573
5799.69478	-0.01575
5797.76605	-0.01587
5795.83731	-0.01618
5793.90858	-0.01637
5791.97985	-0.01646
5790.05112	-0.01647
5788.12239	-0.01605
5786.19366	-0.01551
5784.26493	-0.01525
5782.33620	-0.01536
5780.40746	-0.01588
5778.47873	-0.01643
5776.55000	-0.01660
5774.62127	-0.01644
5772.69254	-0.01607
5770.76381	-0.01557
5768.83508	-0.01541
5766.90635	-0.01593
5764.97762	-0.01654
5763.04888	-0.01669
5761.12015	-0.01659
5759.19142	-0.01648
5757.26269	-0.01655
5755.33396	-0.01657
5753.40523	-0.01626
5751.47650	-0.01606
5749.54777	-0.01618
5747.61903	-0.01629
5745.69030	-0.01633
5743.76157	-0.01614
5741.83284	-0.01590
5739.90411	-0.01593
5737.97538	-0.01596
5736.04665	-0.01604
5734.11792	-0.01640
5732.18918	-0.01672
5730.26045	-0.01687
5728.33172	-0.01686
5726.40299	-0.01644
5724.47426	-0.01592
5722.54553	-0.01582
5720.61680	-0.01594
5718.68807	-0.01623
5716.75933	-0.01672
5714.83060	-0.01681
5712.90187	-0.01642
5710.97314	-0.01630
5709.04441	-0.01654
5707.11568	-0.01663
5705.18695	-0.01633
5703.25822	-0.01601
5701.32948	-0.01619
5699.40075	-0.01663
5697.47202	-0.01667
5695.54329	-0.01626
5693.61456	-0.01605
5691.68583	-0.01606
5689.75710	-0.01583
5687.82837	-0.01564
5685.89964	-0.01579
5683.97090	-0.01618
5682.04217	-0.01676
5680.11344	-0.01705
5678.18471	-0.01674
5676.25598	-0.01638
5674.32725	-0.01614
5672.39852	-0.01593
5670.46979	-0.01612
5668.54105	-0.01668
5666.61232	-0.01715
5664.68359	-0.01724
5662.75486	-0.01685
5660.82613	-0.01636
5658.89740	-0.01621
5656.96867	-0.01627
5655.03994	-0.01645
5653.11120	-0.01673
5651.18247	-0.01677
5649.25374	-0.01643
5647.32501	-0.01614
5645.39628	-0.01627
5643.46755	-0.01665
5641.53882	-0.01668
5639.61009	-0.01620
5637.68135	-0.01598
5635.75262	-0.01640
5633.82389	-0.01691
5631.89516	-0.01681
5629.96643	-0.01640
5628.03770	-0.01632
5626.10897	-0.01631
5624.18024	-0.01618
5622.25150	-0.01641
5620.32277	-0.01690
5618.39404	-0.01716
5616.46531	-0.01707
5614.53658	-0.01674
5612.60785	-0.01648
5610.67912	-0.01656
5608.75039	-0.01686
5606.82166	-0.01716
5604.89292	-0.01720
5602.96419	-0.01682
5601.03546	-0.01626
5599.10673	-0.01598
5597.17800	-0.01608
5595.24927	-0.01636
5593.32054	-0.01650
5591.39181	-0.01654
5589.46307	-0.01665
5587.53434	-0.01680
5585.60561	-0.01684
5583.67688	-0.01668
5581.74815	-0.01638
5579.81942	-0.01621
5577.89069	-0.01643
5575.96196	-0.01679
5574.03322	-0.01695
5572.10449	-0.01679
5570.17576	-0.01659
5568.24703	-0.01684
5566.31830	-0.01726
5564.38957	-0.01719
5562.46084	-0.01678
5560.53211	-0.01645
5558.60337	-0.01638
5556.67464	-0.01648
5554.74591	-0.01647
5552.81718	-0.01642
5550.88845	-0.01655
5548.95972	-0.01674
5547.03099	-0.01668
5545.10226	-0.01661
5543.17352	-0.01688
5541.24479	-0.01708
5539.31606	-0.01695
5537.38733	-0.01682
5535.45860	-0.01674
5533.52987	-0.01665
5531.60114	-0.01665
5529.67241	-0.01674
5527.74368	-0.01674
5525.81494	-0.01677
5523.88621	-0.01709
5521.95748	-0.01737
5520.02875	-0.01722
5518.10002	-0.01695
5516.17129	-0.01681
5514.24256	-0.01665
5512.31383	-0.01658
5510.38509	-0.01677
5508.45636	-0.01699
5506.52763	-0.01694
5504.59890	-0.01683
5502.67017	-0.01688
5500.74144	-0.01700
5498.81271	-0.01705
5496.88398	-0.01688
5494.95524	-0.01674
5493.02651	-0.01682
5491.09778	-0.01712
5489.16905	-0.01751
5487.24032	-0.01755
5485.31159	-0.01723
5483.38286	-0.01691
5481.45413	-0.01677
5479.52539	-0.01706
5477.59666	-0.01782
5475.66793	-0.01825
5473.73920	-0.01782
5471.81047	-0.01739
5469.88174	-0.01741
5467.95301	-0.01752
5466.02428	-0.01767
5464.09554	-0.01784
5462.16681	-0.01782
5460.23808	-0.01748
5458.30935	-0.01720
5456.38062	-0.01719
5454.45189	-0.01718
5452.52316	-0.01730
5450.59443	-0.01764
5448.66570	-0.01799
5446.73696	-0.01840
5444.80823	-0.01873
5442.87950	-0.01898
5440.95077	-0.01890
5439.02204	-0.01828
5437.09331	-0.01819
5435.16458	-0.01851
5433.23585	-0.01845
5431.30711	-0.01898
5429.37838	-0.01968
5427.44965	-0.01893
5425.52092	-0.01778
5423.59219	-0.01745
5421.66346	-0.01736
5419.73473	-0.01718
5417.80600	-0.01753
5415.87726	-0.01873
5413.94853	-0.01983
5412.01980	-0.01999
5410.09107	-0.01950
5408.16234	-0.01863
5406.23361	-0.01795
5404.30488	-0.01777
5402.37615	-0.01763
5400.44741	-0.01747
5398.51868	-0.01763
5396.58995	-0.01825
5394.66122	-0.01876
5392.73249	-0.01835
5390.80376	-0.01769
5388.87503	-0.01798
5386.94630	-0.01870
5385.01756	-0.01864
5383.08883	-0.01820
5381.16010	-0.01844
5379.23137	-0.01926
5377.30264	-0.01972
5375.37391	-0.01924
5373.44518	-0.01850
5371.51645	-0.01821
5369.58772	-0.01827
5367.65898	-0.01861
5365.73025	-0.01922
5363.80152	-0.01954
5361.87279	-0.01905
5359.94406	-0.01828
5358.01533	-0.01801
5356.08660	-0.01857
5354.15787	-0.01925
5352.22913	-0.01903
5350.30040	-0.01861
5348.37167	-0.01903
5346.44294	-0.02005
5344.51421	-0.02029
5342.58548	-0.01952
5340.65675	-0.01958
5338.72802	-0.02018
5336.79928	-0.01979
5334.87055	-0.01925
5332.94182	-0.01929
5331.01309	-0.01931
5329.08436	-0.01928
5327.15563	-0.01918
5325.22690	-0.01884
5323.29817	-0.01855
5321.36943	-0.01828
5319.44070	-0.01819
5317.51197	-0.01858
5315.58324	-0.01890
5313.65451	-0.01870
5311.72578	-0.01827
5309.79705	-0.01817
5307.86832	-0.01842
5305.93958	-0.01856
5304.01085	-0.01852
5302.08212	-0.01844
5300.15339	-0.01813
5298.22466	-0.01762
5296.29593	-0.01728
5294.36720	-0.01731
5292.43847	-0.01758
5290.50974	-0.01773
5288.58100	-0.01756
5286.65227	-0.01740
5284.72354	-0.01717
5282.79481	-0.01679
5280.86608	-0.01650
5278.93735	-0.01611
5277.00862	-0.01569
5275.07989	-0.01552
5273.15115	-0.01552
5271.22242	-0.01562
5269.29369	-0.01570
5267.36496	-0.01579
5265.43623	-0.01613
5263.50750	-0.01630
5261.57877	-0.01588
5259.65004	-0.01534
5257.72130	-0.01523
5255.79257	-0.01533
5253.86384	-0.01487
5251.93511	-0.01442
5250.00638	-0.01482
5248.07765	-0.01525
5246.14892	-0.01517
5244.22019	-0.01502
5242.29145	-0.01470
5240.36272	-0.01434
5238.43399	-0.01415
5236.50526	-0.01397
5234.57653	-0.01391
5232.64780	-0.01399
5230.71907	-0.01396
5228.79034	-0.01404
5226.86160	-0.01440
5224.93287	-0.01435
5223.00414	-0.01382
5221.07541	-0.01356
5219.14668	-0.01350
5217.21795	-0.01331
5215.28922	-0.01321
5213.36049	-0.01333
5211.43176	-0.01364
5209.50302	-0.01426
5207.57429	-0.01471
5205.64556	-0.01435
5203.71683	-0.01360
5201.78810	-0.01327
5199.85937	-0.01343
5197.93064	-0.01378
5196.00191	-0.01388
5194.07317	-0.01371
5192.14444	-0.01363
5190.21571	-0.01378
5188.28698	-0.01411
5186.35825	-0.01444
5184.42952	-0.01437
5182.50079	-0.01407
5180.57206	-0.01406
5178.64332	-0.01417
5176.71459	-0.01416
5174.78586	-0.01412
5172.85713	-0.01411
5170.92840	-0.01414
5168.99967	-0.01418
5167.07094	-0.01427
5165.14221	-0.01448
5163.21347	-0.01451
5161.28474	-0.01428
5159.35601	-0.01418
5157.42728	-0.01431
5155.49855	-0.01448
5153.56982	-0.01455
5151.64109	-0.01442
5149.71236	-0.01416
5147.78362	-0.01415
5145.85489	-0.01441
5143.92616	-0.01454
5141.99743	-0.01433
5140.06870	-0.01405
5138.13997	-0.01411
5136.21124	-0.01448
5134.28251	-0.01485
5132.35378	-0.01505
5130.42504	-0.01508
5128.49631	-0.01502
5126.56758	-0.01491
5124.63885	-0.01490
5122.71012	-0.01499
5120.78139	-0.01506
5118.85266	-0.01509
5116.92393	-0.01512
5114.99519	-0.01520
5113.06646	-0.01535
5111.13773	-0.01556
5109.20900	-0.01581
5107.28027	-0.01603
5105.35154	-0.01615
5103.42281	-0.01612
5101.49408	-0.01613
5099.56534	-0.01624
5097.63661	-0.01635
5095.70788	-0.01650
5093.77915	-0.01671
5091.85042	-0.01691
5089.92169	-0.01707
5087.99296	-0.01710
5086.06423	-0.01691
5084.13549	-0.01674
5082.20676	-0.01681
5080.27803	-0.01708
5078.34930	-0.01736
5076.42057	-0.01742
5074.49184	-0.01719
5072.56311	-0.01702
5070.63438	-0.01704
5068.70564	-0.01704
5066.77691	-0.01707
5064.84818	-0.01738
5062.91945	-0.01773
5060.99072	-0.01776
5059.06199	-0.01764
5057.13326	-0.01757
5055.20453	-0.01748
5053.27580	-0.01745
5051.34706	-0.01756
5049.41833	-0.01771
5047.48960	-0.01773
5045.56087	-0.01755
5043.63214	-0.01741
5041.70341	-0.01757
5039.77468	-0.01778
5037.84595	-0.01778
5035.91721	-0.01781
5033.98848	-0.01799
5032.05975	-0.01809
5030.13102	-0.01805
5028.20229	-0.01802
5026.27356	-0.01808
5024.34483	-0.01821
5022.41610	-0.01828
5020.48736	-0.01819
5018.55863	-0.01806
5016.62990	-0.01810
5014.70117	-0.01820
5012.77244	-0.01814
5010.84371	-0.01802
5008.91498	-0.01806
5006.98625	-0.01821
5005.05751	-0.01836
5003.12878	-0.01853
5001.20005	-0.01865
4999.27132	-0.01865
4997.34259	-0.01856
4995.41386	-0.01863
4993.48513	-0.01884
4991.55640	-0.01895
4989.62766	-0.01896
4987.69893	-0.01899
4985.77020	-0.01884
4983.84147	-0.01848
4981.91274	-0.01835
4979.98401	-0.01862
4978.05528	-0.01905
4976.12655	-0.01934
4974.19782	-0.01943
4972.26908	-0.01942
4970.34035	-0.01932
4968.41162	-0.01924
4966.48289	-0.01929
4964.55416	-0.01929
4962.62543	-0.01920
4960.69670	-0.01916
4958.76797	-0.01907
4956.83923	-0.01898
4954.91050	-0.01905
4952.98177	-0.01917
4951.05304	-0.01920
4949.12431	-0.01915
4947.19558	-0.01911
4945.26685	-0.01917
4943.33812	-0.01918
4941.40938	-0.01905
4939.48065	-0.01910
4937.55192	-0.01936
4935.62319	-0.01949
4933.69446	-0.01938
4931.76573	-0.01934
4929.83700	-0.01950
4927.90827	-0.01961
4925.97953	-0.01946
4924.05080	-0.01916
4922.12207	-0.01906
4920.19334	-0.01930
4918.26461	-0.01964
4916.33588	-0.01989
4914.40715	-0.01994
4912.47842	-0.01975
4910.54968	-0.01950
4908.62095	-0.01948
4906.69222	-0.01971
4904.76349	-0.01993
4902.83476	-0.01995
4900.90603	-0.01977
4898.97730	-0.01954
4897.04857	-0.01953
4895.11984	-0.01969
4893.19110	-0.01975
4891.26237	-0.01969
4889.33364	-0.01967
4887.40491	-0.01973
4885.47618	-0.01986
4883.54745	-0.01999
4881.61872	-0.02007
4879.68999	-0.02012
4877.76125	-0.02014
4875.83252	-0.02012
4873.90379	-0.02005
4871.97506	-0.01990
4870.04633	-0.01980
4868.11760	-0.01979
4866.18887	-0.01979
4864.26014	-0.01970
4862.33140	-0.01969
4860.40267	-0.01981
4858.47394	-0.01985
4856.54521	-0.01983
4854.61648	-0.01985
4852.68775	-0.01987
4850.75902	-0.01977
4848.83029	-0.01963
4846.90155	-0.01962
4844.97282	-0.01962
4843.04409	-0.01956
4841.11536	-0.01969
4839.18663	-0.02011
4837.25790	-0.02040
4835.32917	-0.02025
4833.40044	-0.01987
4831.47170	-0.01965
4829.54297	-0.01968
4827.61424	-0.01979
4825.68551	-0.01990
4823.75678	-0.01996
4821.82805	-0.01998
4819.89932	-0.02009
4817.97059	-0.02019
4816.04186	-0.02009
4814.11312	-0.01992
4812.18439	-0.01992
4810.25566	-0.02001
4808.32693	-0.02004
4806.39820	-0.02001
4804.46947	-0.01997
4802.54074	-0.02003
4800.61201	-0.02020
4798.68327	-0.02028
4796.75454	-0.02022
4794.82581	-0.02014
4792.89708	-0.02007
4790.96835	-0.01995
4789.03962	-0.01988
4787.11089	-0.01991
4785.18216	-0.01983
4783.25342	-0.01964
4781.32469	-0.01962
4779.39596	-0.01973
4777.46723	-0.01983
4775.53850	-0.02003
4773.60977	-0.02027
4771.68104	-0.02028
4769.75231	-0.02007
4767.82357	-0.01994
4765.89484	-0.02006
4763.96611	-0.02022
4762.03738	-0.02020
4760.10865	-0.02010
4758.17992	-0.02008
4756.25119	-0.02012
4754.32246	-0.02010
4752.39372	-0.02013
4750.46499	-0.02030
4748.53626	-0.02046
4746.60753	-0.02058
4744.67880	-0.02073
4742.75007	-0.02090
4740.82134	-0.02104
4738.89261	-0.02106
4736.96388	-0.02096
4735.03514	-0.02092
4733.10641	-0.02103
4731.17768	-0.02125
4729.24895	-0.02150
4727.32022	-0.02157
4725.39149	-0.02137
4723.46276	-0.02106
4721.53403	-0.02077
4719.60529	-0.02061
4717.67656	-0.02064
4715.74783	-0.02081
4713.81910	-0.02095
4711.89037	-0.02101
4709.96164	-0.02096
4708.03291	-0.02092
4706.10418	-0.02093
4704.17544	-0.02088
4702.24671	-0.02071
4700.31798	-0.02050
4698.38925	-0.02039
4696.46052	-0.02044
4694.53179	-0.02052
4692.60306	-0.02052
4690.67433	-0.02056
4688.74559	-0.02073
4686.81686	-0.02079
4684.88813	-0.02064
4682.95940	-0.02050
4681.03067	-0.02060
4679.10194	-0.02081
4677.17321	-0.02083
4675.24448	-0.02069
4673.31574	-0.02062
4671.38701	-0.02068
4669.45828	-0.02075
4667.52955	-0.02073
4665.60082	-0.02063
4663.67209	-0.02053
4661.74336	-0.02055
4659.81463	-0.02064
4657.88590	-0.02070
4655.95716	-0.02069
4654.02843	-0.02059
4652.09970	-0.02051
4650.17097	-0.02054
4648.24224	-0.02055
4646.31351	-0.02050
4644.38478	-0.02048
4642.45605	-0.02059
4640.52731	-0.02080
4638.59858	-0.02096
4636.66985	-0.02090
4634.74112	-0.02069
4632.81239	-0.02052
4630.88366	-0.02044
4628.95493	-0.02045
4627.02620	-0.02056
4625.09746	-0.02067
4623.16873	-0.02061
4621.24000	-0.02044
4619.31127	-0.02035
4617.38254	-0.02032
4615.45381	-0.02023
4613.52508	-0.02005
4611.59635	-0.01995
4609.66761	-0.02001
4607.73888	-0.02012
4605.81015	-0.02015
4603.88142	-0.02010
4601.95269	-0.02011
4600.02396	-0.02018
4598.09523	-0.02027
4596.16650	-0.02057
4594.23776	-0.02096
4592.30903	-0.02108
4590.38030	-0.02089
4588.45157	-0.02063
4586.52284	-0.02044
4584.59411	-0.02032
4582.66538	-0.02032
4580.73665	-0.02046
4578.80792	-0.02061
4576.87918	-0.02062
4574.95045	-0.02058
4573.02172	-0.02067
4571.09299	-0.02079
4569.16426	-0.02072
4567.23553	-0.02054
4565.30680	-0.02047
4563.37807	-0.02060
4561.44933	-0.02078
4559.52060	-0.02090
4557.59187	-0.02088
4555.66314	-0.02086
4553.73441	-0.02091
4551.80568	-0.02091
4549.87695	-0.02090
4547.94822	-0.02096
4546.01948	-0.02104
4544.09075	-0.02120
4542.16202	-0.02140
4540.23329	-0.02149
4538.30456	-0.02148
4536.37583	-0.02146
4534.44710	-0.02134
4532.51837	-0.02123
4530.58963	-0.02127
4528.66090	-0.02134
4526.73217	-0.02139
4524.80344	-0.02151
4522.87471	-0.02161
4520.94598	-0.02152
4519.01725	-0.02134
4517.08852	-0.02127
4515.15978	-0.02130
4513.23105	-0.02133
4511.30232	-0.02140
4509.37359	-0.02151
4507.44486	-0.02158
4505.51613	-0.02156
4503.58740	-0.02147
4501.65867	-0.02142
4499.72994	-0.02154
4497.80120	-0.02169
4495.87247	-0.02176
4493.94374	-0.02177
4492.01501	-0.02173
4490.08628	-0.02176
4488.15755	-0.02188
4486.22882	-0.02197
4484.30009	-0.02201
4482.37135	-0.02205
4480.44262	-0.02202
4478.51389	-0.02185
4476.58516	-0.02169
4474.65643	-0.02178
4472.72770	-0.02197
4470.79897	-0.02206
4468.87024	-0.02209
4466.94150	-0.02204
4465.01277	-0.02196
4463.08404	-0.02202
4461.15531	-0.02222
4459.22658	-0.02233
4457.29785	-0.02221
4455.36912	-0.02202
4453.44039	-0.02194
4451.51165	-0.02189
4449.58292	-0.02185
4447.65419	-0.02188
4445.72546	-0.02185
4443.79673	-0.02169
4441.86800	-0.02157
4439.93927	-0.02159
4438.01054	-0.02159
4436.08180	-0.02151
4434.15307	-0.02149
4432.22434	-0.02163
4430.29561	-0.02169
4428.36688	-0.02157
4426.43815	-0.02147
4424.50942	-0.02153
4422.58069	-0.02165
4420.65196	-0.02175
4418.72322	-0.02175
4416.79449	-0.02162
4414.86576	-0.02148
4412.93703	-0.02138
4411.00830	-0.02125
4409.07957	-0.02114
4407.15084	-0.02113
4405.22211	-0.02115
4403.29337	-0.02123
4401.36464	-0.02139
4399.43591	-0.02141
4397.50718	-0.02130
4395.57845	-0.02125
4393.64972	-0.02120
4391.72099	-0.02106
4389.79226	-0.02105
4387.86352	-0.02127
4385.93479	-0.02152
4384.00606	-0.02152
4382.07733	-0.02125
4380.14860	-0.02101
4378.21987	-0.02096
4376.29114	-0.02104
4374.36241	-0.02119
4372.43367	-0.02122
4370.50494	-0.02115
4368.57621	-0.02114
4366.64748	-0.02118
4364.71875	-0.02121
4362.79002	-0.02124
4360.86129	-0.02124
4358.93256	-0.02118
4357.00382	-0.02113
4355.07509	-0.02114
4353.14636	-0.02125
4351.21763	-0.02138
4349.28890	-0.02139
4347.36017	-0.02135
4345.43144	-0.02130
4343.50271	-0.02117
4341.57398	-0.02114
4339.64524	-0.02131
4337.71651	-0.02138
4335.78778	-0.02115
4333.85905	-0.02090
4331.93032	-0.02096
4330.00159	-0.02125
4328.07286	-0.02149
4326.14413	-0.02158
4324.21539	-0.02163
4322.28666	-0.02169
4320.35793	-0.02182
4318.42920	-0.02198
4316.50047	-0.02213
4314.57174	-0.02222
4312.64301	-0.02225
4310.71428	-0.02223
4308.78554	-0.02224
4306.85681	-0.02235
4304.92808	-0.02250
4302.99935	-0.02264
4301.07062	-0.02275
4299.14189	-0.02276
4297.21316	-0.02267
4295.28443	-0.02251
4293.35569	-0.02238
4291.42696	-0.02237
4289.49823	-0.02244
4287.56950	-0.02254
4285.64077	-0.02263
4283.71204	-0.02266
4281.78331	-0.02267
4279.85458	-0.02267
4277.92584	-0.02262
4275.99711	-0.02253
4274.06838	-0.02246
4272.13965	-0.02244
4270.21092	-0.02253
4268.28219	-0.02270
4266.35346	-0.02277
4264.42473	-0.02268
4262.49600	-0.02257
4260.56726	-0.02250
4258.63853	-0.02246
4256.70980	-0.02248
4254.78107	-0.02258
4252.85234	-0.02273
4250.92361	-0.02290
4248.99488	-0.02301
4247.06615	-0.02305
4245.13741	-0.02305
4243.20868	-0.02299
4241.27995	-0.02293
4239.35122	-0.02293
4237.42249	-0.02301
4235.49376	-0.02310
4233.56503	-0.02311
4231.63630	-0.02311
4229.70756	-0.02320
4227.77883	-0.02324
4225.85010	-0.02309
4223.92137	-0.02293
4221.99264	-0.02290
4220.06391	-0.02294
4218.13518	-0.02299
4216.20645	-0.02302
4214.27771	-0.02302
4212.34898	-0.02304
4210.42025	-0.02310
4208.49152	-0.02308
4206.56279	-0.02304
4204.63406	-0.02300
4202.70533	-0.02286
4200.77660	-0.02271
4198.84786	-0.02275
4196.91913	-0.02292
4194.99040	-0.02312
4193.06167	-0.02329
4191.13294	-0.02337
4189.20421	-0.02333
4187.27548	-0.02322
4185.34675	-0.02313
4183.41802	-0.02315
4181.48928	-0.02318
4179.56055	-0.02319
4177.63182	-0.02326
4175.70309	-0.02337
4173.77436	-0.02339
4171.84563	-0.02329
4169.91690	-0.02325
4167.98817	-0.02335
4166.05943	-0.02353
4164.13070	-0.02363
4162.20197	-0.02365
4160.27324	-0.02368
4158.34451	-0.02375
4156.41578	-0.02380
4154.48705	-0.02386
4152.55832	-0.02385
4150.62958	-0.02368
4148.70085	-0.02349
4146.77212	-0.02350
4144.84339	-0.02365
4142.91466	-0.02383
4140.98593	-0.02398
4139.05720	-0.02403
4137.12847	-0.02402
4135.19973	-0.02394
4133.27100	-0.02380
4131.34227	-0.02371
4129.41354	-0.02371
4127.48481	-0.02373
4125.55608	-0.02376
4123.62735	-0.02382
4121.69862	-0.02384
4119.76988	-0.02375
4117.84115	-0.02367
4115.91242	-0.02377
4113.98369	-0.02389
4112.05496	-0.02385
4110.12623	-0.02383
4108.19750	-0.02403
4106.26877	-0.02426
4104.34004	-0.02419
4102.41130	-0.02388
4100.48257	-0.02364
4098.55384	-0.02356
4096.62511	-0.02353
4094.69638	-0.02353
4092.76765	-0.02350
4090.83892	-0.02340
4088.91019	-0.02333
4086.98145	-0.02335
4085.05272	-0.02350
4083.12399	-0.02367
4081.19526	-0.02370
4079.26653	-0.02365
4077.33780	-0.02363
4075.40907	-0.02356
4073.48034	-0.02341
4071.55160	-0.02328
4069.62287	-0.02327
4067.69414	-0.02334
4065.76541	-0.02340
4063.83668	-0.02342
4061.90795	-0.02339
4059.97922	-0.02327
4058.05049	-0.02310
4056.12175	-0.02302
4054.19302	-0.02302
4052.26429	-0.02305
4050.33556	-0.02306
4048.40683	-0.02319
4046.47810	-0.02350
4044.54937	-0.02363
4042.62064	-0.02333
4040.69190	-0.02301
4038.76317	-0.02291
4036.83444	-0.02288
4034.90571	-0.02289
4032.97698	-0.02298
4031.04825	-0.02307
4029.11952	-0.02320
4027.19079	-0.02345
4025.26206	-0.02356
4023.33332	-0.02340
4021.40459	-0.02326
4019.47586	-0.02328
4017.54713	-0.02330
4015.61840	-0.02330
4013.68967	-0.02340
4011.76094	-0.02367
4009.83221	-0.02399
4007.90347	-0.02396
4005.97474	-0.02358
4004.04601	-0.02331
4002.11728	-0.02336
4000.18855	-0.02348
3998.25982	-0.02357
3996.33109	-0.02352
3994.40236	-0.02349
3992.47362	-0.02356
3990.54489	-0.02368
3988.61616	-0.02376
3986.68743	-0.02388
3984.75870	-0.02402
3982.82997	-0.02406
3980.90124	-0.02398
3978.97251	-0.02386
3977.04377	-0.02384
3975.11504	-0.02394
3973.18631	-0.02407
3971.25758	-0.02413
3969.32885	-0.02416
3967.40012	-0.02419
3965.47139	-0.02427
3963.54266	-0.02442
3961.61392	-0.02456
3959.68519	-0.02463
3957.75646	-0.02472
3955.82773	-0.02478
3953.89900	-0.02475
3951.97027	-0.02473
3950.04154	-0.02489
3948.11281	-0.02511
3946.18408	-0.02523
3944.25534	-0.02534
3942.32661	-0.02539
3940.39788	-0.02538
3938.46915	-0.02544
3936.54042	-0.02562
3934.61169	-0.02608
3932.68296	-0.02649
3930.75423	-0.02635
3928.82549	-0.02609
3926.89676	-0.02616
3924.96803	-0.02626
3923.03930	-0.02621
3921.11057	-0.02640
3919.18184	-0.02695
3917.25311	-0.02735
3915.32438	-0.02735
3913.39564	-0.02730
3911.46691	-0.02730
3909.53818	-0.02721
3907.60945	-0.02728
3905.68072	-0.02774
3903.75199	-0.02820
3901.82326	-0.02837
3899.89453	-0.02832
3897.96579	-0.02813
3896.03706	-0.02817
3894.10833	-0.02862
3892.17960	-0.02897
3890.25087	-0.02878
3888.32214	-0.02901
3886.39341	-0.02971
3884.46468	-0.02962
3882.53594	-0.02952
3880.60721	-0.02977
3878.67848	-0.02964
3876.74975	-0.02974
3874.82102	-0.03008
3872.89229	-0.03027
3870.96356	-0.03054
3869.03483	-0.03031
3867.10610	-0.03018
3865.17736	-0.03077
3863.24863	-0.03102
3861.31990	-0.03083
3859.39117	-0.03044
3857.46244	-0.03026
3855.53371	-0.03091
3853.60498	-0.03120
3851.67625	-0.03047
3849.74751	-0.03060
3847.81878	-0.03150
3845.89005	-0.03200
3843.96132	-0.03189
3842.03259	-0.03159
3840.10386	-0.03177
3838.17513	-0.03200
3836.24640	-0.03163
3834.31766	-0.03154
3832.38893	-0.03197
3830.46020	-0.03214
3828.53147	-0.03211
3826.60274	-0.03191
3824.67401	-0.03170
3822.74528	-0.03192
3820.81655	-0.03161
3818.88781	-0.03121
3816.95908	-0.03188
3815.03035	-0.03192
3813.10162	-0.03120
3811.17289	-0.03108
3809.24416	-0.03141
3807.31543	-0.03130
3805.38670	-0.03060
3803.45796	-0.03085
3801.52923	-0.03127
3799.60050	-0.03059
3797.67177	-0.03033
3795.74304	-0.03050
3793.81431	-0.03036
3791.88558	-0.03032
3789.95685	-0.03029
3788.02812	-0.03012
3786.09938	-0.02988
3784.17065	-0.02960
3782.24192	-0.02954
3780.31319	-0.02968
3778.38446	-0.02944
3776.45573	-0.02900
3774.52700	-0.02888
3772.59827	-0.02912
3770.66953	-0.02939
3768.74080	-0.02928
3766.81207	-0.02915
3764.88334	-0.02909
3762.95461	-0.02910
3761.02588	-0.02946
3759.09715	-0.02948
3757.16842	-0.02890
3755.23968	-0.02855
3753.31095	-0.02888
3751.38222	-0.02891
3749.45349	-0.02786
3747.52476	-0.02744
3745.59603	-0.02839
3743.66730	-0.02779
3741.73857	-0.02596
3739.80983	-0.02552
3737.88110	-0.02583
3735.95237	-0.02547
3734.02364	-0.02444
3732.09491	-0.02334
3730.16618	-0.02242
3728.23745	-0.02207
3726.30872	-0.02165
3724.37998	-0.02045
3722.45125	-0.01906
3720.52252	-0.01766
3718.59379	-0.01611
3716.66506	-0.01457
3714.73633	-0.01345
3712.80760	-0.01246
3710.87887	-0.01069
3708.95014	-0.00852
3707.02140	-0.00671
3705.09267	-0.00523
3703.16394	-0.00366
3701.23521	-0.00153
3699.30648	0.00076
3697.37775	0.00275
3695.44902	0.00483
3693.52029	0.00698
3691.59155	0.00890
3689.66282	0.01100
3687.73409	0.01387
3685.80536	0.01678
3683.87663	0.01912
3681.94790	0.02166
3680.01917	0.02471
3678.09044	0.02756
3676.16170	0.03080
3674.23297	0.03510
3672.30424	0.03836
3670.37551	0.04081
3668.44678	0.04444
3666.51805	0.04788
3664.58932	0.05053
3662.66059	0.05339
3660.73185	0.05645
3658.80312	0.05918
3656.87439	0.06206
3654.94566	0.06567
3653.01693	0.06856
3651.08820	0.07030
3649.15947	0.07273
3647.23074	0.07613
3645.30200	0.07900
3643.37327	0.08105
3641.44454	0.08311
3639.51581	0.08555
3637.58708	0.08807
3635.65835	0.09048
3633.72962	0.09283
3631.80089	0.09468
3629.87216	0.09627
3627.94342	0.09901
3626.01469	0.10178
3624.08596	0.10329
3622.15723	0.10438
3620.22850	0.10586
3618.29977	0.10785
3616.37104	0.10953
3614.44231	0.11065
3612.51357	0.11187
3610.58484	0.11317
3608.65611	0.11463
3606.72738	0.11653
3604.79865	0.11827
3602.86992	0.11956
3600.94119	0.12089
3599.01246	0.12237
3597.08372	0.12365
3595.15499	0.12486
3593.22626	0.12629
3591.29753	0.12752
3589.36880	0.12839
3587.44007	0.12973
3585.51134	0.13151
3583.58261	0.13284
3581.65387	0.13382
3579.72514	0.13489
3577.79641	0.13604
3575.86768	0.13722
3573.93895	0.13848
3572.01022	0.13959
3570.08149	0.14019
3568.15276	0.14071
3566.22402	0.14203
3564.29529	0.14356
3562.36656	0.14454
3560.43783	0.14538
3558.50910	0.14639
3556.58037	0.14737
3554.65164	0.14825
3552.72291	0.14925
3550.79418	0.15029
3548.86544	0.15096
3546.93671	0.15150
3545.00798	0.15247
3543.07925	0.15359
3541.15052	0.15439
3539.22179	0.15497
3537.29306	0.15559
3535.36433	0.15635
3533.43559	0.15711
3531.50686	0.15779
3529.57813	0.15851
3527.64940	0.15926
3525.72067	0.15999
3523.79194	0.16071
3521.86321	0.16150
3519.93448	0.16228
3518.00574	0.16293
3516.07701	0.16342
3514.14828	0.16381
3512.21955	0.16425
3510.29082	0.16482
3508.36209	0.16551
3506.43336	0.16610
3504.50463	0.16658
3502.57589	0.16723
3500.64716	0.16792
3498.71843	0.16844
3496.78970	0.16896
3494.86097	0.16958
3492.93224	0.17021
3491.00351	0.17074
3489.07478	0.17116
3487.14604	0.17155
3485.21731	0.17206
3483.28858	0.17267
3481.35985	0.17330
3479.43112	0.17381
3477.50239	0.17422
3475.57366	0.17468
3473.64493	0.17506
3471.71620	0.17528
3469.78746	0.17564
3467.85873	0.17628
3465.93000	0.17689
3464.00127	0.17728
3462.07254	0.17750
3460.14381	0.17774
3458.21508	0.17811
3456.28635	0.17862
3454.35761	0.17912
3452.42888	0.17948
3450.50015	0.17976
3448.57142	0.18013
3446.64269	0.18062
3444.71396	0.18105
3442.78523	0.18124
3440.85650	0.18138
3438.92776	0.18164
3436.99903	0.18204
3435.07030	0.18241
3433.14157	0.18262
3431.21284	0.18280
3429.28411	0.18313
3427.35538	0.18354
3425.42665	0.18388
3423.49791	0.18407
3421.56918	0.18425
3419.64045	0.18465
3417.71172	0.18516
3415.78299	0.18558
3413.85426	0.18596
3411.92553	0.18631
3409.99680	0.18653
3408.06806	0.18659
3406.13933	0.18668
3404.21060	0.18693
3402.28187	0.18722
3400.35314	0.18730
3398.42441	0.18684
3396.49568	0.18712
3394.56695	0.18749
3392.63822	0.18781
3390.70948	0.18823
3388.78075	0.18858
3386.85202	0.18876
3384.92329	0.18899
3382.99456	0.18926
3381.06583	0.18947
3379.13710	0.18966
3377.20837	0.18988
3375.27963	0.19000
3373.35090	0.19011
3371.42217	0.19033
3369.49344	0.19052
3367.56471	0.19054
3365.63598	0.19050
3363.70725	0.19051
3361.77852	0.19065
3359.84978	0.19094
3357.92105	0.19119
3355.99232	0.19137
3354.06359	0.19148
3352.13486	0.19147
3350.20613	0.19143
3348.27740	0.19143
3346.34867	0.19142
3344.41993	0.19148
3342.49120	0.19163
3340.56247	0.19175
3338.63374	0.19175
3336.70501	0.19168
3334.77628	0.19169
3332.84755	0.19178
3330.91882	0.19178
3328.99008	0.19168
3327.06135	0.19166
3325.13262	0.19164
3323.20389	0.19152
3321.27516	0.19139
3319.34643	0.19133
3317.41770	0.19122
3315.48897	0.19102
3313.56024	0.19088
3311.63150	0.19084
3309.70277	0.19079
3307.77404	0.19080
3305.84531	0.19096
3303.91658	0.19111
3301.98785	0.19100
3300.05912	0.19063
3298.13039	0.19025
3296.20165	0.19004
3294.27292	0.18987
3292.34419	0.18962
3290.41546	0.18935
3288.48673	0.18916
3286.55800	0.18906
3284.62927	0.18892
3282.70054	0.18864
3280.77180	0.18824
3278.84307	0.18778
3276.91434	0.18735
3274.98561	0.18704
3273.05688	0.18685
3271.12815	0.18656
3269.19942	0.18610
3267.27069	0.18561
3265.34195	0.18524
3263.41322	0.18502
3261.48449	0.18475
3259.55576	0.18429
3257.62703	0.18377
3255.69830	0.18329
3253.76957	0.18282
3251.84084	0.18235
3249.91210	0.18189
3247.98337	0.18140
3246.05464	0.18080
3244.12591	0.18031
3242.19718	0.18004
3240.26845	0.17982
3238.33972	0.17946
3236.41099	0.17893
3234.48226	0.17830
3232.55352	0.17772
3230.62479	0.17724
3228.69606	0.17680
3226.76733	0.17634
3224.83860	0.17578
3222.90987	0.17514
3220.98114	0.17464
3219.05241	0.17432
3217.12367	0.17389
3215.19494	0.17328
3213.26621	0.17274
3211.33748	0.17229
3209.40875	0.17185
3207.48002	0.17142
3205.55129	0.17097
3203.62256	0.17037
3201.69382	0.16967
3199.76509	0.16899
3197.83636	0.16836
3195.90763	0.16777
3193.97890	0.16727
3192.05017	0.16679
3190.12144	0.16621
3188.19271	0.16549
3186.26397	0.16469
3184.33524	0.16401
3182.40651	0.16348
3180.47778	0.16291
3178.54905	0.16219
3176.62032	0.16148
3174.69159	0.16084
3172.76286	0.16031
3170.83412	0.15982
3168.90539	0.15920
3166.97666	0.15845
3165.04793	0.15770
3163.11920	0.15700
3161.19047	0.15634
3159.26174	0.15576
3157.33301	0.15524
3155.40428	0.15465
3153.47554	0.15398
3151.54681	0.15327
3149.61808	0.15257
3147.68935	0.15196
3145.76062	0.15140
3143.83189	0.15083
3141.90316	0.15023
3139.97443	0.14965
3138.04569	0.14904
3136.11696	0.14830
3134.18823	0.14748
3132.25950	0.14671
3130.33077	0.14605
3128.40204	0.14542
3126.47331	0.14480
3124.54458	0.14414
3122.61584	0.14351
3120.68711	0.14302
3118.75838	0.14257
3116.82965	0.14206
3114.90092	0.14150
3112.97219	0.14089
3111.04346	0.14023
3109.11473	0.13964
3107.18599	0.13917
3105.25726	0.13870
3103.32853	0.13812
3101.39980	0.13751
3099.47107	0.13698
3097.54234	0.13638
3095.61361	0.13572
3093.68488	0.13522
3091.75614	0.13483
3089.82741	0.13431
3087.89868	0.13371
3085.96995	0.13317
3084.04122	0.13267
3082.11249	0.13209
3080.18376	0.13143
3078.25503	0.13071
3076.32630	0.12997
3074.39756	0.12931
3072.46883	0.12874
3070.54010	0.12816
3068.61137	0.12750
3066.68264	0.12679
3064.75391	0.12609
3062.82518	0.12542
3060.89645	0.12473
3058.96771	0.12399
3057.03898	0.12325
3055.11025	0.12261
3053.18152	0.12208
3051.25279	0.12144
3049.32406	0.12062
3047.39533	0.11978
3045.46660	0.11899
3043.53786	0.11821
3041.60913	0.11747
3039.68040	0.11683
3037.75167	0.11617
3035.82294	0.11545
3033.89421	0.11469
3031.96548	0.11393
3030.03675	0.11325
3028.10801	0.11261
3026.17928	0.11195
3024.25055	0.11128
3022.32182	0.11064
3020.39309	0.11004
3018.46436	0.10947
3016.53563	0.10890
3014.60690	0.10829
3012.67816	0.10766
3010.74943	0.10705
3008.82070	0.10651
3006.89197	0.10600
3004.96324	0.10551
3003.03451	0.10511
3001.10578	0.10479
2999.17705	0.10450
2997.24832	0.10413
2995.31958	0.10381
2993.39085	0.10359
2991.46212	0.10335
2989.53339	0.10308
2987.60466	0.10289
2985.67593	0.10286
2983.74720	0.10291
2981.81847	0.10297
2979.88973	0.10300
2977.96100	0.10296
2976.03227	0.10289
2974.10354	0.10282
2972.17481	0.10273
2970.24608	0.10261
2968.31735	0.10251
2966.38862	0.10249
2964.45988	0.10255
2962.53115	0.10261
2960.60242	0.10262
2958.67369	0.10266
2956.74496	0.10283
2954.81623	0.10309
2952.88750	0.10329
2950.95877	0.10340
2949.03003	0.10353
2947.10130	0.10371
2945.17257	0.10392
2943.24384	0.10421
2941.31511	0.10464
2939.38638	0.10505
2937.45765	0.10538
2935.52892	0.10574
2933.60018	0.10614
2931.67145	0.10643
2929.74272	0.10655
2927.81399	0.10650
2925.88526	0.10633
2923.95653	0.10603
2922.02780	0.10554
2920.09907	0.10488
2918.17034	0.10390
2916.24160	0.10236
2914.31287	0.10019
2912.38414	0.09770
2910.45541	0.09531
2908.52668	0.09327
2906.59795	0.09165
2904.66922	0.09028
2902.74049	0.08898
2900.81175	0.08776
2898.88302	0.08668
2896.95429	0.08570
2895.02556	0.08474
2893.09683	0.08369
2891.16810	0.08252
2889.23937	0.08141
2887.31064	0.08051
2885.38190	0.07970
2883.45317	0.07884
2881.52444	0.07793
2879.59571	0.07710
2877.66698	0.07647
2875.73825	0.07598
2873.80952	0.07551
2871.88079	0.07492
2869.95205	0.07416
2868.02332	0.07338
2866.09459	0.07283
2864.16586	0.07254
2862.23713	0.07242
2860.30840	0.07245
2858.37967	0.07267
2856.45094	0.07321
2854.52220	0.07405
2852.59347	0.07468
2850.66474	0.07432
2848.73601	0.07241
2846.80728	0.06930
2844.87855	0.06594
2842.94982	0.06301
2841.02109	0.06066
2839.09236	0.05877
2837.16362	0.05714
2835.23489	0.05563
2833.30616	0.05419
2831.37743	0.05292
2829.44870	0.05188
2827.51997	0.05093
2825.59124	0.05001
2823.66251	0.04917
2821.73377	0.04838
2819.80504	0.04760
2817.87631	0.04677
2815.94758	0.04590
2814.01885	0.04509
2812.09012	0.04435
2810.16139	0.04362
2808.23266	0.04286
2806.30392	0.04210
2804.37519	0.04137
2802.44646	0.04069
2800.51773	0.04007
2798.58900	0.03947
2796.66027	0.03886
2794.73154	0.03822
2792.80281	0.03759
2790.87407	0.03701
2788.94534	0.03639
2787.01661	0.03571
2785.08788	0.03510
2783.15915	0.03455
2781.23042	0.03397
2779.30169	0.03335
2777.37296	0.03274
2775.44422	0.03217
2773.51549	0.03162
2771.58676	0.03105
2769.65803	0.03045
2767.72930	0.02986
2765.80057	0.02930
2763.87184	0.02877
2761.94311	0.02822
2760.01438	0.02763
2758.08564	0.02706
2756.15691	0.02658
2754.22818	0.02611
2752.29945	0.02560
2750.37072	0.02511
2748.44199	0.02463
2746.51326	0.02415
2744.58453	0.02367
2742.65579	0.02316
2740.72706	0.02257
2738.79833	0.02199
2736.86960	0.02145
2734.94087	0.02092
2733.01214	0.02037
2731.08341	0.01982
2729.15468	0.01933
2727.22594	0.01887
2725.29721	0.01840
2723.36848	0.01794
2721.43975	0.01745
2719.51102	0.01691
2717.58229	0.01635
2715.65356	0.01579
2713.72483	0.01530
2711.79609	0.01485
2709.86736	0.01441
2707.93863	0.01399
2706.00990	0.01356
2704.08117	0.01306
2702.15244	0.01256
2700.22371	0.01213
2698.29498	0.01173
2696.36624	0.01128
2694.43751	0.01078
2692.50878	0.01031
2690.58005	0.00989
2688.65132	0.00947
2686.72259	0.00907
2684.79386	0.00873
2682.86513	0.00839
2680.93640	0.00796
2679.00766	0.00753
2677.07893	0.00714
2675.15020	0.00672
2673.22147	0.00629
2671.29274	0.00586
2669.36401	0.00540
2667.43528	0.00493
2665.50655	0.00450
2663.57781	0.00410
2661.64908	0.00368
2659.72035	0.00325
2657.79162	0.00286
2655.86289	0.00251
2653.93416	0.00218
2652.00543	0.00181
2650.07670	0.00138
2648.14796	0.00095
2646.21923	0.00061
2644.29050	0.00030
2642.36177	-0.00003
2640.43304	-0.00038
2638.50431	-0.00073
2636.57558	-0.00109
2634.64685	-0.00142
2632.71811	-0.00172
2630.78938	-0.00200
2628.86065	-0.00234
2626.93192	-0.00275
2625.00319	-0.00321
2623.07446	-0.00364
2621.14573	-0.00400
2619.21700	-0.00431
2617.28826	-0.00461
2615.35953	-0.00493
2613.43080	-0.00526
2611.50207	-0.00557
2609.57334	-0.00590
2607.64461	-0.00630
2605.71588	-0.00670
2603.78715	-0.00705
2601.85842	-0.00736
2599.92968	-0.00766
2598.00095	-0.00793
2596.07222	-0.00818
2594.14349	-0.00848
2592.21476	-0.00886
2590.28603	-0.00925
2588.35730	-0.00958
2586.42857	-0.00986
2584.49983	-0.01015
2582.57110	-0.01047
2580.64237	-0.01076
2578.71364	-0.01102
2576.78491	-0.01130
2574.85618	-0.01158
2572.92745	-0.01186
2570.99872	-0.01213
2569.06998	-0.01242
2567.14125	-0.01272
2565.21252	-0.01301
2563.28379	-0.01325
2561.35506	-0.01345
2559.42633	-0.01369
2557.49760	-0.01396
2555.56887	-0.01423
2553.64013	-0.01447
2551.71140	-0.01470
2549.78267	-0.01495
2547.85394	-0.01522
2545.92521	-0.01542
2543.99648	-0.01559
2542.06775	-0.01578
2540.13902	-0.01596
2538.21028	-0.01613
2536.28155	-0.01632
2534.35282	-0.01656
2532.42409	-0.01682
2530.49536	-0.01707
2528.56663	-0.01727
2526.63790	-0.01739
2524.70917	-0.01753
2522.78044	-0.01771
2520.85170	-0.01791
2518.92297	-0.01813
2516.99424	-0.01835
2515.06551	-0.01855
2513.13678	-0.01875
2511.20805	-0.01893
2509.27932	-0.01909
2507.35059	-0.01929
2505.42185	-0.01957
2503.49312	-0.01983
2501.56439	-0.02001
2499.63566	-0.02015
2497.70693	-0.02027
2495.77820	-0.02043
2493.84947	-0.02065
2491.92074	-0.02091
2489.99200	-0.02119
2488.06327	-0.02142
2486.13454	-0.02160
2484.20581	-0.02175
2482.27708	-0.02191
2480.34835	-0.02210
2478.41962	-0.02236
2476.49089	-0.02260
2474.56215	-0.02278
2472.63342	-0.02295
2470.70469	-0.02315
2468.77596	-0.02334
2466.84723	-0.02355
2464.91850	-0.02380
2462.98977	-0.02404
2461.06104	-0.02424
2459.13230	-0.02436
2457.20357	-0.02450
2455.27484	-0.02471
2453.34611	-0.02492
2451.41738	-0.02513
2449.48865	-0.02537
2447.55992	-0.02562
2445.63119	-0.02586
2443.70246	-0.02606
2441.77372	-0.02623
2439.84499	-0.02634
2437.91626	-0.02648
2435.98753	-0.02659
2434.05880	-0.02669
2432.13007	-0.02684
2430.20134	-0.02699
2428.27261	-0.02711
2426.34387	-0.02720
2424.41514	-0.02732
2422.48641	-0.02748
2420.55768	-0.02765
2418.62895	-0.02777
2416.70022	-0.02785
2414.77149	-0.02797
2412.84276	-0.02818
2410.91402	-0.02836
2408.98529	-0.02844
2407.05656	-0.02848
2405.12783	-0.02858
2403.19910	-0.02868
2401.27037	-0.02877
2399.34164	-0.02891
2397.41291	-0.02908
2395.48417	-0.02921
2393.55544	-0.02929
2391.62671	-0.02938
2389.69798	-0.02951
2387.76925	-0.02964
2385.84052	-0.02970
2383.91179	-0.02967
2381.98306	-0.02957
2380.05432	-0.02949
2378.12559	-0.02948
2376.19686	-0.02951
2374.26813	-0.02955
2372.33940	-0.02953
2370.41067	-0.02949
2368.48194	-0.02945
2366.55321	-0.02943
2364.62448	-0.02948
2362.69574	-0.02960
2360.76701	-0.02974
2358.83828	-0.02998
2356.90955	-0.03025
2354.98082	-0.03042
2353.05209	-0.03047
2351.12336	-0.03042
2349.19463	-0.03049
2347.26589	-0.03077
2345.33716	-0.03098
2343.40843	-0.03093
2341.47970	-0.03076
2339.55097	-0.03058
2337.62224	-0.03058
2335.69351	-0.03080
2333.76478	-0.03102
2331.83604	-0.03114
2329.90731	-0.03122
2327.97858	-0.03136
2326.04985	-0.03152
2324.12112	-0.03164
2322.19239	-0.03168
2320.26366	-0.03168
2318.33493	-0.03167
2316.40619	-0.03174
2314.47746	-0.03188
2312.54873	-0.03197
2310.62000	-0.03199
2308.69127	-0.03200
2306.76254	-0.03201
2304.83381	-0.03204
2302.90508	-0.03210
2300.97634	-0.03218
2299.04761	-0.03221
2297.11888	-0.03223
2295.19015	-0.03226
2293.26142	-0.03229
2291.33269	-0.03232
2289.40396	-0.03237
2287.47523	-0.03238
2285.54650	-0.03228
2283.61776	-0.03216
2281.68903	-0.03210
2279.76030	-0.03209
2277.83157	-0.03209
2275.90284	-0.03207
2273.97411	-0.03209
2272.04538	-0.03214
2270.11665	-0.03216
2268.18791	-0.03215
2266.25918	-0.03211
2264.33045	-0.03208
2262.40172	-0.03207
2260.47299	-0.03205
2258.54426	-0.03203
2256.61553	-0.03202
2254.68680	-0.03201
2252.75806	-0.03198
2250.82933	-0.03196
2248.90060	-0.03202
2246.97187	-0.03202
2245.04314	-0.03204
2243.11441	-0.03201
2241.18568	-0.03196
2239.25695	-0.03191
2237.32821	-0.03182
2235.39948	-0.03171
2233.47075	-0.03165
2231.54202	-0.03166
2229.61329	-0.03164
2227.68456	-0.03158
2225.75583	-0.03152
2223.82710	-0.03148
2221.89836	-0.03144
2219.96963	-0.03150
2218.04090	-0.03156
2216.11217	-0.03164
2214.18344	-0.03175
2212.25471	-0.03183
2210.32598	-0.03188
2208.39725	-0.03192
2206.46852	-0.03198
2204.53978	-0.03204
2202.61105	-0.03207
2200.68232	-0.03213
2198.75359	-0.03220
2196.82486	-0.03222
2194.89613	-0.03227
2192.96740	-0.03235
2191.03867	-0.03241
2189.10993	-0.03245
2187.18120	-0.03248
2185.25247	-0.03251
2183.32374	-0.03257
2181.39501	-0.03262
2179.46628	-0.03263
2177.53755	-0.03260
2175.60882	-0.03259
2173.68008	-0.03265
2171.75135	-0.03273
2169.82262	-0.03276
2167.89389	-0.03279
2165.96516	-0.03283
2164.03643	-0.03285
2162.10770	-0.03283
2160.17897	-0.03282
2158.25023	-0.03282
2156.32150	-0.03282
2154.39277	-0.03282
2152.46404	-0.03284
2150.53531	-0.03288
2148.60658	-0.03297
2146.67785	-0.03309
2144.74912	-0.03318
2142.82038	-0.03319
2140.89165	-0.03318
2138.96292	-0.03322
2137.03419	-0.03331
2135.10546	-0.03339
2133.17673	-0.03346
2131.24800	-0.03353
2129.31927	-0.03354
2127.39054	-0.03352
2125.46180	-0.03355
2123.53307	-0.03365
2121.60434	-0.03375
2119.67561	-0.03385
2117.74688	-0.03394
2115.81815	-0.03401
2113.88942	-0.03401
2111.96069	-0.03398
2110.03195	-0.03400
2108.10322	-0.03403
2106.17449	-0.03402
2104.24576	-0.03405
2102.31703	-0.03415
2100.38830	-0.03423
2098.45957	-0.03432
2096.53084	-0.03432
2094.60210	-0.03435
2092.67337	-0.03442
2090.74464	-0.03451
2088.81591	-0.03458
2086.88718	-0.03466
2084.95845	-0.03474
2083.02972	-0.03482
2081.10099	-0.03490
2079.17225	-0.03498
2077.24352	-0.03502
2075.31479	-0.03502
2073.38606	-0.03504
2071.45733	-0.03508
2069.52860	-0.03511
2067.59987	-0.03511
2065.67114	-0.03513
2063.74240	-0.03512
2061.81367	-0.03508
2059.88494	-0.03501
2057.95621	-0.03491
2056.02748	-0.03483
2054.09875	-0.03478
2052.17002	-0.03474
2050.24129	-0.03470
2048.31256	-0.03462
2046.38382	-0.03450
2044.45509	-0.03440
2042.52636	-0.03432
2040.59763	-0.03424
2038.66890	-0.03412
2036.74017	-0.03402
2034.81144	-0.03392
2032.88271	-0.03386
2030.95397	-0.03380
2029.02524	-0.03375
2027.09651	-0.03371
2025.16778	-0.03369
2023.23905	-0.03365
2021.31032	-0.03354
2019.38159	-0.03341
2017.45286	-0.03327
2015.52412	-0.03310
2013.59539	-0.03294
2011.66666	-0.03279
2009.73793	-0.03267
2007.80920	-0.03256
2005.88047	-0.03246
2003.95174	-0.03241
2002.02301	-0.03240
2000.09427	-0.03237
1998.16554	-0.03234
1996.23681	-0.03229
1994.30808	-0.03224
1992.37935	-0.03222
1990.45062	-0.03216
1988.52189	-0.03217
1986.59316	-0.03225
1984.66442	-0.03229
1982.73569	-0.03232
1980.80696	-0.03232
1978.87823	-0.03228
1976.94950	-0.03224
1975.02077	-0.03222
1973.09204	-0.03221
1971.16331	-0.03220
1969.23458	-0.03223
1967.30584	-0.03224
1965.37711	-0.03221
1963.44838	-0.03226
1961.51965	-0.03236
1959.59092	-0.03238
1957.66219	-0.03233
1955.73346	-0.03228
1953.80473	-0.03225
1951.87599	-0.03228
1949.94726	-0.03231
1948.01853	-0.03227
1946.08980	-0.03220
1944.16107	-0.03226
1942.23234	-0.03225
1940.30361	-0.03205
1938.37488	-0.03198
1936.44614	-0.03200
1934.51741	-0.03195
1932.58868	-0.03185
1930.65995	-0.03176
1928.73122	-0.03171
1926.80249	-0.03180
1924.87376	-0.03191
1922.94503	-0.03192
1921.01629	-0.03184
1919.08756	-0.03197
1917.15883	-0.03191
1915.23010	-0.03170
1913.30137	-0.03167
1911.37264	-0.03161
1909.44391	-0.03142
1907.51518	-0.03118
1905.58644	-0.03096
1903.65771	-0.03076
1901.72898	-0.03055
1899.80025	-0.03029
1897.87152	-0.02999
1895.94279	-0.02972
1894.01406	-0.02937
1892.08533	-0.02906
1890.15660	-0.02888
1888.22786	-0.02856
1886.29913	-0.02830
1884.37040	-0.02820
1882.44167	-0.02805
1880.51294	-0.02789
1878.58421	-0.02777
1876.65548	-0.02771
1874.72675	-0.02759
1872.79801	-0.02745
1870.86928	-0.02761
1868.94055	-0.02783
1867.01182	-0.02775
1865.08309	-0.02779
1863.15436	-0.02807
1861.22563	-0.02837
1859.29690	-0.02864
1857.36816	-0.02893
1855.43943	-0.02925
1853.51070	-0.02967
1851.58197	-0.03038
1849.65324	-0.03109
1847.72451	-0.03179
1845.79578	-0.03278
1843.86705	-0.03359
1841.93831	-0.03403
1840.00958	-0.03482
1838.08085	-0.03573
1836.15212	-0.03623
1834.22339	-0.03655
1832.29466	-0.03704
1830.36593	-0.03757
1828.43720	-0.03784
1826.50846	-0.03821
1824.57973	-0.03861
1822.65100	-0.03873
1820.72227	-0.03894
1818.79354	-0.03919
1816.86481	-0.03910
1814.93608	-0.03878
1813.00735	-0.03849
1811.07862	-0.03825
1809.14988	-0.03790
1807.22115	-0.03750
1805.29242	-0.03720
1803.36369	-0.03708
1801.43496	-0.03683
1799.50623	-0.03602
1797.57750	-0.03494
1795.64877	-0.03411
1793.72003	-0.03358
1791.79130	-0.03280
1789.86257	-0.03181
1787.93384	-0.03130
1786.00511	-0.03098
1784.07638	-0.03008
1782.14765	-0.02881
1780.21892	-0.02762
1778.29018	-0.02647
1776.36145	-0.02539
1774.43272	-0.02452
1772.50399	-0.02359
1770.57526	-0.02253
1768.64653	-0.02181
1766.71780	-0.02087
1764.78907	-0.01971
1762.86033	-0.01884
1760.93160	-0.01783
1759.00287	-0.01682
1757.07414	-0.01588
1755.14541	-0.01457
1753.21668	-0.01344
1751.28795	-0.01239
1749.35922	-0.01082
1747.43048	-0.00917
1745.50175	-0.00770
1743.57302	-0.00614
1741.64429	-0.00437
1739.71556	-0.00217
1737.78683	0.00017
1735.85810	0.00168
1733.92937	0.00317
1732.00064	0.00519
1730.07190	0.00649
1728.14317	0.00736
1726.21444	0.00852
1724.28571	0.00997
1722.35698	0.01180
1720.42825	0.01348
1718.49952	0.01486
1716.57079	0.01667
1714.64205	0.01843
1712.71332	0.01961
1710.78459	0.02075
1708.85586	0.02224
1706.92713	0.02412
1704.99840	0.02651
1703.06967	0.02885
1701.14094	0.03101
1699.21220	0.03410
1697.28347	0.03682
1695.35474	0.03885
1693.42601	0.04116
1691.49728	0.04308
1689.56855	0.04535
1687.63982	0.04819
1685.71109	0.05075
1683.78235	0.05386
1681.85362	0.05710
1679.92489	0.05915
1677.99616	0.06089
1676.06743	0.06318
1674.13870	0.06600
1672.20997	0.06826
1670.28124	0.06981
1668.35250	0.07184
1666.42377	0.07369
1664.49504	0.07467
1662.56631	0.07577
1660.63758	0.07740
1658.70885	0.07906
1656.78012	0.08038
1654.85139	0.08096
1652.92266	0.08207
1650.99392	0.08400
1649.06519	0.08406
1647.13646	0.08345
1645.20773	0.08419
1643.27900	0.08503
1641.35027	0.08530
1639.42154	0.08565
1637.49281	0.08589
1635.56407	0.08624
1633.63534	0.08681
1631.70661	0.08647
1629.77788	0.08549
1627.84915	0.08485
1625.92042	0.08425
1623.99169	0.08331
1622.06296	0.08257
1620.13422	0.08169
1618.20549	0.07992
1616.27676	0.07823
1614.34803	0.07700
1612.41930	0.07523
1610.49057	0.07321
1608.56184	0.07156
1606.63311	0.07011
1604.70437	0.06865
1602.77564	0.06724
1600.84691	0.06595
1598.91818	0.06471
1596.98945	0.06341
1595.06072	0.06204
1593.13199	0.06066
1591.20326	0.05931
1589.27452	0.05802
1587.34579	0.05677
1585.41706	0.05547
1583.48833	0.05415
1581.55960	0.05300
1579.63087	0.05190
1577.70214	0.05033
1575.77341	0.04897
1573.84468	0.04827
1571.91594	0.04690
1569.98721	0.04519
1568.05848	0.04414
1566.12975	0.04326
1564.20102	0.04266
1562.27229	0.04225
1560.34356	0.04125
1558.41483	0.04055
1556.48609	0.03984
1554.55736	0.03784
1552.62863	0.03581
1550.69990	0.03446
1548.77117	0.03356
1546.84244	0.03287
1544.91371	0.03218
1542.98498	0.03130
1541.05624	0.02983
1539.12751	0.02845
1537.19878	0.02713
1535.27005	0.02478
1533.34132	0.02245
1531.41259	0.02109
1529.48386	0.01964
1527.55513	0.01785
1525.62639	0.01626
1523.69766	0.01448
1521.76893	0.01242
1519.84020	0.01079
1517.91147	0.00904
1515.98274	0.00697
1514.05401	0.00495
1512.12528	0.00304
1510.19654	0.00117
1508.26781	-0.00147
1506.33908	-0.00418
1504.41035	-0.00610
1502.48162	-0.00837
1500.55289	-0.01109
1498.62416	-0.01345
1496.69543	-0.01533
1494.76670	-0.01670
1492.83796	-0.01827
1490.90923	-0.02013
1488.98050	-0.02140
1487.05177	-0.02208
1485.12304	-0.02272
1483.19431	-0.02339
1481.26558	-0.02371
1479.33685	-0.02346
1477.40811	-0.02277
1475.47938	-0.02171
1473.55065	-0.02030
1471.62192	-0.01834
1469.69319	-0.01647
1467.76446	-0.01554
1465.83573	-0.01501
1463.90700	-0.01412
1461.97826	-0.01315
1460.04953	-0.01282
1458.12080	-0.01278
1456.19207	-0.01186
1454.26334	-0.01077
1452.33461	-0.01075
1450.40588	-0.01102
1448.47715	-0.01100
1446.54841	-0.01078
1444.61968	-0.01059
1442.69095	-0.01038
1440.76222	-0.00996
1438.83349	-0.00983
1436.90476	-0.00988
1434.97603	-0.00952
1433.04730	-0.00948
1431.11856	-0.00982
1429.18983	-0.00981
1427.26110	-0.00964
1425.33237	-0.00961
1423.40364	-0.00942
1421.47491	-0.00939
1419.54618	-0.00962
1417.61745	-0.00953
1415.68872	-0.00954
1413.75998	-0.00998
1411.83125	-0.01044
1409.90252	-0.01080
1407.97379	-0.01118
1406.04506	-0.01164
1404.11633	-0.01201
1402.18760	-0.01242
1400.25887	-0.01313
1398.33013	-0.01374
1396.40140	-0.01417
1394.47267	-0.01444
1392.54394	-0.01443
1390.61521	-0.01466
1388.68648	-0.01528
1386.75775	-0.01564
1384.82902	-0.01567
1382.90028	-0.01574
1380.97155	-0.01587
1379.04282	-0.01609
1377.11409	-0.01661
1375.18536	-0.01744
1373.25663	-0.01831
1371.32790	-0.01920
1369.39917	-0.02024
1367.47043	-0.02124
1365.54170	-0.02234
1363.61297	-0.02373
1361.68424	-0.02493
1359.75551	-0.02574
1357.82678	-0.02652
1355.89805	-0.02737
1353.96932	-0.02819
1352.04058	-0.02900
1350.11185	-0.02978
1348.18312	-0.03051
1346.25439	-0.03113
1344.32566	-0.03163
1342.39693	-0.03213
1340.46820	-0.03274
1338.53947	-0.03327
1336.61074	-0.03374
1334.68200	-0.03429
1332.75327	-0.03479
1330.82454	-0.03520
1328.89581	-0.03573
1326.96708	-0.03630
1325.03835	-0.03691
1323.10962	-0.03751
1321.18089	-0.03803
1319.25215	-0.03849
1317.32342	-0.03883
1315.39469	-0.03903
1313.46596	-0.03920
1311.53723	-0.03942
1309.60850	-0.03970
1307.67977	-0.03991
1305.75104	-0.03995
1303.82230	-0.03983
1301.89357	-0.03962
1299.96484	-0.03945
1298.03611	-0.03935
1296.10738	-0.03916
1294.17865	-0.03882
1292.24992	-0.03842
1290.32119	-0.03799
1288.39245	-0.03742
1286.46372	-0.03667
1284.53499	-0.03577
1282.60626	-0.03474
1280.67753	-0.03350
1278.74880	-0.03207
1276.82007	-0.03047
1274.89134	-0.02866
1272.96260	-0.02658
1271.03387	-0.02410
1269.10514	-0.02113
1267.17641	-0.01771
1265.24768	-0.01397
1263.31895	-0.00994
1261.39022	-0.00552
1259.46149	-0.00057
1257.53276	0.00495
1255.60402	0.01095
1253.67529	0.01729
1251.74656	0.02367
1249.81783	0.02986
1247.88910	0.03577
1245.96037	0.04131
1244.03164	0.04643
1242.10291	0.05104
1240.17417	0.05511
1238.24544	0.05875
1236.31671	0.06208
1234.38798	0.06517
1232.45925	0.06787
1230.53052	0.07014
1228.60179	0.07212
1226.67306	0.07397
1224.74432	0.07565
1222.81559	0.07710
1220.88686	0.07845
1218.95813	0.07981
1217.02940	0.08124
1215.10067	0.08275
1213.17194	0.08426
1211.24321	0.08566
1209.31447	0.08697
1207.38574	0.08829
1205.45701	0.08972
1203.52828	0.09119
1201.59955	0.09260
1199.67082	0.09413
1197.74209	0.09564
1195.81336	0.09722
1193.88462	0.09875
1191.95589	0.10037
1190.02716	0.10207
1188.09843	0.10363
1186.16970	0.10509
1184.24097	0.10679
1182.31224	0.10874
1180.38351	0.11073
1178.45478	0.11254
1176.52604	0.11415
1174.59731	0.11575
1172.66858	0.11744
1170.73985	0.11927
1168.81112	0.12130
1166.88239	0.12332
1164.95366	0.12519
1163.02493	0.12691
1161.09619	0.12844
1159.16746	0.12976
1157.23873	0.13094
1155.31000	0.13203
1153.38127	0.13317
1151.45254	0.13461
1149.52381	0.13616
1147.59508	0.13733
1145.66634	0.13817
1143.73761	0.13909
1141.80888	0.14027
1139.88015	0.14166
1137.95142	0.14309
1136.02269	0.14439
1134.09396	0.14565
1132.16523	0.14702
1130.23649	0.14856
1128.30776	0.15030
1126.37903	0.15214
1124.45030	0.15397
1122.52157	0.15575
1120.59284	0.15759
1118.66411	0.15985
1116.73538	0.16297
1114.80664	0.16691
1112.87791	0.17117
1110.94918	0.17552
1109.02045	0.18005
1107.09172	0.18479
1105.16299	0.18957
1103.23426	0.19401
1101.30553	0.19798
1099.37680	0.20148
1097.44806	0.20417
1095.51933	0.20600
1093.59060	0.20745
1091.66187	0.20877
1089.73314	0.20979
1087.80441	0.21017
1085.87568	0.20986
1083.94695	0.20939
1082.01821	0.20902
1080.08948	0.20843
1078.16075	0.20735
1076.23202	0.20598
1074.30329	0.20465
1072.37456	0.20318
1070.44583	0.20125
1068.51710	0.19910
1066.58836	0.19702
1064.65963	0.19486
1062.73090	0.19244
1060.80217	0.18981
1058.87344	0.18702
1056.94471	0.18381
1055.01598	0.18008
1053.08725	0.17634
1051.15851	0.17287
1049.22978	0.16931
1047.30105	0.16556
1045.37232	0.16186
1043.44359	0.15817
1041.51486	0.15424
1039.58613	0.14999
1037.65740	0.14559
1035.72866	0.14119
1033.79993	0.13685
1031.87120	0.13272
1029.94247	0.12873
1028.01374	0.12471
1026.08501	0.12073
1024.15628	0.11672
1022.22755	0.11256
1020.29882	0.10848
1018.37008	0.10466
1016.44135	0.10085
1014.51262	0.09696
1012.58389	0.09326
1010.65516	0.08991
1008.72643	0.08661
1006.79770	0.08303
1004.86897	0.07940
1002.94023	0.07587
1001.01150	0.07228
999.08277	0.06866
997.15404	0.06518
995.22531	0.06176
993.29658	0.05825
991.36785	0.05475
989.43912	0.05146
987.51038	0.04835
985.58165	0.04522
983.65292	0.04214
981.72419	0.03923
979.79546	0.03677
977.86673	0.03451
975.93800	0.03274
974.00927	0.03117
972.08053	0.02920
970.15180	0.02707
968.22307	0.02530
966.29434	0.02366
964.36561	0.02188
962.43688	0.02007
960.50815	0.01831
958.57942	0.01658
956.65068	0.01482
954.72195	0.01289
952.79322	0.01084
950.86449	0.00891
948.93576	0.00720
947.00703	0.00551
945.07830	0.00356
943.14957	0.00142
941.22084	-0.00073
939.29210	-0.00286
937.36337	-0.00501
935.43464	-0.00716
933.50591	-0.00930
931.57718	-0.01160
929.64845	-0.01412
927.71972	-0.01661
925.79099	-0.01901
923.86225	-0.02143
921.93352	-0.02377
920.00479	-0.02595
918.07606	-0.02813
916.14733	-0.03029
914.21860	-0.03243
912.28987	-0.03479
910.36114	-0.03735
908.43240	-0.03983
906.50367	-0.04205
904.57494	-0.04401
902.64621	-0.04600
900.71748	-0.04810
898.78875	-0.05019
896.86002	-0.05226
894.93129	-0.05433
893.00255	-0.05627
891.07382	-0.05799
889.14509	-0.05948
887.21636	-0.06095
885.28763	-0.06260
883.35890	-0.06428
881.43017	-0.06575
879.50144	-0.06695
877.57270	-0.06800
875.64397	-0.06908
873.71524	-0.07014
871.78651	-0.07102
869.85778	-0.07178
867.92905	-0.07259
866.00032	-0.07346
864.07159	-0.07433
862.14286	-0.07508
860.21412	-0.07567
858.28539	-0.07636
856.35666	-0.07712
854.42793	-0.07764
852.49920	-0.07791
850.57047	-0.07788
848.64174	-0.07734
846.71301	-0.07647
844.78427	-0.07546
842.85554	-0.07414
840.92681	-0.07253
838.99808	-0.07065
837.06935	-0.06852
835.14062	-0.06640
833.21189	-0.06417
831.28316	-0.06155
829.35442	-0.05876
827.42569	-0.05622
825.49696	-0.05400
823.56823	-0.05192
821.63950	-0.04970
819.71077	-0.04716
817.78204	-0.04448
815.85331	-0.04198
813.92457	-0.03981
811.99584	-0.03785
810.06711	-0.03582
808.13838	-0.03354
806.20965	-0.03098
804.28092	-0.02837
802.35219	-0.02613
800.42346	-0.02448
798.49472	-0.02316
796.56599	-0.02200
794.63726	-0.02095
792.70853	-0.01993
790.77980	-0.01909
788.85107	-0.01890
786.92234	-0.01954
784.99361	-0.02078
783.06488	-0.02241
781.13614	-0.02435
779.20741	-0.02649
777.27868	-0.02875
775.34995	-0.03107
773.42122	-0.03330
771.49249	-0.03496
769.56376	-0.03578
767.63503	-0.03606
765.70629	-0.03625
763.77756	-0.03607
761.84883	-0.03617
759.92010	-0.03641
757.99137	-0.03685
756.06264	-0.03730
754.13391	-0.03756
752.20518	-0.03754
750.27644	-0.03710
748.34771	-0.03634
746.41898	-0.03567
744.49025	-0.03523
742.56152	-0.03507
740.63279	-0.03524
738.70406	-0.03548
736.77533	-0.03549
734.84659	-0.03504
732.91786	-0.03417
730.98913	-0.03333
729.06040	-0.03258
727.13167	-0.03171
725.20294	-0.03095
723.27421	-0.03092
721.34548	-0.03128
719.41674	-0.03207
717.48801	-0.03304
715.55928	-0.03398
713.63055	-0.03487
711.70182	-0.03547
709.77309	-0.03580
707.84436	-0.03616
705.91563	-0.03665
703.98690	-0.03701
702.05816	-0.03719
700.12943	-0.03733
698.20070	-0.03732
696.27197	-0.03705
694.34324	-0.03687
692.41451	-0.03706
690.48578	-0.03719
688.55705	-0.03690
686.62831	-0.03675
684.69958	-0.03709
682.77085	-0.03721
680.84212	-0.03696
678.91339	-0.03738
676.98466	-0.03803
675.05593	-0.03838
673.12720	-0.03848
671.19846	-0.03924
669.26973	-0.04064
667.34100	-0.04081
665.41227	-0.03967
663.48354	-0.03900
661.55481	-0.03877
659.62608	-0.03809
657.69735	-0.03682
655.76861	-0.03532
653.83988	-0.03377
651.91115	-0.03235
649.98242	-0.03137
648.05369	-0.03075
646.12496	-0.03020
644.19623	-0.02983
642.26750	-0.03013
640.33876	-0.03126
638.41003	-0.03279
636.48130	-0.03410
634.55257	-0.03511
632.62384	-0.03619
630.69511	-0.03761
628.76638	-0.03899
626.83765	-0.03944
624.90892	-0.03935
622.98018	-0.03915
621.05145	-0.03886
619.12272	-0.03828
617.19399	-0.03722
615.26526	-0.03545
613.33653	-0.03328
611.40780	-0.03126
609.47907	-0.02954
607.55033	-0.02817
605.62160	-0.02734
603.69287	-0.02673
601.76414	-0.02625
599.83541	-0.02624
597.90668	-0.02652
595.97795	-0.02671
594.04922	-0.02703
592.12048	-0.02757
590.19175	-0.02800
588.26302	-0.02822
586.33429	-0.02872
584.40556	-0.02995
582.47683	-0.03137
580.54810	-0.03237
578.61937	-0.03349
576.69063	-0.03505
574.76190	-0.03615
572.83317	-0.03649
570.90444	-0.03732
568.97571	-0.04043
567.04698	-0.04353
565.11825	-0.04609
563.18952	-0.04856
561.26078	-0.05098
559.33205	-0.05335
557.40332	-0.05548
555.47459	-0.05702
553.54586	-0.05816
551.61713	-0.05946
549.68840	-0.06080
547.75967	-0.06176
545.83094	-0.06246
543.90220	-0.06283
541.97347	-0.06303
540.04474	-0.06399
538.11601	-0.06570
536.18728	-0.06761
534.25855	-0.07001
532.32982	-0.07275
530.40109	-0.07541
528.47235	-0.07796
526.54362	-0.08057
524.61489	-0.08334
522.68616	-0.08648
520.75743	-0.08936
518.82870	-0.09092
516.89997	-0.09121
514.97124	-0.09111
513.04250	-0.09093
511.11377	-0.09049
509.18504	-0.08994
507.25631	-0.08974
505.32758	-0.09003
503.39885	-0.09022
501.47012	-0.08897
499.54139	-0.08579
497.61265	-0.08155
495.68392	-0.07753
493.75519	-0.07507
491.82646	-0.07409
489.89773	-0.07286
487.96900	-0.07045
486.04027	-0.06713
484.11154	-0.06283
482.18280	-0.05779
480.25407	-0.05297
478.32534	-0.04808
476.39661	-0.04233
474.46788	-0.03684
472.53915	-0.03361
470.61042	-0.03318
468.68169	-0.03405
466.75296	-0.03378
464.82422	-0.03227
462.89549	-0.03166
460.96676	-0.03219
459.03803	-0.03160
457.10930	-0.03015
455.18057	-0.02727
453.25184	-0.02365
451.32311	-0.02162
449.39437	-0.02204
447.46564	-0.02192
445.53691	-0.01934
443.60818	-0.01666
441.67945	-0.01568
439.75072	-0.01584
437.82199	-0.01675
435.89326	-0.01753
433.96452	-0.01621
432.03579	-0.01200
430.10706	-0.00646
428.17833	-0.00237
426.24960	-0.00102
424.32087	-0.00156
422.39214	-0.00352
420.46341	-0.00650
418.53467	-0.00745
416.60594	-0.00488
414.67721	-0.00193
412.74848	-0.00203
410.81975	-0.00714
408.89102	-0.00902
406.96229	-0.00940
405.03356	-0.00483
403.10482	0.00604
401.17609	0.01560
399.24736	0.01818
397.31863	0.01787
395.38990	0.01920
393.46117	0.02046
391.53244	0.02140
389.60371	0.02262
387.67498	0.02120
385.74624	0.01679
383.81751	0.01506
381.88878	0.02176
379.96005	0.03410
378.03132	0.03948
376.10259	0.03253
374.17386	0.02786
372.24513	0.03631
370.31639	0.03581
368.38766	0.00379
