7496.97825	0.00751
7495.04952	0.00828
7493.12079	0.00830
7491.19206	0.00709
7489.26333	0.00456
7487.33459	0.00264
7485.40586	0.00282
7483.47713	0.00362
7481.54840	0.00459
7479.61967	0.00684
7477.69094	0.00792
7475.76221	0.00571
7473.83348	0.00317
7471.90474	0.00248
7469.97601	0.00192
7468.04728	0.00010
7466.11855	-0.00153
7464.18982	-0.00132
7462.26109	-0.00011
7460.33236	0.00046
7458.40363	0.00043
7456.47489	0.00058
7454.54616	0.00140
7452.61743	0.00320
7450.68870	0.00470
7448.75997	0.00415
7446.83124	0.00321
7444.90251	0.00364
7442.97378	0.00363
7441.04504	0.00212
7439.11631	0.00065
7437.18758	0.00039
7435.25885	0.00153
7433.33012	0.00358
7431.40139	0.00521
7429.47266	0.00496
7427.54393	0.00355
7425.61520	0.00312
7423.68646	0.00375
7421.75773	0.00483
7419.82900	0.00616
7417.90027	0.00635
7415.97154	0.00518
7414.04281	0.00404
7412.11408	0.00249
7410.18535	-0.00009
7408.25661	-0.00074
7406.32788	0.00229
7404.39915	0.00519
7402.47042	0.00471
7400.54169	0.00221
7398.61296	-0.00008
7396.68423	-0.00153
7394.75550	-0.00231
7392.82676	-0.00207
7390.89803	-0.00036
7388.96930	0.00193
7387.04057	0.00263
7385.11184	0.00106
7383.18311	-0.00132
7381.25438	-0.00219
7379.32565	-0.00042
7377.39691	0.00185
7375.46818	0.00202
7373.53945	-0.00009
7371.61072	-0.00275
7369.68199	-0.00419
7367.75326	-0.00420
7365.82453	-0.00261
7363.89580	-0.00015
7361.96706	0.00061
7360.03833	-0.00018
7358.10960	0.00016
7356.18087	0.00195
7354.25214	0.00417
7352.32341	0.00569
7350.39468	0.00439
7348.46595	-0.00034
7346.53722	-0.00527
7344.60848	-0.00661
7342.67975	-0.00407
7340.75102	-0.00013
7338.82229	0.00269
7336.89356	0.00224
7334.96483	-0.00138
7333.03610	-0.00464
7331.10737	-0.00509
7329.17863	-0.00421
7327.24990	-0.00424
7325.32117	-0.00436
7323.39244	-0.00320
7321.46371	-0.00186
7319.53498	-0.00124
7317.60625	-0.00075
7315.67752	-0.00032
7313.74878	-0.00063
7311.82005	-0.00244
7309.89132	-0.00487
7307.96259	-0.00553
7306.03386	-0.00372
7304.10513	-0.00163
7302.17640	-0.00095
7300.24767	-0.00046
7298.31893	0.00107
7296.39020	0.00278
7294.46147	0.00331
7292.53274	0.00197
7290.60401	-0.00020
7288.67528	-0.00102
7286.74655	-0.00094
7284.81782	-0.00169
7282.88908	-0.00209
7280.96035	-0.00070
7279.03162	0.00078
7277.10289	0.00046
7275.17416	-0.00014
7273.24543	0.00066
7271.31670	0.00168
7269.38797	0.00202
7267.45924	0.00231
7265.53050	0.00229
7263.60177	0.00074
7261.67304	-0.00149
7259.74431	-0.00102
7257.81558	0.00257
7255.88685	0.00487
7253.95812	0.00281
7252.02939	-0.00149
7250.10065	-0.00435
7248.17192	-0.00429
7246.24319	-0.00214
7244.31446	-0.00033
7242.38573	-0.00057
7240.45700	-0.00119
7238.52827	0.00049
7236.59954	0.00300
7234.67080	0.00214
7232.74207	-0.00127
7230.81334	-0.00226
7228.88461	-0.00004
7226.95588	0.00251
7225.02715	0.00309
7223.09842	0.00119
7221.16969	-0.00116
7219.24095	-0.00158
7217.31222	0.00036
7215.38349	0.00319
7213.45476	0.00495
7211.52603	0.00506
7209.59730	0.00417
7207.66857	0.00255
7205.73984	0.00079
7203.81110	0.00005
7201.88237	0.00019
7199.95364	0.00081
7198.02491	0.00135
7196.09618	0.00074
7194.16745	0.00018
7192.23872	0.00106
7190.30999	0.00211
7188.38126	0.00284
7186.45252	0.00306
7184.52379	0.00182
7182.59506	-0.00062
7180.66633	-0.00307
7178.73760	-0.00367
7176.80887	-0.00177
7174.88014	0.00012
7172.95141	0.00010
7171.02267	-0.00057
7169.09394	-0.00011
7167.16521	0.00069
7165.23648	-0.00060
7163.30775	-0.00366
7161.37902	-0.00510
7159.45029	-0.00368
7157.52156	-0.00234
7155.59282	-0.00250
7153.66409	-0.00181
7151.73536	0.00041
7149.80663	0.00189
7147.87790	0.00174
7145.94917	0.00033
7144.02044	-0.00215
7142.09171	-0.00415
7140.16297	-0.00353
7138.23424	-0.00140
7136.30551	-0.00045
7134.37678	0.00037
7132.44805	0.00213
7130.51932	0.00290
7128.59059	0.00236
7126.66186	0.00138
7124.73312	0.00071
7122.80439	0.00135
7120.87566	0.00193
7118.94693	0.00082
7117.01820	-0.00027
7115.08947	0.00027
7113.16074	0.00164
7111.23201	0.00245
7109.30328	0.00194
7107.37454	0.00068
7105.44581	0.00003
7103.51708	0.00096
7101.58835	0.00223
7099.65962	0.00149
7097.73089	-0.00092
7095.80216	-0.00225
7093.87343	-0.00111
7091.94469	0.00112
7090.01596	0.00250
7088.08723	0.00290
7086.15850	0.00295
7084.22977	0.00253
7082.30104	0.00183
7080.37231	0.00134
7078.44358	0.00015
7076.51484	-0.00166
7074.58611	-0.00194
7072.65738	-0.00055
7070.72865	0.00077
7068.79992	0.00213
7066.87119	0.00419
7064.94246	0.00554
7063.01373	0.00506
7061.08499	0.00349
7059.15626	0.00229
7057.22753	0.00262
7055.29880	0.00344
7053.37007	0.00307
7051.44134	0.00220
7049.51261	0.00188
7047.58388	0.00129
7045.65514	-0.00027
7043.72641	-0.00180
7041.79768	-0.00290
7039.86895	-0.00421
7037.94022	-0.00471
7036.01149	-0.00331
7034.08276	-0.00128
7032.15403	0.00020
7030.22530	0.00114
7028.29656	0.00078
7026.36783	-0.00069
7024.43910	-0.00087
7022.51037	0.00132
7020.58164	0.00418
7018.65291	0.00562
7016.72418	0.00461
7014.79545	0.00231
7012.86671	0.00152
7010.93798	0.00251
7009.00925	0.00278
7007.08052	0.00141
7005.15179	0.00010
7003.22306	0.00041
7001.29433	0.00066
6999.36560	-0.00107
6997.43686	-0.00270
6995.50813	-0.00199
6993.57940	-0.00008
6991.65067	0.00137
6989.72194	0.00265
6987.79321	0.00359
6985.86448	0.00279
6983.93575	0.00095
6982.00701	0.00023
6980.07828	0.00090
6978.14955	0.00206
6976.22082	0.00291
6974.29209	0.00317
6972.36336	0.00330
6970.43463	0.00327
6968.50590	0.00228
6966.57716	0.00063
6964.64843	-0.00032
6962.71970	-0.00038
6960.79097	-0.00035
6958.86224	-0.00023
6956.93351	0.00047
6955.00478	0.00115
6953.07605	0.00082
6951.14732	0.00012
6949.21858	0.00067
6947.28985	0.00235
6945.36112	0.00308
6943.43239	0.00236
6941.50366	0.00191
6939.57493	0.00231
6937.64620	0.00229
6935.71747	0.00143
6933.78873	0.00111
6931.86000	0.00181
6929.93127	0.00215
6928.00254	0.00132
6926.07381	0.00053
6924.14508	0.00095
6922.21635	0.00139
6920.28762	0.00070
6918.35888	0.00046
6916.43015	0.00157
6914.50142	0.00187
6912.57269	0.00042
6910.64396	-0.00088
6908.71523	-0.00092
6906.78650	0.00017
6904.85777	0.00105
6902.92903	0.00036
6901.00030	-0.00083
6899.07157	-0.00118
6897.14284	-0.00049
6895.21411	0.00092
6893.28538	0.00145
6891.35665	0.00008
6889.42792	-0.00144
6887.49918	-0.00082
6885.57045	0.00148
6883.64172	0.00340
6881.71299	0.00368
6879.78426	0.00226
6877.85553	0.00086
6875.92680	0.00085
6873.99807	0.00083
6872.06934	0.00002
6870.14060	0.00007
6868.21187	0.00155
6866.28314	0.00303
6864.35441	0.00319
6862.42568	0.00227
6860.49695	0.00157
6858.56822	0.00150
6856.63949	0.00137
6854.71075	0.00079
6852.78202	-0.00020
6850.85329	-0.00095
6848.92456	-0.00080
6846.99583	0.00021
6845.06710	0.00061
6843.13837	0.00024
6841.20964	-0.00019
6839.28090	-0.00020
6837.35217	0.00042
6835.42344	0.00140
6833.49471	0.00228
6831.56598	0.00295
6829.63725	0.00336
6827.70852	0.00418
6825.77979	0.00494
6823.85105	0.00429
6821.92232	0.00253
6819.99359	0.00086
6818.06486	0.00077
6816.13613	0.00189
6814.20740	0.00166
6812.27867	0.00045
6810.34994	0.00050
6808.42120	0.00116
6806.49247	0.00109
6804.56374	0.00149
6802.63501	0.00249
6800.70628	0.00177
6798.77755	-0.00002
6796.84882	0.00022
6794.92009	0.00240
6792.99136	0.00432
6791.06262	0.00455
6789.13389	0.00231
6787.20516	-0.00048
6785.27643	-0.00016
6783.34770	0.00273
6781.41897	0.00427
6779.49024	0.00391
6777.56151	0.00368
6775.63277	0.00346
6773.70404	0.00276
6771.77531	0.00248
6769.84658	0.00220
6767.91785	0.00116
6765.98912	0.00071
6764.06039	0.00122
6762.13166	0.00148
6760.20292	0.00155
6758.27419	0.00168
6756.34546	0.00128
6754.41673	0.00038
6752.48800	-0.00039
6750.55927	-0.00056
6748.63054	-0.00012
6746.70181	0.00069
6744.77307	0.00135
6742.84434	0.00103
6740.91561	-0.00018
6738.98688	-0.00126
6737.05815	-0.00106
6735.12942	0.00066
6733.20069	0.00241
6731.27196	0.00306
6729.34322	0.00310
6727.41449	0.00324
6725.48576	0.00356
6723.55703	0.00348
6721.62830	0.00246
6719.69957	0.00097
6717.77084	-0.00015
6715.84211	-0.00066
6713.91338	-0.00045
6711.98464	0.00045
6710.05591	0.00096
6708.12718	0.00003
6706.19845	-0.00182
6704.26972	-0.00258
6702.34099	-0.00152
6700.41226	-0.00047
6698.48353	-0.00001
6696.55479	0.00024
6694.62606	-0.00038
6692.69733	-0.00116
6690.76860	-0.00136
6688.83987	-0.00173
6686.91114	-0.00220
6684.98241	-0.00182
6683.05368	-0.00057
6681.12494	0.00073
6679.19621	0.00179
6677.26748	0.00229
6675.33875	0.00184
6673.41002	0.00173
6671.48129	0.00258
6669.55256	0.00261
6667.62383	0.00186
6665.69509	0.00172
6663.76636	0.00214
6661.83763	0.00298
6659.90890	0.00348
6657.98017	0.00263
6656.05144	0.00072
6654.12271	-0.00089
6652.19398	-0.00078
6650.26524	0.00026
6648.33651	0.00120
6646.40778	0.00254
6644.47905	0.00325
6642.55032	0.00270
6640.62159	0.00241
6638.69286	0.00255
6636.76413	0.00173
6634.83540	0.00065
6632.90666	0.00083
6630.97793	0.00118
6629.04920	0.00070
6627.12047	0.00032
6625.19174	0.00039
6623.26301	0.00014
6621.33428	-0.00004
6619.40555	0.00068
6617.47681	0.00088
6615.54808	-0.00015
6613.61935	-0.00091
6611.69062	-0.00133
6609.76189	-0.00182
6607.83316	-0.00161
6605.90443	-0.00118
6603.97570	-0.00142
6602.04696	-0.00165
6600.11823	-0.00127
6598.18950	-0.00041
6596.26077	0.00058
6594.33204	0.00140
6592.40331	0.00168
6590.47458	0.00114
6588.54585	0.00093
6586.61711	0.00203
6584.68838	0.00325
6582.75965	0.00305
6580.83092	0.00182
6578.90219	0.00098
6576.97346	0.00010
6575.04473	-0.00137
6573.11600	-0.00196
6571.18726	-0.00070
6569.25853	0.00121
6567.32980	0.00195
6565.40107	0.00172
6563.47234	0.00166
6561.54361	0.00165
6559.61488	0.00184
6557.68615	0.00221
6555.75742	0.00174
6553.82868	0.00058
6551.89995	-0.00012
6549.97122	-0.00019
6548.04249	0.00006
6546.11376	0.00039
6544.18503	0.00031
6542.25630	-0.00020
6540.32757	-0.00046
6538.39883	0.00008
6536.47010	0.00076
6534.54137	0.00016
6532.61264	-0.00126
6530.68391	-0.00182
6528.75518	-0.00148
6526.82645	-0.00113
6524.89772	-0.00066
6522.96898	0.00030
6521.04025	0.00191
6519.11152	0.00334
6517.18279	0.00287
6515.25406	0.00073
6513.32533	-0.00076
6511.39660	-0.00061
6509.46787	0.00005
6507.53913	0.00060
6505.61040	0.00101
6503.68167	0.00083
6501.75294	0.00041
6499.82421	-0.00004
6497.89548	-0.00085
6495.96675	-0.00131
6494.03802	-0.00109
6492.10928	-0.00082
6490.18055	-0.00047
6488.25182	-0.00012
6486.32309	-0.00051
6484.39436	-0.00137
6482.46563	-0.00166
6480.53690	-0.00119
6478.60817	-0.00069
6476.67944	-0.00050
6474.75070	-0.00027
6472.82197	0.00059
6470.89324	0.00235
6468.96451	0.00381
6467.03578	0.00366
6465.10705	0.00244
6463.17832	0.00131
6461.24959	0.00064
6459.32085	0.00019
6457.39212	-0.00002
6455.46339	0.00056
6453.53466	0.00196
6451.60593	0.00317
6449.67720	0.00311
6447.74847	0.00209
6445.81974	0.00096
6443.89100	-0.00033
6441.96227	-0.00144
6440.03354	-0.00115
6438.10481	0.00021
6436.17608	0.00085
6434.24735	0.00042
6432.31862	-0.00042
6430.38989	-0.00144
6428.46115	-0.00190
6426.53242	-0.00114
6424.60369	0.00024
6422.67496	0.00107
6420.74623	0.00123
6418.81750	0.00123
6416.88877	0.00087
6414.96004	0.00043
6413.03130	0.00055
6411.10257	0.00059
6409.17384	0.00015
6407.24511	-0.00015
6405.31638	-0.00004
6403.38765	0.00022
6401.45892	0.00023
6399.53019	-0.00002
6397.60146	-0.00037
6395.67272	-0.00065
6393.74399	-0.00078
6391.81526	-0.00078
6389.88653	-0.00068
6387.95780	-0.00107
6386.02907	-0.00161
6384.10034	-0.00124
6382.17161	-0.00054
6380.24287	-0.00024
6378.31414	-0.00019
6376.38541	-0.00041
6374.45668	-0.00052
6372.52795	0.00023
6370.59922	0.00108
6368.67049	0.00101
6366.74176	0.00109
6364.81302	0.00171
6362.88429	0.00160
6360.95556	0.00077
6359.02683	-0.00011
6357.09810	-0.00067
6355.16937	-0.00056
6353.24064	-0.00056
6351.31191	-0.00101
6349.38317	-0.00081
6347.45444	-0.00009
6345.52571	-0.00003
6343.59698	-0.00066
6341.66825	-0.00080
6339.73952	0.00021
6337.81079	0.00122
6335.88206	0.00124
6333.95332	0.00080
6332.02459	0.00042
6330.09586	0.00038
6328.16713	0.00097
6326.23840	0.00133
6324.30967	0.00051
6322.38094	-0.00045
6320.45221	0.00006
6318.52348	0.00141
6316.59474	0.00203
6314.66601	0.00150
6312.73728	0.00025
6310.80855	-0.00082
6308.87982	-0.00107
6306.95109	-0.00075
6305.02236	-0.00075
6303.09363	-0.00151
6301.16489	-0.00197
6299.23616	-0.00113
6297.30743	0.00035
6295.37870	0.00112
6293.44997	0.00079
6291.52124	0.00022
6289.59251	0.00001
6287.66378	0.00000
6285.73504	0.00024
6283.80631	0.00068
6281.87758	0.00079
6279.94885	0.00062
6278.02012	0.00090
6276.09139	0.00122
6274.16266	0.00066
6272.23393	-0.00039
6270.30519	-0.00073
6268.37646	-0.00051
6266.44773	-0.00056
6264.51900	-0.00015
6262.59027	0.00094
6260.66154	0.00132
6258.73281	0.00088
6256.80408	0.00077
6254.87534	0.00127
6252.94661	0.00132
6251.01788	0.00034
6249.08915	-0.00032
6247.16042	0.00025
6245.23169	0.00097
6243.30296	0.00099
6241.37423	0.00074
6239.44550	0.00080
6237.51676	0.00108
6235.58803	0.00097
6233.65930	0.00067
6231.73057	0.00076
6229.80184	0.00078
6227.87311	0.00040
6225.94438	-0.00005
6224.01565	-0.00018
6222.08691	-0.00003
6220.15818	-0.00003
6218.22945	-0.00014
6216.30072	-0.00007
6214.37199	0.00004
6212.44326	0.00020
6210.51453	0.00079
6208.58580	0.00181
6206.65706	0.00208
6204.72833	0.00111
6202.79960	0.00034
6200.87087	0.00054
6198.94214	0.00100
6197.01341	0.00128
6195.08468	0.00130
6193.15595	0.00106
6191.22721	0.00076
6189.29848	0.00057
6187.36975	0.00024
6185.44102	-0.00040
6183.51229	-0.00073
6181.58356	-0.00045
6179.65483	-0.00022
6177.72610	-0.00054
6175.79736	-0.00100
6173.86863	-0.00085
6171.93990	-0.00035
6170.01117	-0.00044
6168.08244	-0.00069
6166.15371	-0.00011
6164.22498	0.00052
6162.29625	0.00025
6160.36752	-0.00029
6158.43878	-0.00010
6156.51005	0.00082
6154.58132	0.00155
6152.65259	0.00145
6150.72386	0.00087
6148.79513	0.00008
6146.86640	-0.00069
6144.93767	-0.00064
6143.00893	0.00055
6141.08020	0.00167
6139.15147	0.00161
6137.22274	0.00091
6135.29401	0.00049
6133.36528	0.00027
6131.43655	-0.00013
6129.50782	-0.00048
6127.57908	-0.00036
6125.65035	-0.00010
6123.72162	0.00007
6121.79289	0.00036
6119.86416	0.00059
6117.93543	0.00049
6116.00670	0.00022
6114.07797	0.00005
6112.14923	0.00029
6110.22050	0.00078
6108.29177	0.00082
6106.36304	0.00062
6104.43431	0.00086
6102.50558	0.00104
6100.57685	0.00046
6098.64812	-0.00035
6096.71938	-0.00044
6094.79065	0.00024
6092.86192	0.00112
6090.93319	0.00140
6089.00446	0.00072
6087.07573	-0.00023
6085.14700	-0.00063
6083.21827	-0.00063
6081.28954	-0.00080
6079.36080	-0.00110
6077.43207	-0.00131
6075.50334	-0.00120
6073.57461	-0.00062
6071.64588	-0.00002
6069.71715	0.00013
6067.78842	0.00008
6065.85969	-0.00011
6063.93095	-0.00032
6062.00222	-0.00003
6060.07349	0.00053
6058.14476	0.00060
6056.21603	0.00010
6054.28730	-0.00069
6052.35857	-0.00142
6050.42984	-0.00159
6048.50110	-0.00108
6046.57237	-0.00048
6044.64364	-0.00017
6042.71491	0.00004
6040.78618	0.00021
6038.85745	0.00019
6036.92872	0.00005
6034.99999	0.00001
6033.07125	0.00002
6031.14252	-0.00007
6029.21379	-0.00019
6027.28506	-0.00022
6025.35633	-0.00020
6023.42760	-0.00043
6021.49887	-0.00074
6019.57014	-0.00071
6017.64140	-0.00050
6015.71267	-0.00044
6013.78394	-0.00053
6011.85521	-0.00058
6009.92648	-0.00067
6007.99775	-0.00062
6006.06902	-0.00026
6004.14029	0.00018
6002.21156	0.00052
6000.28282	0.00055
5998.35409	0.00043
5996.42536	0.00044
5994.49663	0.00038
5992.56790	0.00024
5990.63917	0.00032
5988.71044	0.00052
5986.78171	0.00015
5984.85297	-0.00083
5982.92424	-0.00116
5980.99551	-0.00066
5979.06678	-0.00029
5977.13805	-0.00004
5975.20932	0.00046
5973.28059	0.00071
5971.35186	0.00047
5969.42312	0.00022
5967.49439	0.00027
5965.56566	0.00043
5963.63693	0.00040
5961.70820	0.00021
5959.77947	0.00001
5957.85074	-0.00031
5955.92201	-0.00056
5953.99327	-0.00031
5952.06454	0.00025
5950.13581	0.00046
5948.20708	0.00015
5946.27835	-0.00032
5944.34962	-0.00068
5942.42089	-0.00112
5940.49216	-0.00157
5938.56342	-0.00181
5936.63469	-0.00187
5934.70596	-0.00137
5932.77723	-0.00052
5930.84850	0.00008
5928.91977	0.00040
5926.99104	0.00049
5925.06231	0.00042
5923.13358	0.00028
5921.20484	0.00001
5919.27611	-0.00021
5917.34738	-0.00012
5915.41865	0.00010
5913.48992	0.00003
5911.56119	-0.00040
5909.63246	-0.00086
5907.70373	-0.00103
5905.77499	-0.00063
5903.84626	0.00004
5901.91753	0.00008
5899.98880	-0.00018
5898.06007	0.00003
5896.13134	0.00028
5894.20261	-0.00001
5892.27388	-0.00056
5890.34514	-0.00069
5888.41641	-0.00032
5886.48768	0.00005
5884.55895	0.00023
5882.63022	0.00006
5880.70149	-0.00038
5878.77276	-0.00033
5876.84403	0.00033
5874.91529	0.00091
5872.98656	0.00121
5871.05783	0.00120
5869.12910	0.00051
5867.20037	-0.00048
5865.27164	-0.00071
5863.34291	-0.00036
5861.41418	-0.00029
5859.48544	-0.00025
5857.55671	0.00003
5855.62798	0.00007
5853.69925	-0.00011
5851.77052	-0.00011
5849.84179	0.00001
5847.91306	0.00003
5845.98433	0.00013
5844.05560	0.00040
5842.12686	0.00032
5840.19813	-0.00003
5838.26940	0.00004
5836.34067	0.00033
5834.41194	0.00037
5832.48321	0.00035
5830.55448	0.00041
5828.62575	0.00043
5826.69701	0.00029
5824.76828	0.00013
5822.83955	0.00025
5820.91082	0.00054
5818.98209	0.00068
5817.05336	0.00087
5815.12463	0.00128
5813.19590	0.00150
5811.26716	0.00129
5809.33843	0.00089
5807.40970	0.00061
5805.48097	0.00057
5803.55224	0.00054
5801.62351	0.00037
5799.69478	0.00035
5797.76605	0.00053
5795.83731	0.00067
5793.90858	0.00085
5791.97985	0.00091
5790.05112	0.00056
5788.12239	0.00029
5786.19366	0.00054
5784.26493	0.00073
5782.33620	0.00016
5780.40746	-0.00074
5778.47873	-0.00094
5776.55000	-0.00051
5774.62127	-0.00028
5772.69254	-0.00034
5770.76381	-0.00031
5768.83508	-0.00029
5766.90635	-0.00046
5764.97762	-0.00066
5763.04888	-0.00067
5761.12015	-0.00042
5759.19142	-0.00014
5757.26269	-0.00003
5755.33396	0.00006
5753.40523	-0.00006
5751.47650	-0.00045
5749.54777	-0.00045
5747.61903	-0.00005
5745.69030	0.00011
5743.76157	0.00000
5741.83284	-0.00006
5739.90411	0.00002
5737.97538	0.00032
5736.04665	0.00055
5734.11792	0.00041
5732.18918	0.00007
5730.26045	-0.00034
5728.33172	-0.00072
5726.40299	-0.00056
5724.47426	0.00004
5722.54553	0.00035
5720.61680	0.00026
5718.68807	0.00002
5716.75933	-0.00011
5714.83060	0.00016
5712.90187	0.00063
5710.97314	0.00065
5709.04441	0.00002
5707.11568	-0.00051
5705.18695	-0.00020
5703.25822	0.00046
5701.32948	0.00051
5699.40075	0.00008
5697.47202	-0.00002
5695.54329	0.00018
5693.61456	0.00011
5691.68583	-0.00015
5689.75710	-0.00029
5687.82837	-0.00042
5685.89964	-0.00069
5683.97090	-0.00074
5682.04217	-0.00032
5680.11344	0.00013
5678.18471	0.00013
5676.25598	-0.00017
5674.32725	-0.00018
5672.39852	0.00010
5670.46979	0.00023
5668.54105	-0.00000
5666.61232	-0.00029
5664.68359	-0.00027
5662.75486	-0.00013
5660.82613	-0.00019
5658.89740	-0.00018
5656.96867	0.00019
5655.03994	0.00044
5653.11120	0.00015
5651.18247	-0.00021
5649.25374	-0.00029
5647.32501	-0.00035
5645.39628	-0.00037
5643.46755	-0.00021
5641.53882	0.00008
5639.61009	0.00034
5637.68135	0.00036
5635.75262	0.00002
5633.82389	-0.00040
5631.89516	-0.00042
5629.96643	0.00004
5628.03770	0.00046
5626.10897	0.00044
5624.18024	0.00024
5622.25150	-0.00001
5620.32277	-0.00038
5618.39404	-0.00060
5616.46531	-0.00051
5614.53658	-0.00020
5612.60785	0.00018
5610.67912	0.00033
5608.75039	0.00021
5606.82166	0.00031
5604.89292	0.00078
5602.96419	0.00118
5601.03546	0.00108
5599.10673	0.00078
5597.17800	0.00080
5595.24927	0.00089
5593.32054	0.00067
5591.39181	0.00025
5589.46307	-0.00016
5587.53434	-0.00040
5585.60561	-0.00030
5583.67688	0.00018
5581.74815	0.00062
5579.81942	0.00054
5577.89069	0.00018
5575.96196	0.00001
5574.03322	0.00010
5572.10449	0.00036
5570.17576	0.00051
5568.24703	0.00023
5566.31830	-0.00025
5564.38957	-0.00035
5562.46084	0.00001
5560.53211	0.00049
5558.60337	0.00073
5556.67464	0.00064
5554.74591	0.00053
5552.81718	0.00059
5550.88845	0.00068
5548.95972	0.00069
5547.03099	0.00070
5545.10226	0.00056
5543.17352	0.00032
5541.24479	0.00032
5539.31606	0.00052
5537.38733	0.00060
5535.45860	0.00075
5533.52987	0.00106
5531.60114	0.00115
5529.67241	0.00086
5527.74368	0.00059
5525.81494	0.00050
5523.88621	0.00038
5521.95748	0.00028
5520.02875	0.00028
5518.10002	0.00030
5516.17129	0.00046
5514.24256	0.00069
5512.31383	0.00060
5510.38509	0.00029
5508.45636	0.00018
5506.52763	0.00041
5504.59890	0.00069
5502.67017	0.00064
5500.74144	0.00020
5498.81271	-0.00006
5496.88398	0.00043
5494.95524	0.00095
5493.02651	0.00091
5491.09778	0.00072
5489.16905	0.00059
5487.24032	0.00058
5485.31159	0.00070
5483.38286	0.00081
5481.45413	0.00080
5479.52539	0.00056
5477.59666	-0.00006
5475.66793	-0.00043
5473.73920	-0.00003
5471.81047	0.00035
5469.88174	0.00035
5467.95301	0.00044
5466.02428	0.00055
5464.09554	0.00042
5462.16681	0.00010
5460.23808	-0.00001
5458.30935	0.00007
5456.38062	0.00016
5454.45189	0.00047
5452.52316	0.00070
5450.59443	0.00052
5448.66570	0.00028
5446.73696	0.00022
5444.80823	0.00032
5442.87950	0.00026
5440.95077	0.00012
5439.02204	0.00032
5437.09331	0.00016
5435.16458	-0.00020
5433.23585	-0.00008
5431.30711	-0.00037
5429.37838	-0.00098
5427.44965	-0.00062
5425.52092	0.00016
5423.59219	0.00046
5421.66346	0.00039
5419.73473	0.00013
5417.80600	-0.00035
5415.87726	-0.00103
5413.94853	-0.00130
5412.01980	-0.00088
5410.09107	-0.00048
5408.16234	-0.00029
5406.23361	-0.00014
5404.30488	0.00004
5402.37615	0.00031
5400.44741	0.00042
5398.51868	0.00025
5396.58995	-0.00012
5394.66122	-0.00035
5392.73249	0.00007
5390.80376	0.00063
5388.87503	0.00044
5386.94630	-0.00000
5385.01756	0.00018
5383.08883	0.00067
5381.16010	0.00085
5379.23137	0.00057
5377.30264	0.00010
5375.37391	0.00006
5373.44518	0.00033
5371.51645	0.00039
5369.58772	0.00032
5367.65898	0.00023
5365.73025	0.00006
5363.80152	-0.00001
5361.87279	0.00013
5359.94406	0.00036
5358.01533	0.00054
5356.08660	0.00025
5354.15787	-0.00024
5352.22913	-0.00008
5350.30040	0.00026
5348.37167	-0.00006
5346.44294	-0.00084
5344.51421	-0.00107
5342.58548	-0.00052
5340.65675	-0.00067
5338.72802	-0.00119
5336.79928	-0.00064
5334.87055	0.00024
5332.94182	0.00044
5331.01309	0.00018
5329.08436	-0.00017
5327.15563	-0.00014
5325.22690	0.00032
5323.29817	0.00056
5321.36943	0.00053
5319.44070	0.00040
5317.51197	0.00009
5315.58324	-0.00009
5313.65451	0.00017
5311.72578	0.00059
5309.79705	0.00064
5307.86832	0.00041
5305.93958	0.00046
5304.01085	0.00064
5302.08212	0.00064
5300.15339	0.00081
5298.22466	0.00123
5296.29593	0.00158
5294.36720	0.00166
5292.43847	0.00147
5290.50974	0.00131
5288.58100	0.00153
5286.65227	0.00178
5284.72354	0.00198
5282.79481	0.00230
5280.86608	0.00268
5278.93735	0.00312
5277.00862	0.00345
5275.07989	0.00344
5273.15115	0.00318
5271.22242	0.00288
5269.29369	0.00287
5267.36496	0.00310
5265.43623	0.00315
5263.50750	0.00327
5261.57877	0.00381
5259.65004	0.00435
5257.72130	0.00450
5255.79257	0.00442
5253.86384	0.00471
5251.93511	0.00487
5250.00638	0.00433
5248.07765	0.00398
5246.14892	0.00443
5244.22019	0.00503
5242.29145	0.00546
5240.36272	0.00557
5238.43399	0.00548
5236.50526	0.00546
5234.57653	0.00551
5232.64780	0.00550
5230.71907	0.00546
5228.79034	0.00526
5226.86160	0.00484
5224.93287	0.00494
5223.00414	0.00560
5221.07541	0.00590
5219.14668	0.00587
5217.21795	0.00601
5215.28922	0.00615
5213.36049	0.00604
5211.43176	0.00569
5209.50302	0.00513
5207.57429	0.00474
5205.64556	0.00489
5203.71683	0.00530
5201.78810	0.00558
5199.85937	0.00573
5197.93064	0.00571
5196.00191	0.00574
5194.07317	0.00587
5192.14444	0.00587
5190.21571	0.00571
5188.28698	0.00543
5186.35825	0.00511
5184.42952	0.00515
5182.50079	0.00547
5180.57206	0.00556
5178.64332	0.00564
5176.71459	0.00593
5174.78586	0.00620
5172.85713	0.00620
5170.92840	0.00599
5168.99967	0.00579
5167.07094	0.00558
5165.14221	0.00525
5163.21347	0.00507
5161.28474	0.00516
5159.35601	0.00522
5157.42728	0.00511
5155.49855	0.00489
5153.56982	0.00470
5151.64109	0.00483
5149.71236	0.00517
5147.78362	0.00526
5145.85489	0.00507
5143.92616	0.00486
5141.99743	0.00475
5140.06870	0.00468
5138.13997	0.00443
5136.21124	0.00409
5134.28251	0.00397
5132.35378	0.00395
5130.42504	0.00392
5128.49631	0.00403
5126.56758	0.00425
5124.63885	0.00437
5122.71012	0.00441
5120.78139	0.00438
5118.85266	0.00425
5116.92393	0.00413
5114.99519	0.00401
5113.06646	0.00379
5111.13773	0.00349
5109.20900	0.00328
5107.28027	0.00316
5105.35154	0.00305
5103.42281	0.00305
5101.49408	0.00323
5099.56534	0.00336
5097.63661	0.00333
5095.70788	0.00323
5093.77915	0.00303
5091.85042	0.00279
5089.92169	0.00277
5087.99296	0.00303
5086.06423	0.00330
5084.13549	0.00325
5082.20676	0.00280
5080.27803	0.00232
5078.34930	0.00217
5076.42057	0.00230
5074.49184	0.00244
5072.56311	0.00243
5070.63438	0.00240
5068.70564	0.00255
5066.77691	0.00262
5064.84818	0.00231
5062.91945	0.00199
5060.99072	0.00192
5059.06199	0.00187
5057.13326	0.00178
5055.20453	0.00164
5053.27580	0.00137
5051.34706	0.00114
5049.41833	0.00121
5047.48960	0.00155
5045.56087	0.00185
5043.63214	0.00177
5041.70341	0.00137
5039.77468	0.00110
5037.84595	0.00121
5035.91721	0.00147
5033.98848	0.00161
5032.05975	0.00161
5030.13102	0.00155
5028.20229	0.00149
5026.27356	0.00139
5024.34483	0.00134
5022.41610	0.00143
5020.48736	0.00149
5018.55863	0.00141
5016.62990	0.00130
5014.70117	0.00117
5012.77244	0.00105
5010.84371	0.00103
5008.91498	0.00102
5006.98625	0.00102
5005.05751	0.00111
5003.12878	0.00120
5001.20005	0.00118
4999.27132	0.00105
4997.34259	0.00087
4995.41386	0.00065
4993.48513	0.00050
4991.55640	0.00058
4989.62766	0.00078
4987.69893	0.00083
4985.77020	0.00074
4983.84147	0.00073
4981.91274	0.00072
4979.98401	0.00051
4978.05528	0.00020
4976.12655	-0.00000
4974.19782	-0.00002
4972.26908	-0.00001
4970.34035	0.00001
4968.41162	0.00022
4966.48289	0.00057
4964.55416	0.00073
4962.62543	0.00061
4960.69670	0.00044
4958.76797	0.00049
4956.83923	0.00059
4954.91050	0.00050
4952.98177	0.00037
4951.05304	0.00041
4949.12431	0.00050
4947.19558	0.00046
4945.26685	0.00041
4943.33812	0.00048
4941.40938	0.00051
4939.48065	0.00039
4937.55192	0.00026
4935.62319	0.00032
4933.69446	0.00054
4931.76573	0.00066
4929.83700	0.00050
4927.90827	0.00027
4925.97953	0.00020
4924.05080	0.00027
4922.12207	0.00038
4920.19334	0.00041
4918.26461	0.00033
4916.33588	0.00024
4914.40715	0.00020
4912.47842	0.00024
4910.54968	0.00026
4908.62095	0.00013
4906.69222	-0.00004
4904.76349	0.00003
4902.83476	0.00025
4900.90603	0.00032
4898.97730	0.00025
4897.04857	0.00022
4895.11984	0.00033
4893.19110	0.00044
4891.26237	0.00043
4889.33364	0.00037
4887.40491	0.00042
4885.47618	0.00060
4883.54745	0.00070
4881.61872	0.00055
4879.68999	0.00030
4877.76125	0.00020
4875.83252	0.00021
4873.90379	0.00016
4871.97506	0.00010
4870.04633	0.00016
4868.11760	0.00031
4866.18887	0.00033
4864.26014	0.00022
4862.33140	0.00008
4860.40267	-0.00000
4858.47394	0.00008
4856.54521	0.00030
4854.61648	0.00046
4852.68775	0.00055
4850.75902	0.00067
4848.83029	0.00066
4846.90155	0.00049
4844.97282	0.00040
4843.04409	0.00043
4841.11536	0.00042
4839.18663	0.00036
4837.25790	0.00044
4835.32917	0.00054
4833.40044	0.00052
4831.47170	0.00047
4829.54297	0.00050
4827.61424	0.00074
4825.68551	0.00100
4823.75678	0.00103
4821.82805	0.00088
4819.89932	0.00072
4817.97059	0.00065
4816.04186	0.00068
4814.11312	0.00068
4812.18439	0.00047
4810.25566	0.00021
4808.32693	0.00021
4806.39820	0.00033
4804.46947	0.00041
4802.54074	0.00044
4800.61201	0.00045
4798.68327	0.00045
4796.75454	0.00044
4794.82581	0.00047
4792.89708	0.00055
4790.96835	0.00059
4789.03962	0.00057
4787.11089	0.00055
4785.18216	0.00057
4783.25342	0.00058
4781.32469	0.00057
4779.39596	0.00056
4777.46723	0.00053
4775.53850	0.00048
4773.60977	0.00055
4771.68104	0.00072
4769.75231	0.00072
4767.82357	0.00050
4765.89484	0.00035
4763.96611	0.00039
4762.03738	0.00052
4760.10865	0.00062
4758.17992	0.00061
4756.25119	0.00044
4754.32246	0.00024
4752.39372	0.00009
4750.46499	0.00000
4748.53626	-0.00003
4746.60753	-0.00008
4744.67880	-0.00012
4742.75007	-0.00012
4740.82134	-0.00021
4738.89261	-0.00042
4736.96388	-0.00067
4735.03514	-0.00087
4733.10641	-0.00086
4731.17768	-0.00074
4729.24895	-0.00075
4727.32022	-0.00081
4725.39149	-0.00078
4723.46276	-0.00069
4721.53403	-0.00061
4719.60529	-0.00048
4717.67656	-0.00037
4715.74783	-0.00041
4713.81910	-0.00053
4711.89037	-0.00057
4709.96164	-0.00045
4708.03291	-0.00032
4706.10418	-0.00025
4704.17544	-0.00018
4702.24671	0.00001
4700.31798	0.00029
4698.38925	0.00044
4696.46052	0.00027
4694.53179	-0.00007
4692.60306	-0.00032
4690.67433	-0.00044
4688.74559	-0.00049
4686.81686	-0.00039
4684.88813	-0.00022
4682.95940	-0.00017
4681.03067	-0.00032
4679.10194	-0.00050
4677.17321	-0.00038
4675.24448	-0.00007
4673.31574	0.00002
4671.38701	-0.00020
4669.45828	-0.00047
4667.52955	-0.00052
4665.60082	-0.00036
4663.67209	-0.00023
4661.74336	-0.00020
4659.81463	-0.00019
4657.88590	-0.00015
4655.95716	-0.00002
4654.02843	0.00008
4652.09970	0.00002
4650.17097	-0.00000
4648.24224	0.00016
4646.31351	0.00019
4644.38478	0.00003
4642.45605	-0.00004
4640.52731	-0.00000
4638.59858	-0.00005
4636.66985	-0.00010
4634.74112	-0.00001
4632.81239	0.00014
4630.88366	0.00021
4628.95493	0.00021
4627.02620	0.00027
4625.09746	0.00029
4623.16873	0.00025
4621.24000	0.00016
4619.31127	0.00001
4617.38254	-0.00005
4615.45381	0.00006
4613.52508	0.00025
4611.59635	0.00038
4609.66761	0.00034
4607.73888	0.00018
4605.81015	0.00011
4603.88142	0.00021
4601.95269	0.00032
4600.02396	0.00042
4598.09523	0.00061
4596.16650	0.00066
4594.23776	0.00051
4592.30903	0.00045
4590.38030	0.00055
4588.45157	0.00053
4586.52284	0.00040
4584.59411	0.00044
4582.66538	0.00058
4580.73665	0.00060
4578.80792	0.00050
4576.87918	0.00047
4574.95045	0.00055
4573.02172	0.00061
4571.09299	0.00059
4569.16426	0.00056
4567.23553	0.00056
4565.30680	0.00054
4563.37807	0.00042
4561.44933	0.00027
4559.52060	0.00025
4557.59187	0.00023
4555.66314	0.00014
4553.73441	0.00014
4551.80568	0.00026
4549.87695	0.00032
4547.94822	0.00028
4546.01948	0.00020
4544.09075	0.00007
4542.16202	-0.00003
4540.23329	-0.00005
4538.30456	-0.00006
4536.37583	-0.00008
4534.44710	-0.00006
4532.51837	-0.00003
4530.58963	0.00000
4528.66090	0.00006
4526.73217	0.00007
4524.80344	-0.00003
4522.87471	-0.00010
4520.94598	-0.00003
4519.01725	0.00006
4517.08852	0.00011
4515.15978	0.00009
4513.23105	0.00002
4511.30232	-0.00006
4509.37359	-0.00018
4507.44486	-0.00020
4505.51613	-0.00010
4503.58740	-0.00005
4501.65867	-0.00016
4499.72994	-0.00027
4497.80120	-0.00025
4495.87247	-0.00023
4493.94374	-0.00034
4492.01501	-0.00046
4490.08628	-0.00049
4488.15755	-0.00052
4486.22882	-0.00055
4484.30009	-0.00051
4482.37135	-0.00045
4480.44262	-0.00044
4478.51389	-0.00042
4476.58516	-0.00040
4474.65643	-0.00051
4472.72770	-0.00070
4470.79897	-0.00087
4468.87024	-0.00090
4466.94150	-0.00077
4465.01277	-0.00062
4463.08404	-0.00058
4461.15531	-0.00064
4459.22658	-0.00064
4457.29785	-0.00051
4455.36912	-0.00041
4453.44039	-0.00043
4451.51165	-0.00046
4449.58292	-0.00052
4447.65419	-0.00063
4445.72546	-0.00059
4443.79673	-0.00042
4441.86800	-0.00027
4439.93927	-0.00019
4438.01054	-0.00008
4436.08180	0.00010
4434.15307	0.00015
4432.22434	0.00004
4430.29561	-0.00003
4428.36688	0.00001
4426.43815	0.00003
4424.50942	0.00000
4422.58069	-0.00000
4420.65196	0.00000
4418.72322	0.00002
4416.79449	0.00012
4414.86576	0.00028
4412.93703	0.00040
4411.00830	0.00046
4409.07957	0.00044
4407.15084	0.00043
4405.22211	0.00048
4403.29337	0.00044
4401.36464	0.00031
4399.43591	0.00023
4397.50718	0.00022
4395.57845	0.00032
4393.64972	0.00061
4391.72099	0.00091
4389.79226	0.00093
4387.86352	0.00073
4385.93479	0.00050
4384.00606	0.00034
4382.07733	0.00034
4380.14860	0.00041
4378.21987	0.00040
4376.29114	0.00036
4374.36241	0.00037
4372.43367	0.00045
4370.50494	0.00054
4368.57621	0.00047
4366.64748	0.00035
4364.71875	0.00046
4362.79002	0.00072
4360.86129	0.00082
4358.93256	0.00076
4357.00382	0.00071
4355.07509	0.00072
4353.14636	0.00074
4351.21763	0.00075
4349.28890	0.00076
4347.36017	0.00077
4345.43144	0.00076
4343.50271	0.00080
4341.57398	0.00080
4339.64524	0.00071
4337.71651	0.00067
4335.78778	0.00076
4333.85905	0.00085
4331.93032	0.00076
4330.00159	0.00052
4328.07286	0.00033
4326.14413	0.00038
4324.21539	0.00061
4322.28666	0.00069
4320.35793	0.00050
4318.42920	0.00026
4316.50047	0.00014
4314.57174	0.00010
4312.64301	0.00004
4310.71428	0.00000
4308.78554	0.00007
4306.85681	0.00017
4304.92808	0.00010
4302.99935	-0.00014
4301.07062	-0.00037
4299.14189	-0.00041
4297.21316	-0.00030
4295.28443	-0.00018
4293.35569	-0.00011
4291.42696	-0.00001
4289.49823	0.00013
4287.56950	0.00012
4285.64077	-0.00006
4283.71204	-0.00022
4281.78331	-0.00026
4279.85458	-0.00018
4277.92584	-0.00000
4275.99711	0.00007
4274.06838	0.00003
4272.13965	0.00010
4270.21092	0.00022
4268.28219	0.00025
4266.35346	0.00027
4264.42473	0.00032
4262.49600	0.00028
4260.56726	0.00021
4258.63853	0.00023
4256.70980	0.00023
4254.78107	0.00012
4252.85234	0.00002
4250.92361	0.00001
4248.99488	0.00005
4247.06615	0.00005
4245.13741	-0.00006
4243.20868	-0.00023
4241.27995	-0.00033
4239.35122	-0.00028
4237.42249	-0.00021
4235.49376	-0.00022
4233.56503	-0.00025
4231.63630	-0.00024
4229.70756	-0.00019
4227.77883	-0.00008
4225.85010	0.00000
4223.92137	0.00001
4221.99264	-0.00001
4220.06391	-0.00003
4218.13518	-0.00004
4216.20645	-0.00003
4214.27771	0.00001
4212.34898	0.00008
4210.42025	0.00011
4208.49152	0.00017
4206.56279	0.00020
4204.63406	0.00012
4202.70533	0.00002
4200.77660	-0.00000
4198.84786	-0.00003
4196.91913	-0.00005
4194.99040	-0.00010
4193.06167	-0.00012
4191.13294	-0.00007
4189.20421	-0.00002
4187.27548	-0.00008
4185.34675	-0.00019
4183.41802	-0.00018
4181.48928	-0.00006
4179.56055	-0.00007
4177.63182	-0.00022
4175.70309	-0.00026
4173.77436	-0.00015
4171.84563	-0.00011
4169.91690	-0.00021
4167.98817	-0.00035
4166.05943	-0.00046
4164.13070	-0.00052
4162.20197	-0.00053
4160.27324	-0.00050
4158.34451	-0.00047
4156.41578	-0.00047
4154.48705	-0.00040
4152.55832	-0.00027
4150.62958	-0.00020
4148.70085	-0.00026
4146.77212	-0.00043
4144.84339	-0.00050
4142.91466	-0.00046
4140.98593	-0.00048
4139.05720	-0.00056
4137.12847	-0.00060
4135.19973	-0.00051
4133.27100	-0.00035
4131.34227	-0.00027
4129.41354	-0.00026
4127.48481	-0.00022
4125.55608	-0.00020
4123.62735	-0.00022
4121.69862	-0.00021
4119.76988	-0.00020
4117.84115	-0.00028
4115.91242	-0.00042
4113.98369	-0.00043
4112.05496	-0.00028
4110.12623	-0.00020
4108.19750	-0.00029
4106.26877	-0.00042
4104.34004	-0.00038
4102.41130	-0.00016
4100.48257	0.00003
4098.55384	0.00004
4096.62511	-0.00016
4094.69638	-0.00035
4092.76765	-0.00035
4090.83892	-0.00020
4088.91019	-0.00002
4086.98145	0.00013
4085.05272	0.00018
4083.12399	0.00018
4081.19526	0.00020
4079.26653	0.00024
4077.33780	0.00026
4075.40907	0.00032
4073.48034	0.00044
4071.55160	0.00052
4069.62287	0.00051
4067.69414	0.00054
4065.76541	0.00059
4063.83668	0.00057
4061.90795	0.00046
4059.97922	0.00053
4058.05049	0.00072
4056.12175	0.00076
4054.19302	0.00072
4052.26429	0.00081
4050.33556	0.00090
4048.40683	0.00078
4046.47810	0.00048
4044.54937	0.00037
4042.62064	0.00059
4040.69190	0.00085
4038.76317	0.00096
4036.83444	0.00095
4034.90571	0.00086
4032.97698	0.00080
4031.04825	0.00087
4029.11952	0.00092
4027.19079	0.00076
4025.26206	0.00064
4023.33332	0.00070
4021.40459	0.00071
4019.47586	0.00065
4017.54713	0.00063
4015.61840	0.00065
4013.68967	0.00069
4011.76094	0.00066
4009.83221	0.00052
4007.90347	0.00048
4005.97474	0.00060
4004.04601	0.00069
4002.11728	0.00071
4000.18855	0.00075
3998.25982	0.00073
3996.33109	0.00070
3994.40236	0.00070
3992.47362	0.00071
3990.54489	0.00066
3988.61616	0.00061
3986.68743	0.00054
3984.75870	0.00045
3982.82997	0.00036
3980.90124	0.00033
3978.97251	0.00031
3977.04377	0.00025
3975.11504	0.00022
3973.18631	0.00024
3971.25758	0.00021
3969.32885	0.00013
3967.40012	0.00009
3965.47139	0.00009
3963.54266	0.00001
3961.61392	-0.00010
3959.68519	-0.00020
3957.75646	-0.00029
3955.82773	-0.00034
3953.89900	-0.00037
3951.97027	-0.00047
3950.04154	-0.00063
3948.11281	-0.00074
3946.18408	-0.00073
3944.25534	-0.00081
3942.32661	-0.00086
3940.39788	-0.00079
3938.46915	-0.00082
3936.54042	-0.00100
3934.61169	-0.00145
3932.68296	-0.00190
3930.75423	-0.00190
3928.82549	-0.00173
3926.89676	-0.00179
3924.96803	-0.00184
3923.03930	-0.00173
3921.11057	-0.00185
3919.18184	-0.00229
3917.25311	-0.00264
3915.32438	-0.00266
3913.39564	-0.00267
3911.46691	-0.00274
3909.53818	-0.00258
3907.60945	-0.00243
3905.68072	-0.00261
3903.75199	-0.00287
3901.82326	-0.00300
3899.89453	-0.00313
3897.96579	-0.00317
3896.03706	-0.00331
3894.10833	-0.00379
3892.17960	-0.00411
3890.25087	-0.00373
3888.32214	-0.00370
3886.39341	-0.00431
3884.46468	-0.00428
3882.53594	-0.00428
3880.60721	-0.00467
3878.67848	-0.00456
3876.74975	-0.00448
3874.82102	-0.00465
3872.89229	-0.00474
3870.96356	-0.00507
3869.03483	-0.00496
3867.10610	-0.00484
3865.17736	-0.00542
3863.24863	-0.00574
3861.31990	-0.00547
3859.39117	-0.00483
3857.46244	-0.00443
3855.53371	-0.00510
3853.60498	-0.00573
3851.67625	-0.00521
3849.74751	-0.00516
3847.81878	-0.00579
3845.89005	-0.00617
3843.96132	-0.00606
3842.03259	-0.00576
3840.10386	-0.00591
3838.17513	-0.00619
3836.24640	-0.00593
3834.31766	-0.00586
3832.38893	-0.00622
3830.46020	-0.00632
3828.53147	-0.00623
3826.60274	-0.00600
3824.67401	-0.00574
3822.74528	-0.00599
3820.81655	-0.00579
3818.88781	-0.00538
3816.95908	-0.00612
3815.03035	-0.00643
3813.10162	-0.00584
3811.17289	-0.00559
3809.24416	-0.00581
3807.31543	-0.00572
3805.38670	-0.00496
3803.45796	-0.00504
3801.52923	-0.00547
3799.60050	-0.00494
3797.67177	-0.00475
3795.74304	-0.00492
3793.81431	-0.00475
3791.88558	-0.00470
3789.95685	-0.00473
3788.02812	-0.00465
3786.09938	-0.00447
3784.17065	-0.00417
3782.24192	-0.00400
3780.31319	-0.00406
3778.38446	-0.00386
3776.45573	-0.00347
3774.52700	-0.00325
3772.59827	-0.00325
3770.66953	-0.00336
3768.74080	-0.00322
3766.81207	-0.00312
3764.88334	-0.00304
3762.95461	-0.00295
3761.02588	-0.00315
3759.09715	-0.00303
3757.16842	-0.00231
3755.23968	-0.00168
3753.31095	-0.00164
3751.38222	-0.00149
3749.45349	-0.00045
3747.52476	0.00012
3745.59603	-0.00069
3743.66730	-0.00030
3741.73857	0.00131
3739.80983	0.00184
3737.88110	0.00177
3735.95237	0.00225
3734.02364	0.00324
3732.09491	0.00420
3730.16618	0.00511
3728.23745	0.00566
3726.30872	0.00626
3724.37998	0.00748
3722.45125	0.00886
3720.52252	0.01025
3718.59379	0.01181
3716.66506	0.01351
3714.73633	0.01495
3712.80760	0.01625
3710.87887	0.01819
3708.95014	0.02052
3707.02140	0.02265
3705.09267	0.02459
3703.16394	0.02655
3701.23521	0.02895
3699.30648	0.03158
3697.37775	0.03401
3695.44902	0.03657
3693.52029	0.03918
3691.59155	0.04152
3689.66282	0.04395
3687.73409	0.04717
3685.80536	0.05062
3683.87663	0.05366
3681.94790	0.05689
3680.01917	0.06061
3678.09044	0.06420
3676.16170	0.06804
3674.23297	0.07272
3672.30424	0.07633
3670.37551	0.07906
3668.44678	0.08296
3666.51805	0.08681
3664.58932	0.08991
3662.66059	0.09317
3660.73185	0.09663
3658.80312	0.09974
3656.87439	0.10282
3654.94566	0.10655
3653.01693	0.10974
3651.08820	0.11187
3649.15947	0.11456
3647.23074	0.11807
3645.30200	0.12110
3643.37327	0.12346
3641.44454	0.12588
3639.51581	0.12855
3637.58708	0.13113
3635.65835	0.13364
3633.72962	0.13627
3631.80089	0.13841
3629.87216	0.14001
3627.94342	0.14259
3626.01469	0.14551
3624.08596	0.14747
3622.15723	0.14895
3620.22850	0.15067
3618.29977	0.15291
3616.37104	0.15487
3614.44231	0.15619
3612.51357	0.15756
3610.58484	0.15902
3608.65611	0.16061
3606.72738	0.16269
3604.79865	0.16474
3602.86992	0.16634
3600.94119	0.16785
3599.01246	0.16947
3597.08372	0.17101
3595.15499	0.17254
3593.22626	0.17424
3591.29753	0.17567
3589.36880	0.17658
3587.44007	0.17780
3585.51134	0.17965
3583.58261	0.18134
3581.65387	0.18270
3579.72514	0.18411
3577.79641	0.18557
3575.86768	0.18695
3573.93895	0.18827
3572.01022	0.18954
3570.08149	0.19051
3568.15276	0.19143
3566.22402	0.19302
3564.29529	0.19480
3562.36656	0.19606
3560.43783	0.19715
3558.50910	0.19834
3556.58037	0.19955
3554.65164	0.20079
3552.72291	0.20218
3550.79418	0.20361
3548.86544	0.20468
3546.93671	0.20550
3545.00798	0.20654
3543.07925	0.20772
3541.15052	0.20878
3539.22179	0.20973
3537.29306	0.21062
3535.36433	0.21155
3533.43559	0.21263
3531.50686	0.21368
3529.57813	0.21461
3527.64940	0.21552
3525.72067	0.21654
3523.79194	0.21764
3521.86321	0.21870
3519.93448	0.21954
3518.00574	0.22020
3516.07701	0.22093
3514.14828	0.22177
3512.21955	0.22257
3510.29082	0.22328
3508.36209	0.22409
3506.43336	0.22493
3504.50463	0.22569
3502.57589	0.22658
3500.64716	0.22755
3498.71843	0.22835
3496.78970	0.22908
3494.86097	0.22985
3492.93224	0.23051
3491.00351	0.23107
3489.07478	0.23174
3487.14604	0.23247
3485.21731	0.23313
3483.28858	0.23373
3481.35985	0.23439
3479.43112	0.23505
3477.50239	0.23552
3475.57366	0.23601
3473.64493	0.23669
3471.71620	0.23741
3469.78746	0.23809
3467.85873	0.23878
3465.93000	0.23935
3464.00127	0.23969
3462.07254	0.23990
3460.14381	0.24022
3458.21508	0.24073
3456.28635	0.24134
3454.35761	0.24200
3452.42888	0.24265
3450.50015	0.24318
3448.57142	0.24357
3446.64269	0.24402
3444.71396	0.24451
3442.78523	0.24485
3440.85650	0.24515
3438.92776	0.24545
3436.99903	0.24581
3435.07030	0.24629
3433.14157	0.24673
3431.21284	0.24710
3429.28411	0.24749
3427.35538	0.24792
3425.42665	0.24838
3423.49791	0.24883
3421.56918	0.24927
3419.64045	0.24973
3417.71172	0.25010
3415.78299	0.25037
3413.85426	0.25063
3411.92553	0.25083
3409.99680	0.25107
3408.06806	0.25150
3406.13933	0.25204
3404.21060	0.25247
3402.28187	0.25285
3400.35314	0.25314
3398.42441	0.25288
3396.49568	0.25295
3394.56695	0.25311
3392.63822	0.25334
3390.70948	0.25374
3388.78075	0.25424
3386.85202	0.25468
3384.92329	0.25496
3382.99456	0.25506
3381.06583	0.25521
3379.13710	0.25556
3377.20837	0.25588
3375.27963	0.25597
3373.35090	0.25608
3371.42217	0.25643
3369.49344	0.25677
3367.56471	0.25688
3365.63598	0.25693
3363.70725	0.25707
3361.77852	0.25724
3359.84978	0.25748
3357.92105	0.25779
3355.99232	0.25802
3354.06359	0.25812
3352.13486	0.25808
3350.20613	0.25796
3348.27740	0.25796
3346.34867	0.25815
3344.41993	0.25830
3342.49120	0.25839
3340.56247	0.25848
3338.63374	0.25842
3336.70501	0.25824
3334.77628	0.25811
3332.84755	0.25806
3330.91882	0.25811
3328.99008	0.25830
3327.06135	0.25850
3325.13262	0.25845
3323.20389	0.25820
3321.27516	0.25800
3319.34643	0.25787
3317.41770	0.25773
3315.48897	0.25767
3313.56024	0.25769
3311.63150	0.25776
3309.70277	0.25781
3307.77404	0.25780
3305.84531	0.25774
3303.91658	0.25771
3301.98785	0.25772
3300.05912	0.25770
3298.13039	0.25761
3296.20165	0.25741
3294.27292	0.25712
3292.34419	0.25678
3290.41546	0.25643
3288.48673	0.25605
3286.55800	0.25563
3284.62927	0.25524
3282.70054	0.25496
3280.77180	0.25479
3278.84307	0.25464
3276.91434	0.25439
3274.98561	0.25398
3273.05688	0.25353
3271.12815	0.25324
3269.19942	0.25302
3267.27069	0.25270
3265.34195	0.25220
3263.41322	0.25166
3261.48449	0.25118
3259.55576	0.25071
3257.62703	0.25019
3255.69830	0.24967
3253.76957	0.24916
3251.84084	0.24869
3249.91210	0.24827
3247.98337	0.24776
3246.05464	0.24718
3244.12591	0.24670
3242.19718	0.24625
3240.26845	0.24569
3238.33972	0.24517
3236.41099	0.24473
3234.48226	0.24428
3232.55352	0.24375
3230.62479	0.24312
3228.69606	0.24256
3226.76733	0.24218
3224.83860	0.24183
3222.90987	0.24133
3220.98114	0.24070
3219.05241	0.24007
3217.12367	0.23949
3215.19494	0.23890
3213.26621	0.23832
3211.33748	0.23774
3209.40875	0.23716
3207.48002	0.23662
3205.55129	0.23608
3203.62256	0.23550
3201.69382	0.23488
3199.76509	0.23422
3197.83636	0.23355
3195.90763	0.23284
3193.97890	0.23216
3192.05017	0.23155
3190.12144	0.23093
3188.19271	0.23021
3186.26397	0.22938
3184.33524	0.22855
3182.40651	0.22776
3180.47778	0.22703
3178.54905	0.22640
3176.62032	0.22583
3174.69159	0.22522
3172.76286	0.22455
3170.83412	0.22381
3168.90539	0.22298
3166.97666	0.22219
3165.04793	0.22153
3163.11920	0.22092
3161.19047	0.22021
3159.26174	0.21944
3157.33301	0.21872
3155.40428	0.21803
3153.47554	0.21729
3151.54681	0.21653
3149.61808	0.21572
3147.68935	0.21484
3145.76062	0.21401
3143.83189	0.21337
3141.90316	0.21280
3139.97443	0.21217
3138.04569	0.21146
3136.11696	0.21069
3134.18823	0.20993
3132.25950	0.20916
3130.33077	0.20831
3128.40204	0.20747
3126.47331	0.20672
3124.54458	0.20596
3122.61584	0.20517
3120.68711	0.20449
3118.75838	0.20391
3116.82965	0.20338
3114.90092	0.20285
3112.97219	0.20229
3111.04346	0.20168
3109.11473	0.20100
3107.18599	0.20027
3105.25726	0.19960
3103.32853	0.19902
3101.39980	0.19845
3099.47107	0.19778
3097.54234	0.19695
3095.61361	0.19612
3093.68488	0.19552
3091.75614	0.19498
3089.82741	0.19436
3087.89868	0.19376
3085.96995	0.19316
3084.04122	0.19252
3082.11249	0.19184
3080.18376	0.19110
3078.25503	0.19030
3076.32630	0.18951
3074.39756	0.18872
3072.46883	0.18792
3070.54010	0.18719
3068.61137	0.18647
3066.68264	0.18567
3064.75391	0.18480
3062.82518	0.18396
3060.89645	0.18319
3058.96771	0.18243
3057.03898	0.18165
3055.11025	0.18088
3053.18152	0.18009
3051.25279	0.17917
3049.32406	0.17817
3047.39533	0.17728
3045.46660	0.17655
3043.53786	0.17585
3041.60913	0.17504
3039.68040	0.17416
3037.75167	0.17329
3035.82294	0.17251
3033.89421	0.17176
3031.96548	0.17094
3030.03675	0.17005
3028.10801	0.16924
3026.17928	0.16856
3024.25055	0.16789
3022.32182	0.16719
3020.39309	0.16646
3018.46436	0.16571
3016.53563	0.16494
3014.60690	0.16423
3012.67816	0.16356
3010.74943	0.16287
3008.82070	0.16217
3006.89197	0.16157
3004.96324	0.16110
3003.03451	0.16063
3001.10578	0.16018
2999.17705	0.15992
2997.24832	0.15961
2995.31958	0.15912
2993.39085	0.15864
2991.46212	0.15831
2989.53339	0.15810
2987.60466	0.15796
2985.67593	0.15792
2983.74720	0.15794
2981.81847	0.15791
2979.88973	0.15777
2977.96100	0.15765
2976.03227	0.15760
2974.10354	0.15747
2972.17481	0.15722
2970.24608	0.15699
2968.31735	0.15696
2966.38862	0.15705
2964.45988	0.15705
2962.53115	0.15699
2960.60242	0.15699
2958.67369	0.15705
2956.74496	0.15717
2954.81623	0.15732
2952.88750	0.15741
2950.95877	0.15742
2949.03003	0.15753
2947.10130	0.15785
2945.17257	0.15820
2943.24384	0.15849
2941.31511	0.15879
2939.38638	0.15917
2937.45765	0.15963
2935.52892	0.16014
2933.60018	0.16060
2931.67145	0.16095
2929.74272	0.16114
2927.81399	0.16118
2925.88526	0.16107
2923.95653	0.16071
2922.02780	0.15996
2920.09907	0.15892
2918.17034	0.15763
2916.24160	0.15577
2914.31287	0.15319
2912.38414	0.15024
2910.45541	0.14752
2908.52668	0.14532
2906.59795	0.14354
2904.66922	0.14195
2902.74049	0.14040
2900.81175	0.13891
2898.88302	0.13757
2896.95429	0.13632
2895.02556	0.13507
2893.09683	0.13380
2891.16810	0.13254
2889.23937	0.13134
2887.31064	0.13020
2885.38190	0.12914
2883.45317	0.12812
2881.52444	0.12710
2879.59571	0.12613
2877.66698	0.12530
2875.73825	0.12466
2873.80952	0.12413
2871.88079	0.12352
2869.95205	0.12275
2868.02332	0.12198
2866.09459	0.12139
2864.16586	0.12104
2862.23713	0.12092
2860.30840	0.12096
2858.37967	0.12122
2856.45094	0.12185
2854.52220	0.12283
2852.59347	0.12356
2850.66474	0.12307
2848.73601	0.12075
2846.80728	0.11709
2844.87855	0.11319
2842.94982	0.10983
2841.02109	0.10716
2839.09236	0.10499
2837.16362	0.10307
2835.23489	0.10134
2833.30616	0.09983
2831.37743	0.09850
2829.44870	0.09723
2827.51997	0.09599
2825.59124	0.09487
2823.66251	0.09386
2821.73377	0.09291
2819.80504	0.09203
2817.87631	0.09121
2815.94758	0.09037
2814.01885	0.08948
2812.09012	0.08861
2810.16139	0.08780
2808.23266	0.08693
2806.30392	0.08607
2804.37519	0.08529
2802.44646	0.08452
2800.51773	0.08372
2798.58900	0.08292
2796.66027	0.08214
2794.73154	0.08139
2792.80281	0.08069
2790.87407	0.08000
2788.94534	0.07926
2787.01661	0.07847
2785.08788	0.07773
2783.15915	0.07706
2781.23042	0.07642
2779.30169	0.07578
2777.37296	0.07512
2775.44422	0.07446
2773.51549	0.07380
2771.58676	0.07309
2769.65803	0.07233
2767.72930	0.07160
2765.80057	0.07101
2763.87184	0.07047
2761.94311	0.06983
2760.01438	0.06914
2758.08564	0.06851
2756.15691	0.06793
2754.22818	0.06732
2752.29945	0.06670
2750.37072	0.06611
2748.44199	0.06554
2746.51326	0.06492
2744.58453	0.06424
2742.65579	0.06360
2740.72706	0.06303
2738.79833	0.06247
2736.86960	0.06188
2734.94087	0.06129
2733.01214	0.06070
2731.08341	0.06017
2729.15468	0.05967
2727.22594	0.05918
2725.29721	0.05861
2723.36848	0.05800
2721.43975	0.05737
2719.51102	0.05672
2717.58229	0.05607
2715.65356	0.05553
2713.72483	0.05503
2711.79609	0.05449
2709.86736	0.05389
2707.93863	0.05331
2706.00990	0.05276
2704.08117	0.05220
2702.15244	0.05163
2700.22371	0.05107
2698.29498	0.05056
2696.36624	0.05005
2694.43751	0.04951
2692.50878	0.04898
2690.58005	0.04850
2688.65132	0.04803
2686.72259	0.04752
2684.79386	0.04704
2682.86513	0.04658
2680.93640	0.04609
2679.00766	0.04560
2677.07893	0.04513
2675.15020	0.04468
2673.22147	0.04423
2671.29274	0.04374
2669.36401	0.04321
2667.43528	0.04267
2665.50655	0.04218
2663.57781	0.04172
2661.64908	0.04127
2659.72035	0.04086
2657.79162	0.04044
2655.86289	0.03997
2653.93416	0.03951
2652.00543	0.03912
2650.07670	0.03870
2648.14796	0.03820
2646.21923	0.03771
2644.29050	0.03733
2642.36177	0.03699
2640.43304	0.03655
2638.50431	0.03602
2636.57558	0.03556
2634.64685	0.03519
2632.71811	0.03483
2630.78938	0.03443
2628.86065	0.03401
2626.93192	0.03365
2625.00319	0.03332
2623.07446	0.03291
2621.14573	0.03245
2619.21700	0.03205
2617.28826	0.03167
2615.35953	0.03124
2613.43080	0.03082
2611.50207	0.03048
2609.57334	0.03017
2607.64461	0.02978
2605.71588	0.02934
2603.78715	0.02893
2601.85842	0.02858
2599.92968	0.02822
2598.00095	0.02785
2596.07222	0.02750
2594.14349	0.02719
2592.21476	0.02689
2590.28603	0.02652
2588.35730	0.02614
2586.42857	0.02580
2584.49983	0.02550
2582.57110	0.02521
2580.64237	0.02489
2578.71364	0.02452
2576.78491	0.02419
2574.85618	0.02393
2572.92745	0.02368
2570.99872	0.02338
2569.06998	0.02305
2567.14125	0.02276
2565.21252	0.02246
2563.28379	0.02214
2561.35506	0.02185
2559.42633	0.02153
2557.49760	0.02118
2555.56887	0.02085
2553.64013	0.02061
2551.71140	0.02036
2549.78267	0.02012
2547.85394	0.01992
2545.92521	0.01974
2543.99648	0.01952
2542.06775	0.01929
2540.13902	0.01906
2538.21028	0.01887
2536.28155	0.01868
2534.35282	0.01846
2532.42409	0.01823
2530.49536	0.01802
2528.56663	0.01781
2526.63790	0.01761
2524.70917	0.01742
2522.78044	0.01718
2520.85170	0.01691
2518.92297	0.01673
2516.99424	0.01658
2515.06551	0.01635
2513.13678	0.01609
2511.20805	0.01588
2509.27932	0.01571
2507.35059	0.01548
2505.42185	0.01521
2503.49312	0.01498
2501.56439	0.01479
2499.63566	0.01461
2497.70693	0.01441
2495.77820	0.01416
2493.84947	0.01391
2491.92074	0.01368
2489.99200	0.01347
2488.06327	0.01328
2486.13454	0.01309
2484.20581	0.01295
2482.27708	0.01284
2480.34835	0.01264
2478.41962	0.01233
2476.49089	0.01205
2474.56215	0.01182
2472.63342	0.01159
2470.70469	0.01138
2468.77596	0.01122
2466.84723	0.01103
2464.91850	0.01079
2462.98977	0.01053
2461.06104	0.01028
2459.13230	0.01007
2457.20357	0.00985
2455.27484	0.00961
2453.34611	0.00938
2451.41738	0.00912
2449.48865	0.00886
2447.55992	0.00863
2445.63119	0.00842
2443.70246	0.00815
2441.77372	0.00789
2439.84499	0.00776
2437.91626	0.00766
2435.98753	0.00756
2434.05880	0.00742
2432.13007	0.00724
2430.20134	0.00702
2428.27261	0.00680
2426.34387	0.00664
2424.41514	0.00651
2422.48641	0.00638
2420.55768	0.00622
2418.62895	0.00611
2416.70022	0.00603
2414.77149	0.00587
2412.84276	0.00566
2410.91402	0.00547
2408.98529	0.00531
2407.05656	0.00513
2405.12783	0.00496
2403.19910	0.00483
2401.27037	0.00474
2399.34164	0.00464
2397.41291	0.00450
2395.48417	0.00435
2393.55544	0.00422
2391.62671	0.00410
2389.69798	0.00399
2387.76925	0.00390
2385.84052	0.00382
2383.91179	0.00378
2381.98306	0.00381
2380.05432	0.00386
2378.12559	0.00387
2376.19686	0.00379
2374.26813	0.00365
2372.33940	0.00361
2370.41067	0.00368
2368.48194	0.00376
2366.55321	0.00376
2364.62448	0.00362
2362.69574	0.00339
2360.76701	0.00317
2358.83828	0.00294
2356.90955	0.00270
2354.98082	0.00252
2353.05209	0.00249
2351.12336	0.00263
2349.19463	0.00269
2347.26589	0.00248
2345.33716	0.00226
2343.40843	0.00219
2341.47970	0.00217
2339.55097	0.00215
2337.62224	0.00204
2335.69351	0.00185
2333.76478	0.00176
2331.83604	0.00177
2329.90731	0.00167
2327.97858	0.00147
2326.04985	0.00128
2324.12112	0.00111
2322.19239	0.00102
2320.26366	0.00102
2318.33493	0.00104
2316.40619	0.00098
2314.47746	0.00085
2312.54873	0.00072
2310.62000	0.00065
2308.69127	0.00061
2306.76254	0.00057
2304.83381	0.00053
2302.90508	0.00049
2300.97634	0.00044
2299.04761	0.00040
2297.11888	0.00037
2295.19015	0.00031
2293.26142	0.00025
2291.33269	0.00024
2289.40396	0.00023
2287.47523	0.00018
2285.54650	0.00011
2283.61776	0.00009
2281.68903	0.00009
2279.76030	0.00005
2277.83157	0.00002
2275.90284	0.00005
2273.97411	0.00008
2272.04538	0.00004
2270.11665	-0.00003
2268.18791	-0.00008
2266.25918	-0.00008
2264.33045	-0.00003
2262.40172	0.00002
2260.47299	0.00005
2258.54426	0.00004
2256.61553	-0.00002
2254.68680	-0.00007
2252.75806	-0.00007
2250.82933	-0.00007
2248.90060	-0.00015
2246.97187	-0.00016
2245.04314	-0.00019
2243.11441	-0.00020
2241.18568	-0.00018
2239.25695	-0.00013
2237.32821	-0.00007
2235.39948	-0.00005
2233.47075	-0.00007
2231.54202	-0.00009
2229.61329	-0.00010
2227.68456	-0.00010
2225.75583	-0.00010
2223.82710	-0.00005
2221.89836	-0.00000
2219.96963	-0.00005
2218.04090	-0.00011
2216.11217	-0.00017
2214.18344	-0.00025
2212.25471	-0.00032
2210.32598	-0.00037
2208.39725	-0.00042
2206.46852	-0.00049
2204.53978	-0.00057
2202.61105	-0.00065
2200.68232	-0.00070
2198.75359	-0.00075
2196.82486	-0.00082
2194.89613	-0.00091
2192.96740	-0.00099
2191.03867	-0.00104
2189.10993	-0.00105
2187.18120	-0.00107
2185.25247	-0.00109
2183.32374	-0.00110
2181.39501	-0.00112
2179.46628	-0.00114
2177.53755	-0.00116
2175.60882	-0.00119
2173.68008	-0.00121
2171.75135	-0.00125
2169.82262	-0.00129
2167.89389	-0.00131
2165.96516	-0.00132
2164.03643	-0.00136
2162.10770	-0.00135
2160.17897	-0.00132
2158.25023	-0.00132
2156.32150	-0.00133
2154.39277	-0.00134
2152.46404	-0.00136
2150.53531	-0.00139
2148.60658	-0.00147
2146.67785	-0.00157
2144.74912	-0.00165
2142.82038	-0.00167
2140.89165	-0.00170
2138.96292	-0.00177
2137.03419	-0.00184
2135.10546	-0.00183
2133.17673	-0.00179
2131.24800	-0.00178
2129.31927	-0.00180
2127.39054	-0.00185
2125.46180	-0.00192
2123.53307	-0.00201
2121.60434	-0.00210
2119.67561	-0.00214
2117.74688	-0.00214
2115.81815	-0.00212
2113.88942	-0.00206
2111.96069	-0.00205
2110.03195	-0.00214
2108.10322	-0.00223
2106.17449	-0.00232
2104.24576	-0.00242
2102.31703	-0.00245
2100.38830	-0.00240
2098.45957	-0.00241
2096.53084	-0.00246
2094.60210	-0.00251
2092.67337	-0.00257
2090.74464	-0.00263
2088.81591	-0.00268
2086.88718	-0.00271
2084.95845	-0.00274
2083.02972	-0.00274
2081.10099	-0.00273
2079.17225	-0.00276
2077.24352	-0.00282
2075.31479	-0.00284
2073.38606	-0.00285
2071.45733	-0.00287
2069.52860	-0.00289
2067.59987	-0.00292
2065.67114	-0.00293
2063.74240	-0.00286
2061.81367	-0.00280
2059.88494	-0.00279
2057.95621	-0.00277
2056.02748	-0.00271
2054.09875	-0.00262
2052.17002	-0.00252
2050.24129	-0.00240
2048.31256	-0.00225
2046.38382	-0.00211
2044.45509	-0.00200
2042.52636	-0.00191
2040.59763	-0.00183
2038.66890	-0.00174
2036.74017	-0.00160
2034.81144	-0.00139
2032.88271	-0.00122
2030.95397	-0.00114
2029.02524	-0.00110
2027.09651	-0.00107
2025.16778	-0.00104
2023.23905	-0.00098
2021.31032	-0.00088
2019.38159	-0.00074
2017.45286	-0.00060
2015.52412	-0.00046
2013.59539	-0.00037
2011.66666	-0.00030
2009.73793	-0.00024
2007.80920	-0.00018
2005.88047	-0.00010
2003.95174	-0.00003
2002.02301	0.00001
2000.09427	-0.00000
1998.16554	0.00000
1996.23681	0.00005
1994.30808	0.00004
1992.37935	-0.00005
1990.45062	-0.00011
1988.52189	-0.00020
1986.59316	-0.00029
1984.66442	-0.00034
1982.73569	-0.00043
1980.80696	-0.00049
1978.87823	-0.00051
1976.94950	-0.00056
1975.02077	-0.00063
1973.09204	-0.00070
1971.16331	-0.00078
1969.23458	-0.00093
1967.30584	-0.00108
1965.37711	-0.00115
1963.44838	-0.00129
1961.51965	-0.00149
1959.59092	-0.00162
1957.66219	-0.00168
1955.73346	-0.00174
1953.80473	-0.00184
1951.87599	-0.00200
1949.94726	-0.00219
1948.01853	-0.00230
1946.08980	-0.00233
1944.16107	-0.00245
1942.23234	-0.00253
1940.30361	-0.00244
1938.37488	-0.00249
1936.44614	-0.00264
1934.51741	-0.00275
1932.58868	-0.00280
1930.65995	-0.00278
1928.73122	-0.00270
1926.80249	-0.00262
1924.87376	-0.00263
1922.94503	-0.00259
1921.01629	-0.00241
1919.08756	-0.00243
1917.15883	-0.00230
1915.23010	-0.00192
1913.30137	-0.00167
1911.37264	-0.00143
1909.44391	-0.00109
1907.51518	-0.00067
1905.58644	-0.00028
1903.65771	0.00006
1901.72898	0.00037
1899.80025	0.00063
1897.87152	0.00095
1895.94279	0.00128
1894.01406	0.00170
1892.08533	0.00207
1890.15660	0.00227
1888.22786	0.00260
1886.29913	0.00291
1884.37040	0.00305
1882.44167	0.00323
1880.51294	0.00343
1878.58421	0.00357
1876.65548	0.00365
1874.72675	0.00376
1872.79801	0.00391
1870.86928	0.00377
1868.94055	0.00351
1867.01182	0.00354
1865.08309	0.00350
1863.15436	0.00322
1861.22563	0.00289
1859.29690	0.00257
1857.36816	0.00227
1855.43943	0.00192
1853.51070	0.00156
1851.58197	0.00125
1849.65324	0.00106
1847.72451	0.00091
1845.79578	0.00037
1843.86705	-0.00011
1841.93831	-0.00010
1840.00958	-0.00026
1838.08085	-0.00059
1836.15212	-0.00064
1834.22339	-0.00047
1832.29466	-0.00044
1830.36593	-0.00050
1828.43720	-0.00033
1826.50846	-0.00029
1824.57973	-0.00027
1822.65100	0.00004
1820.72227	0.00030
1818.79354	0.00038
1816.86481	0.00043
1814.93608	0.00062
1813.00735	0.00079
1811.07862	0.00093
1809.14988	0.00122
1807.22115	0.00160
1805.29242	0.00193
1803.36369	0.00209
1801.43496	0.00234
1799.50623	0.00310
1797.57750	0.00416
1795.64877	0.00498
1793.72003	0.00548
1791.79130	0.00626
1789.86257	0.00742
1787.93384	0.00820
1786.00511	0.00877
1784.07638	0.00981
1782.14765	0.01112
1780.21892	0.01237
1778.29018	0.01370
1776.36145	0.01503
1774.43272	0.01611
1772.50399	0.01717
1770.57526	0.01837
1768.64653	0.01928
1766.71780	0.02034
1764.78907	0.02161
1762.86033	0.02259
1760.93160	0.02382
1759.00287	0.02515
1757.07414	0.02640
1755.14541	0.02803
1753.21668	0.02957
1751.28795	0.03103
1749.35922	0.03298
1747.43048	0.03500
1745.50175	0.03688
1743.57302	0.03886
1741.64429	0.04102
1739.71556	0.04354
1737.78683	0.04623
1735.85810	0.04801
1733.92937	0.04965
1732.00064	0.05186
1730.07190	0.05339
1728.14317	0.05441
1726.21444	0.05563
1724.28571	0.05716
1722.35698	0.05915
1720.42825	0.06103
1718.49952	0.06256
1716.57079	0.06450
1714.64205	0.06644
1712.71332	0.06783
1710.78459	0.06919
1708.85586	0.07088
1706.92713	0.07300
1704.99840	0.07571
1703.06967	0.07836
1701.14094	0.08076
1699.21220	0.08417
1697.28347	0.08732
1695.35474	0.08977
1693.42601	0.09260
1691.49728	0.09511
1689.56855	0.09790
1687.63982	0.10111
1685.71109	0.10389
1683.78235	0.10720
1681.85362	0.11090
1679.92489	0.11352
1677.99616	0.11565
1676.06743	0.11814
1674.13870	0.12125
1672.20997	0.12394
1670.28124	0.12587
1668.35250	0.12825
1666.42377	0.13056
1664.49504	0.13194
1662.56631	0.13330
1660.63758	0.13523
1658.70885	0.13726
1656.78012	0.13887
1654.85139	0.13951
1652.92266	0.14056
1650.99392	0.14272
1649.06519	0.14309
1647.13646	0.14251
1645.20773	0.14318
1643.27900	0.14415
1641.35027	0.14465
1639.42154	0.14513
1637.49281	0.14523
1635.56407	0.14524
1633.63534	0.14565
1631.70661	0.14538
1629.77788	0.14440
1627.84915	0.14362
1625.92042	0.14281
1623.99169	0.14153
1622.06296	0.14039
1620.13422	0.13915
1618.20549	0.13694
1616.27676	0.13471
1614.34803	0.13312
1612.41930	0.13108
1610.49057	0.12868
1608.56184	0.12652
1606.63311	0.12454
1604.70437	0.12260
1602.77564	0.12075
1600.84691	0.11908
1598.91818	0.11749
1596.98945	0.11587
1595.06072	0.11427
1593.13199	0.11276
1591.20326	0.11130
1589.27452	0.10988
1587.34579	0.10850
1585.41706	0.10709
1583.48833	0.10571
1581.55960	0.10455
1579.63087	0.10349
1577.70214	0.10187
1575.77341	0.10037
1573.84468	0.09967
1571.91594	0.09840
1569.98721	0.09660
1568.05848	0.09543
1566.12975	0.09459
1564.20102	0.09414
1562.27229	0.09380
1560.34356	0.09251
1558.41483	0.09139
1556.48609	0.09064
1554.55736	0.08880
1552.62863	0.08685
1550.69990	0.08541
1548.77117	0.08436
1546.84244	0.08350
1544.91371	0.08266
1542.98498	0.08157
1541.05624	0.07956
1539.12751	0.07759
1537.19878	0.07613
1535.27005	0.07376
1533.34132	0.07112
1531.41259	0.06929
1529.48386	0.06743
1527.55513	0.06531
1525.62639	0.06344
1523.69766	0.06132
1521.76893	0.05878
1519.84020	0.05669
1517.91147	0.05450
1515.98274	0.05193
1514.05401	0.04954
1512.12528	0.04739
1510.19654	0.04519
1508.26781	0.04180
1506.33908	0.03799
1504.41035	0.03538
1502.48162	0.03299
1500.55289	0.03019
1498.62416	0.02740
1496.69543	0.02491
1494.76670	0.02314
1492.83796	0.02144
1490.90923	0.01944
1488.98050	0.01787
1487.05177	0.01687
1485.12304	0.01608
1483.19431	0.01546
1481.26558	0.01531
1479.33685	0.01578
1477.40811	0.01666
1475.47938	0.01790
1473.55065	0.01951
1471.62192	0.02177
1469.69319	0.02405
1467.76446	0.02530
1465.83573	0.02595
1463.90700	0.02692
1461.97826	0.02810
1460.04953	0.02859
1458.12080	0.02854
1456.19207	0.02920
1454.26334	0.03016
1452.33461	0.03023
1450.40588	0.02993
1448.47715	0.02982
1446.54841	0.03000
1444.61968	0.03027
1442.69095	0.03057
1440.76222	0.03105
1438.83349	0.03113
1436.90476	0.03094
1434.97603	0.03125
1433.04730	0.03133
1431.11856	0.03102
1429.18983	0.03107
1427.26110	0.03130
1425.33237	0.03140
1423.40364	0.03166
1421.47491	0.03172
1419.54618	0.03141
1417.61745	0.03144
1415.68872	0.03146
1413.75998	0.03100
1411.83125	0.03043
1409.90252	0.02998
1407.97379	0.02954
1406.04506	0.02899
1404.11633	0.02854
1402.18760	0.02815
1400.25887	0.02757
1398.33013	0.02712
1396.40140	0.02673
1394.47267	0.02630
1392.54394	0.02613
1390.61521	0.02583
1388.68648	0.02514
1386.75775	0.02455
1384.82902	0.02421
1382.90028	0.02393
1380.97155	0.02375
1379.04282	0.02361
1377.11409	0.02320
1375.18536	0.02235
1373.25663	0.02133
1371.32790	0.02022
1369.39917	0.01887
1367.47043	0.01758
1365.54170	0.01624
1363.61297	0.01463
1361.68424	0.01322
1359.75551	0.01220
1357.82678	0.01118
1355.89805	0.01005
1353.96932	0.00900
1352.04058	0.00804
1350.11185	0.00710
1348.18312	0.00620
1346.25439	0.00542
1344.32566	0.00472
1342.39693	0.00397
1340.46820	0.00315
1338.53947	0.00253
1336.61074	0.00203
1334.68200	0.00140
1332.75327	0.00071
1330.82454	0.00012
1328.89581	-0.00043
1326.96708	-0.00095
1325.03835	-0.00148
1323.10962	-0.00198
1321.18089	-0.00242
1319.25215	-0.00277
1317.32342	-0.00295
1315.39469	-0.00293
1313.46596	-0.00277
1311.53723	-0.00259
1309.60850	-0.00248
1307.67977	-0.00231
1305.75104	-0.00175
1303.82230	-0.00080
1301.89357	0.00009
1299.96484	0.00048
1298.03611	0.00060
1296.10738	0.00098
1294.17865	0.00159
1292.24992	0.00213
1290.32119	0.00254
1288.39245	0.00289
1286.46372	0.00328
1284.53499	0.00390
1282.60626	0.00486
1280.67753	0.00611
1278.74880	0.00759
1276.82007	0.00940
1274.89134	0.01156
1272.96260	0.01401
1271.03387	0.01688
1269.10514	0.02036
1267.17641	0.02447
1265.24768	0.02912
1263.31895	0.03433
1261.39022	0.04008
1259.46149	0.04643
1257.53276	0.05341
1255.60402	0.06096
1253.67529	0.06889
1251.74656	0.07693
1249.81783	0.08495
1247.88910	0.09269
1245.96037	0.09988
1244.03164	0.10646
1242.10291	0.11245
1240.17417	0.11782
1238.24544	0.12261
1236.31671	0.12693
1234.38798	0.13086
1232.45925	0.13439
1230.53052	0.13747
1228.60179	0.14018
1226.67306	0.14266
1224.74432	0.14496
1222.81559	0.14702
1220.88686	0.14888
1218.95813	0.15069
1217.02940	0.15253
1215.10067	0.15439
1213.17194	0.15618
1211.24321	0.15784
1209.31447	0.15946
1207.38574	0.16114
1205.45701	0.16276
1203.52828	0.16435
1201.59955	0.16615
1199.67082	0.16838
1197.74209	0.17096
1195.81336	0.17379
1193.88462	0.17643
1191.95589	0.17864
1190.02716	0.18046
1188.09843	0.18220
1186.16970	0.18403
1184.24097	0.18586
1182.31224	0.18757
1180.38351	0.18909
1178.45478	0.19037
1176.52604	0.19154
1174.59731	0.19286
1172.66858	0.19446
1170.73985	0.19614
1168.81112	0.19758
1166.88239	0.19889
1164.95366	0.20035
1163.02493	0.20196
1161.09619	0.20351
1159.16746	0.20487
1157.23873	0.20607
1155.31000	0.20716
1153.38127	0.20816
1151.45254	0.20912
1149.52381	0.21020
1147.59508	0.21151
1145.66634	0.21298
1143.73761	0.21448
1141.80888	0.21594
1139.88015	0.21735
1137.95142	0.21875
1136.02269	0.22016
1134.09396	0.22151
1132.16523	0.22289
1130.23649	0.22457
1128.30776	0.22636
1126.37903	0.22809
1124.45030	0.23020
1122.52157	0.23289
1120.59284	0.23577
1118.66411	0.23866
1116.73538	0.24218
1114.80664	0.24672
1112.87791	0.25179
1110.94918	0.25693
1109.02045	0.26228
1107.09172	0.26812
1105.16299	0.27422
1103.23426	0.27996
1101.30553	0.28498
1099.37680	0.28910
1097.44806	0.29236
1095.51933	0.29518
1093.59060	0.29766
1091.66187	0.29923
1089.73314	0.29989
1087.80441	0.30016
1085.87568	0.30012
1083.94695	0.29978
1082.01821	0.29917
1080.08948	0.29818
1078.16075	0.29681
1076.23202	0.29521
1074.30329	0.29347
1072.37456	0.29144
1070.44583	0.28882
1068.51710	0.28584
1066.58836	0.28287
1064.65963	0.27987
1062.73090	0.27682
1060.80217	0.27379
1058.87344	0.27065
1056.94471	0.26682
1055.01598	0.26201
1053.08725	0.25696
1051.15851	0.25220
1049.22978	0.24744
1047.30105	0.24225
1045.37232	0.23660
1043.44359	0.23096
1041.51486	0.22557
1039.58613	0.22008
1037.65740	0.21442
1035.72866	0.20880
1033.79993	0.20314
1031.87120	0.19743
1029.94247	0.19181
1028.01374	0.18620
1026.08501	0.18059
1024.15628	0.17522
1022.22755	0.17017
1020.29882	0.16518
1018.37008	0.16017
1016.44135	0.15529
1014.51262	0.15052
1012.58389	0.14579
1010.65516	0.14116
1008.72643	0.13662
1006.79770	0.13216
1004.86897	0.12776
1002.94023	0.12354
1001.01150	0.11948
999.08277	0.11534
997.15404	0.11118
995.22531	0.10730
993.29658	0.10362
991.36785	0.09998
989.43912	0.09647
987.51038	0.09316
985.58165	0.09013
983.65292	0.08729
981.72419	0.08445
979.79546	0.08201
977.86673	0.07996
975.93800	0.07836
974.00927	0.07680
972.08053	0.07502
970.15180	0.07329
968.22307	0.07182
966.29434	0.07054
964.36561	0.06935
962.43688	0.06805
960.50815	0.06659
958.57942	0.06518
956.65068	0.06386
954.72195	0.06236
952.79322	0.06063
950.86449	0.05885
948.93576	0.05700
947.00703	0.05510
945.07830	0.05328
943.14957	0.05153
941.22084	0.04961
939.29210	0.04737
937.36337	0.04498
935.43464	0.04257
933.50591	0.04016
931.57718	0.03779
929.64845	0.03550
927.71972	0.03324
925.79099	0.03093
923.86225	0.02841
921.93352	0.02570
920.00479	0.02301
918.07606	0.02045
916.14733	0.01801
914.21860	0.01559
912.28987	0.01306
910.36114	0.01036
908.43240	0.00758
906.50367	0.00502
904.57494	0.00275
902.64621	0.00045
900.71748	-0.00204
898.78875	-0.00452
896.86002	-0.00667
894.93129	-0.00872
893.00255	-0.01102
891.07382	-0.01341
889.14509	-0.01549
887.21636	-0.01731
885.28763	-0.01922
883.35890	-0.02111
881.43017	-0.02277
879.50144	-0.02440
877.57270	-0.02602
875.64397	-0.02746
873.71524	-0.02877
871.78651	-0.02999
869.85778	-0.03104
867.92905	-0.03205
866.00032	-0.03312
864.07159	-0.03416
862.14286	-0.03501
860.21412	-0.03553
858.28539	-0.03582
856.35666	-0.03611
854.42793	-0.03631
852.49920	-0.03622
850.57047	-0.03595
848.64174	-0.03546
846.71301	-0.03454
844.78427	-0.03321
842.85554	-0.03157
840.92681	-0.02961
838.99808	-0.02717
837.06935	-0.02427
835.14062	-0.02135
833.21189	-0.01853
831.28316	-0.01555
829.35442	-0.01228
827.42569	-0.00899
825.49696	-0.00601
823.56823	-0.00336
821.63950	-0.00083
819.71077	0.00187
817.78204	0.00478
815.85331	0.00756
813.92457	0.00994
811.99584	0.01210
810.06711	0.01425
808.13838	0.01639
806.20965	0.01857
804.28092	0.02069
802.35219	0.02262
800.42346	0.02439
798.49472	0.02571
796.56599	0.02631
794.63726	0.02656
792.70853	0.02701
790.77980	0.02747
788.85107	0.02723
786.92234	0.02609
784.99361	0.02441
783.06488	0.02227
781.13614	0.01955
779.20741	0.01654
777.27868	0.01361
775.34995	0.01065
773.42122	0.00753
771.49249	0.00476
769.56376	0.00298
767.63503	0.00202
765.70629	0.00153
763.77756	0.00180
761.84883	0.00165
759.92010	0.00123
757.99137	0.00066
756.06264	0.00013
754.13391	-0.00034
752.20518	-0.00067
750.27644	-0.00059
748.34771	-0.00023
746.41898	0.00001
744.49025	0.00022
742.56152	0.00062
740.63279	0.00086
738.70406	0.00080
736.77533	0.00078
734.84659	0.00108
732.91786	0.00157
730.98913	0.00210
729.06040	0.00272
727.13167	0.00346
725.20294	0.00407
723.27421	0.00397
721.34548	0.00369
719.41674	0.00337
717.48801	0.00292
715.55928	0.00220
713.63055	0.00152
711.70182	0.00126
709.77309	0.00115
707.84436	0.00092
705.91563	0.00091
703.98690	0.00124
702.05816	0.00161
700.12943	0.00177
698.20070	0.00183
696.27197	0.00191
694.34324	0.00169
692.41451	0.00094
690.48578	0.00027
688.55705	0.00029
686.62831	0.00065
684.69958	0.00091
682.77085	0.00111
680.84212	0.00110
678.91339	0.00046
676.98466	-0.00002
675.05593	-0.00010
673.12720	0.00003
671.19846	-0.00044
669.26973	-0.00160
667.34100	-0.00164
665.41227	-0.00077
663.48354	-0.00091
661.55481	-0.00146
659.62608	-0.00111
657.69735	-0.00002
655.76861	0.00110
653.83988	0.00206
651.91115	0.00292
649.98242	0.00371
648.05369	0.00452
646.12496	0.00534
644.19623	0.00591
642.26750	0.00597
640.33876	0.00552
638.41003	0.00468
636.48130	0.00360
634.55257	0.00245
632.62384	0.00136
630.69511	0.00040
628.76638	-0.00036
626.83765	-0.00068
624.90892	-0.00100
622.98018	-0.00121
621.05145	-0.00083
619.12272	0.00003
617.19399	0.00121
615.26526	0.00293
613.33653	0.00474
611.40780	0.00594
609.47907	0.00695
607.55033	0.00830
605.62160	0.00923
603.69287	0.00923
601.76414	0.00904
599.83541	0.00938
597.90668	0.01004
595.97795	0.01056
594.04922	0.01080
592.12048	0.01096
590.19175	0.01095
588.26302	0.01054
586.33429	0.00973
584.40556	0.00854
582.47683	0.00716
580.54810	0.00592
578.61937	0.00484
576.69063	0.00393
574.76190	0.00329
572.83317	0.00249
570.90444	0.00097
568.97571	-0.00226
567.04698	-0.00525
565.11825	-0.00802
563.18952	-0.01058
561.26078	-0.01282
559.33205	-0.01547
557.40332	-0.01847
555.47459	-0.02065
553.54586	-0.02199
551.61713	-0.02346
549.68840	-0.02491
547.75967	-0.02556
545.83094	-0.02573
543.90220	-0.02661
541.97347	-0.02834
540.04474	-0.02962
538.11601	-0.03040
536.18728	-0.03223
534.25855	-0.03545
532.32982	-0.03899
530.40109	-0.04213
528.47235	-0.04503
526.54362	-0.04820
524.61489	-0.05137
522.68616	-0.05422
520.75743	-0.05662
518.82870	-0.05840
516.89997	-0.05961
514.97124	-0.06079
513.04250	-0.06231
511.11377	-0.06321
509.18504	-0.06267
507.25631	-0.06125
505.32758	-0.05958
503.39885	-0.05800
501.47012	-0.05652
499.54139	-0.05525
497.61265	-0.05355
495.68392	-0.05026
493.75519	-0.04579
491.82646	-0.04138
489.89773	-0.03788
487.96900	-0.03543
486.04027	-0.03314
484.11154	-0.02943
482.18280	-0.02410
480.25407	-0.01877
478.32534	-0.01422
476.39661	-0.01050
474.46788	-0.00723
472.53915	-0.00271
470.61042	0.00282
468.68169	0.00620
466.75296	0.00602
464.82422	0.00435
462.89549	0.00419
460.96676	0.00486
459.03803	0.00445
457.10930	0.00216
455.18057	0.00136
453.25184	0.00215
451.32311	0.00392
449.39437	0.00614
447.46564	0.00729
445.53691	0.00663
443.60818	0.00462
441.67945	0.00265
439.75072	0.00195
437.82199	0.00265
435.89326	0.00503
433.96452	0.00900
432.03579	0.01269
430.10706	0.01432
428.17833	0.01342
426.24960	0.00988
424.32087	0.00537
422.39214	0.00464
420.46341	0.00893
418.53467	0.01233
416.60594	0.01129
414.67721	0.01025
412.74848	0.01194
410.81975	0.01393
408.89102	0.01358
406.96229	0.01111
405.03356	0.00790
403.10482	0.00348
401.17609	-0.00098
399.24736	-0.00118
397.31863	0.00340
395.38990	0.00838
393.46117	0.01207
391.53244	0.01581
389.60371	0.01751
387.67498	0.01237
385.74624	0.00432
383.81751	0.00393
381.88878	0.01031
379.96005	0.02006
378.03132	0.03730
376.10259	0.05217
374.17386	0.04760
372.24513	0.03098
370.31639	0.01512
368.38766	0.00029
