7496.97825	0.00655
7495.04952	0.00869
7493.12079	0.00977
7491.19206	0.00926
7489.26333	0.00821
7487.33459	0.00615
7485.40586	0.00246
7483.47713	0.00003
7481.54840	0.00055
7479.61967	0.00241
7477.69094	0.00448
7475.76221	0.00618
7473.83348	0.00560
7471.90474	0.00280
7469.97601	0.00172
7468.04728	0.00351
7466.11855	0.00533
7464.18982	0.00687
7462.26109	0.00850
7460.33236	0.00793
7458.40363	0.00564
7456.47489	0.00453
7454.54616	0.00401
7452.61743	0.00352
7450.68870	0.00476
7448.75997	0.00664
7446.83124	0.00666
7444.90251	0.00502
7442.97378	0.00313
7441.04504	0.00231
7439.11631	0.00238
7437.18758	0.00160
7435.25885	0.00074
7433.33012	0.00107
7431.40139	0.00102
7429.47266	0.00094
7427.54393	0.00287
7425.61520	0.00481
7423.68646	0.00354
7421.75773	0.00150
7419.82900	0.00218
7417.90027	0.00335
7415.97154	0.00334
7414.04281	0.00347
7412.11408	0.00228
7410.18535	-0.00114
7408.25661	-0.00341
7406.32788	-0.00231
7404.39915	0.00064
7402.47042	0.00356
7400.54169	0.00509
7398.61296	0.00414
7396.68423	0.00224
7394.75550	0.00185
7392.82676	0.00222
7390.89803	0.00206
7388.96930	0.00243
7387.04057	0.00318
7385.11184	0.00300
7383.18311	0.00246
7381.25438	0.00319
7379.32565	0.00510
7377.39691	0.00560
7375.46818	0.00317
7373.53945	0.00016
7371.61072	-0.00080
7369.68199	-0.00042
7367.75326	-0.00070
7365.82453	-0.00103
7363.89580	-0.00002
7361.96706	0.00092
7360.03833	0.00063
7358.10960	-0.00019
7356.18087	-0.00066
7354.25214	0.00027
7352.32341	0.00207
7350.39468	0.00292
7348.46595	0.00274
7346.53722	0.00206
7344.60848	0.00121
7342.67975	0.00144
7340.75102	0.00333
7338.82229	0.00422
7336.89356	0.00133
7334.96483	-0.00334
7333.03610	-0.00636
7331.10737	-0.00735
7329.17863	-0.00703
7327.24990	-0.00532
7325.32117	-0.00237
7323.39244	0.00024
7321.46371	0.00052
7319.53498	-0.00041
7317.60625	-0.00056
7315.67752	-0.00042
7313.74878	-0.00129
7311.82005	-0.00263
7309.89132	-0.00313
7307.96259	-0.00327
7306.03386	-0.00320
7304.10513	-0.00169
7302.17640	0.00005
7300.24767	0.00062
7298.31893	0.00103
7296.39020	0.00174
7294.46147	0.00114
7292.53274	-0.00152
7290.60401	-0.00303
7288.67528	-0.00173
7286.74655	-0.00043
7284.81782	-0.00096
7282.88908	-0.00167
7280.96035	-0.00091
7279.03162	-0.00034
7277.10289	-0.00151
7275.17416	-0.00196
7273.24543	0.00079
7271.31670	0.00471
7269.38797	0.00524
7267.45924	0.00151
7265.53050	-0.00237
7263.60177	-0.00414
7261.67304	-0.00524
7259.74431	-0.00548
7257.81558	-0.00423
7255.88685	-0.00302
7253.95812	-0.00331
7252.02939	-0.00464
7250.10065	-0.00433
7248.17192	-0.00113
7246.24319	0.00235
7244.31446	0.00360
7242.38573	0.00296
7240.45700	0.00315
7238.52827	0.00575
7236.59954	0.00707
7234.67080	0.00258
7232.74207	-0.00476
7230.81334	-0.00790
7228.88461	-0.00590
7226.95588	-0.00217
7225.02715	0.00091
7223.09842	0.00236
7221.16969	0.00280
7219.24095	0.00287
7217.31222	0.00299
7215.38349	0.00449
7213.45476	0.00667
7211.52603	0.00716
7209.59730	0.00523
7207.66857	0.00170
7205.73984	-0.00116
7203.81110	-0.00145
7201.88237	-0.00033
7199.95364	0.00082
7198.02491	0.00155
7196.09618	0.00113
7194.16745	-0.00019
7192.23872	-0.00107
7190.30999	-0.00047
7188.38126	0.00118
7186.45252	0.00183
7184.52379	0.00038
7182.59506	-0.00233
7180.66633	-0.00470
7178.73760	-0.00458
7176.80887	-0.00156
7174.88014	0.00152
7172.95141	0.00224
7171.02267	0.00155
7169.09394	0.00158
7167.16521	0.00192
7165.23648	0.00063
7163.30775	-0.00159
7161.37902	-0.00208
7159.45029	-0.00029
7157.52156	0.00119
7155.59282	0.00065
7153.66409	0.00023
7151.73536	0.00172
7149.80663	0.00334
7147.87790	0.00308
7145.94917	0.00105
7144.02044	-0.00200
7142.09171	-0.00446
7140.16297	-0.00365
7138.23424	0.00004
7136.30551	0.00235
7134.37678	0.00169
7132.44805	0.00089
7130.51932	0.00135
7128.59059	0.00065
7126.66186	-0.00257
7124.73312	-0.00497
7122.80439	-0.00383
7120.87566	-0.00185
7118.94693	-0.00125
7117.01820	-0.00113
7115.08947	-0.00070
7113.16074	0.00003
7111.23201	-0.00052
7109.30328	-0.00280
7107.37454	-0.00383
7105.44581	-0.00259
7103.51708	-0.00130
7101.58835	-0.00047
7099.65962	-0.00012
7097.73089	-0.00120
7095.80216	-0.00225
7093.87343	-0.00223
7091.94469	-0.00292
7090.01596	-0.00434
7088.08723	-0.00425
7086.15850	-0.00263
7084.22977	-0.00198
7082.30104	-0.00268
7080.37231	-0.00246
7078.44358	-0.00137
7076.51484	-0.00121
7074.58611	-0.00171
7072.65738	-0.00143
7070.72865	0.00004
7068.79992	0.00122
7066.87119	0.00113
7064.94246	0.00137
7063.01373	0.00222
7061.08499	0.00152
7059.15626	-0.00002
7057.22753	0.00005
7055.29880	0.00120
7053.37007	0.00206
7051.44134	0.00277
7049.51261	0.00263
7047.58388	0.00070
7045.65514	-0.00136
7043.72641	-0.00143
7041.79768	-0.00075
7039.86895	-0.00165
7037.94022	-0.00282
7036.01149	-0.00178
7034.08276	0.00015
7032.15403	0.00073
7030.22530	0.00053
7028.29656	-0.00031
7026.36783	-0.00260
7024.43910	-0.00444
7022.51037	-0.00317
7020.58164	0.00024
7018.65291	0.00234
7016.72418	0.00185
7014.79545	0.00066
7012.86671	0.00002
7010.93798	-0.00072
7009.00925	-0.00204
7007.08052	-0.00346
7005.15179	-0.00408
7003.22306	-0.00336
7001.29433	-0.00199
6999.36560	-0.00158
6997.43686	-0.00238
6995.50813	-0.00246
6993.57940	-0.00101
6991.65067	0.00015
6989.72194	-0.00037
6987.79321	-0.00145
6985.86448	-0.00140
6983.93575	-0.00017
6982.00701	0.00091
6980.07828	0.00129
6978.14955	0.00162
6976.22082	0.00086
6974.29209	-0.00220
6972.36336	-0.00498
6970.43463	-0.00460
6968.50590	-0.00298
6966.57716	-0.00300
6964.64843	-0.00316
6962.71970	-0.00160
6960.79097	-0.00009
6958.86224	0.00041
6956.93351	0.00174
6955.00478	0.00365
6953.07605	0.00371
6951.14732	0.00256
6949.21858	0.00210
6947.28985	0.00159
6945.36112	0.00011
6943.43239	-0.00136
6941.50366	-0.00131
6939.57493	0.00046
6937.64620	0.00192
6935.71747	0.00156
6933.78873	0.00012
6931.86000	-0.00077
6929.93127	-0.00012
6928.00254	0.00093
6926.07381	0.00052
6924.14508	-0.00067
6922.21635	-0.00152
6920.28762	-0.00257
6918.35888	-0.00329
6916.43015	-0.00273
6914.50142	-0.00208
6912.57269	-0.00295
6910.64396	-0.00429
6908.71523	-0.00383
6906.78650	-0.00156
6904.85777	0.00042
6902.92903	0.00036
6901.00030	-0.00141
6899.07157	-0.00298
6897.14284	-0.00354
6895.21411	-0.00289
6893.28538	-0.00038
6891.35665	0.00252
6889.42792	0.00328
6887.49918	0.00215
6885.57045	0.00126
6883.64172	0.00115
6881.71299	0.00059
6879.78426	-0.00019
6877.85553	0.00037
6875.92680	0.00149
6873.99807	0.00127
6872.06934	0.00033
6870.14060	0.00019
6868.21187	0.00098
6866.28314	0.00228
6864.35441	0.00319
6862.42568	0.00301
6860.49695	0.00258
6858.56822	0.00204
6856.63949	0.00056
6854.71075	-0.00111
6852.78202	-0.00186
6850.85329	-0.00172
6848.92456	-0.00152
6846.99583	-0.00168
6845.06710	-0.00190
6843.13837	-0.00120
6841.20964	-0.00017
6839.28090	-0.00034
6837.35217	-0.00150
6835.42344	-0.00187
6833.49471	-0.00117
6831.56598	-0.00020
6829.63725	0.00113
6827.70852	0.00285
6825.77979	0.00390
6823.85105	0.00382
6821.92232	0.00293
6819.99359	0.00149
6818.06486	0.00086
6816.13613	0.00079
6814.20740	-0.00070
6812.27867	-0.00240
6810.34994	-0.00231
6808.42120	-0.00137
6806.49247	-0.00098
6804.56374	-0.00082
6802.63501	-0.00028
6800.70628	-0.00008
6798.77755	0.00008
6796.84882	0.00160
6794.92009	0.00354
6792.99136	0.00417
6791.06262	0.00346
6789.13389	0.00179
6787.20516	0.00032
6785.27643	0.00075
6783.34770	0.00215
6781.41897	0.00259
6779.49024	0.00262
6777.56151	0.00271
6775.63277	0.00233
6773.70404	0.00200
6771.77531	0.00172
6769.84658	0.00056
6767.91785	-0.00098
6765.98912	-0.00193
6764.06039	-0.00186
6762.13166	-0.00067
6760.20292	0.00075
6758.27419	0.00119
6756.34546	0.00009
6754.41673	-0.00167
6752.48800	-0.00240
6750.55927	-0.00184
6748.63054	-0.00105
6746.70181	-0.00081
6744.77307	-0.00138
6742.84434	-0.00222
6740.91561	-0.00217
6738.98688	-0.00115
6737.05815	-0.00003
6735.12942	0.00108
6733.20069	0.00251
6731.27196	0.00340
6729.34322	0.00230
6727.41449	0.00033
6725.48576	-0.00005
6723.55703	0.00049
6721.62830	0.00016
6719.69957	-0.00003
6717.77084	0.00084
6715.84211	0.00108
6713.91338	0.00047
6711.98464	0.00084
6710.05591	0.00169
6708.12718	0.00082
6706.19845	-0.00140
6704.26972	-0.00153
6702.34099	0.00060
6700.41226	0.00109
6698.48353	-0.00019
6696.55479	-0.00058
6694.62606	0.00002
6692.69733	0.00037
6690.76860	-0.00024
6688.83987	-0.00100
6686.91114	-0.00081
6684.98241	-0.00024
6683.05368	-0.00020
6681.12494	-0.00071
6679.19621	-0.00090
6677.26748	-0.00035
6675.33875	0.00059
6673.41002	0.00219
6671.48129	0.00330
6669.55256	0.00267
6667.62383	0.00235
6665.69509	0.00325
6663.76636	0.00345
6661.83763	0.00323
6659.90890	0.00381
6657.98017	0.00384
6656.05144	0.00224
6654.12271	0.00052
6652.19398	-0.00024
6650.26524	-0.00049
6648.33651	-0.00005
6646.40778	0.00093
6644.47905	0.00186
6642.55032	0.00304
6640.62159	0.00388
6638.69286	0.00311
6636.76413	0.00119
6634.83540	-0.00004
6632.90666	0.00029
6630.97793	0.00061
6629.04920	-0.00005
6627.12047	-0.00038
6625.19174	0.00016
6623.26301	0.00051
6621.33428	0.00027
6619.40555	-0.00004
6617.47681	-0.00027
6615.54808	0.00011
6613.61935	0.00107
6611.69062	0.00127
6609.76189	0.00086
6607.83316	0.00082
6605.90443	0.00038
6603.97570	-0.00047
6602.04696	-0.00046
6600.11823	0.00010
6598.18950	0.00010
6596.26077	-0.00018
6594.33204	0.00019
6592.40331	0.00101
6590.47458	0.00124
6588.54585	0.00113
6586.61711	0.00150
6584.68838	0.00208
6582.75965	0.00214
6580.83092	0.00142
6578.90219	0.00079
6576.97346	0.00082
6575.04473	0.00109
6573.11600	0.00184
6571.18726	0.00308
6569.25853	0.00377
6567.32980	0.00328
6565.40107	0.00184
6563.47234	0.00063
6561.54361	0.00005
6559.61488	-0.00083
6557.68615	-0.00157
6555.75742	-0.00105
6553.82868	-0.00033
6551.89995	-0.00043
6549.97122	-0.00036
6548.04249	0.00053
6546.11376	0.00156
6544.18503	0.00167
6542.25630	0.00095
6540.32757	0.00100
6538.39883	0.00209
6536.47010	0.00259
6534.54137	0.00187
6532.61264	0.00048
6530.68391	-0.00095
6528.75518	-0.00148
6526.82645	-0.00095
6524.89772	-0.00019
6522.96898	0.00045
6521.04025	0.00109
6519.11152	0.00158
6517.18279	0.00150
6515.25406	0.00091
6513.32533	0.00060
6511.39660	0.00074
6509.46787	0.00061
6507.53913	0.00028
6505.61040	0.00025
6503.68167	0.00032
6501.75294	0.00016
6499.82421	-0.00040
6497.89548	-0.00071
6495.96675	-0.00007
6494.03802	0.00056
6492.10928	0.00042
6490.18055	0.00005
6488.25182	-0.00006
6486.32309	0.00019
6484.39436	0.00017
6482.46563	-0.00070
6480.53690	-0.00169
6478.60817	-0.00165
6476.67944	-0.00039
6474.75070	0.00102
6472.82197	0.00131
6470.89324	0.00062
6468.96451	0.00024
6467.03578	0.00070
6465.10705	0.00154
6463.17832	0.00218
6461.24959	0.00215
6459.32085	0.00140
6457.39212	0.00043
6455.46339	-0.00009
6453.53466	0.00062
6451.60593	0.00233
6449.67720	0.00330
6447.74847	0.00272
6445.81974	0.00113
6443.89100	-0.00085
6441.96227	-0.00225
6440.03354	-0.00207
6438.10481	-0.00053
6436.17608	0.00087
6434.24735	0.00094
6432.31862	0.00003
6430.38989	-0.00071
6428.46115	-0.00076
6426.53242	-0.00043
6424.60369	0.00013
6422.67496	0.00060
6420.74623	0.00039
6418.81750	-0.00017
6416.88877	-0.00039
6414.96004	-0.00012
6413.03130	0.00021
6411.10257	0.00023
6409.17384	0.00024
6407.24511	0.00048
6405.31638	0.00048
6403.38765	0.00012
6401.45892	-0.00003
6399.53019	-0.00003
6397.60146	-0.00067
6395.67272	-0.00143
6393.74399	-0.00109
6391.81526	-0.00021
6389.88653	-0.00008
6387.95780	-0.00055
6386.02907	-0.00069
6384.10034	-0.00019
6382.17161	0.00026
6380.24287	-0.00013
6378.31414	-0.00108
6376.38541	-0.00193
6374.45668	-0.00229
6372.52795	-0.00184
6370.59922	-0.00082
6368.67049	0.00005
6366.74176	0.00016
6364.81302	-0.00065
6362.88429	-0.00147
6360.95556	-0.00125
6359.02683	-0.00057
6357.09810	-0.00024
6355.16937	0.00016
6353.24064	0.00076
6351.31191	0.00083
6349.38317	0.00007
6347.45444	-0.00067
6345.52571	-0.00088
6343.59698	-0.00110
6341.66825	-0.00123
6339.73952	-0.00072
6337.81079	-0.00037
6335.88206	-0.00054
6333.95332	-0.00027
6332.02459	0.00018
6330.09586	0.00027
6328.16713	0.00058
6326.23840	0.00086
6324.30967	0.00017
6322.38094	-0.00093
6320.45221	-0.00093
6318.52348	-0.00017
6316.59474	-0.00006
6314.66601	-0.00063
6312.73728	-0.00149
6310.80855	-0.00224
6308.87982	-0.00221
6306.95109	-0.00145
6305.02236	-0.00097
6303.09363	-0.00106
6301.16489	-0.00096
6299.23616	-0.00053
6297.30743	-0.00026
6295.37870	-0.00007
6293.44997	0.00011
6291.52124	0.00011
6289.59251	0.00001
6287.66378	-0.00027
6285.73504	-0.00069
6283.80631	-0.00050
6281.87758	0.00009
6279.94885	0.00033
6278.02012	0.00051
6276.09139	0.00040
6274.16266	-0.00074
6272.23393	-0.00182
6270.30519	-0.00166
6268.37646	-0.00137
6266.44773	-0.00163
6264.51900	-0.00142
6262.59027	-0.00061
6260.66154	-0.00022
6258.73281	-0.00029
6256.80408	-0.00035
6254.87534	-0.00045
6252.94661	-0.00054
6251.01788	-0.00077
6249.08915	-0.00098
6247.16042	-0.00024
6245.23169	0.00082
6243.30296	0.00083
6241.37423	0.00018
6239.44550	0.00002
6237.51676	0.00041
6235.58803	0.00061
6233.65930	0.00046
6231.73057	0.00032
6229.80184	0.00041
6227.87311	0.00078
6225.94438	0.00096
6224.01565	0.00055
6222.08691	0.00015
6220.15818	0.00028
6218.22945	0.00032
6216.30072	-0.00002
6214.37199	-0.00023
6212.44326	-0.00028
6210.51453	-0.00026
6208.58580	0.00028
6206.65706	0.00107
6204.72833	0.00106
6202.79960	0.00002
6200.87087	-0.00082
6198.94214	-0.00057
6197.01341	-0.00007
6195.08468	-0.00017
6193.15595	-0.00031
6191.22721	-0.00003
6189.29848	0.00009
6187.36975	-0.00023
6185.44102	-0.00041
6183.51229	-0.00027
6181.58356	-0.00022
6179.65483	-0.00023
6177.72610	-0.00040
6175.79736	-0.00077
6173.86863	-0.00099
6171.93990	-0.00072
6170.01117	0.00030
6168.08244	0.00150
6166.15371	0.00157
6164.22498	0.00053
6162.29625	-0.00015
6160.36752	0.00006
6158.43878	0.00040
6156.51005	0.00039
6154.58132	0.00014
6152.65259	-0.00032
6150.72386	-0.00059
6148.79513	-0.00011
6146.86640	0.00055
6144.93767	0.00080
6143.00893	0.00110
6141.08020	0.00116
6139.15147	0.00042
6137.22274	-0.00034
6135.29401	-0.00065
6133.36528	-0.00078
6131.43655	-0.00076
6129.50782	-0.00060
6127.57908	-0.00028
6125.65035	0.00004
6123.72162	0.00012
6121.79289	0.00034
6119.86416	0.00032
6117.93543	-0.00055
6116.00670	-0.00138
6114.07797	-0.00147
6112.14923	-0.00114
6110.22050	-0.00059
6108.29177	-0.00015
6106.36304	0.00010
6104.43431	0.00055
6102.50558	0.00082
6100.57685	0.00049
6098.64812	0.00017
6096.71938	0.00012
6094.79065	0.00011
6092.86192	0.00049
6090.93319	0.00098
6089.00446	0.00072
6087.07573	-0.00019
6085.14700	-0.00104
6083.21827	-0.00132
6081.28954	-0.00105
6079.36080	-0.00067
6077.43207	-0.00041
6075.50334	-0.00035
6073.57461	-0.00034
6071.64588	-0.00014
6069.71715	0.00001
6067.78842	-0.00012
6065.85969	-0.00039
6063.93095	-0.00061
6062.00222	-0.00050
6060.07349	-0.00016
6058.14476	-0.00000
6056.21603	-0.00019
6054.28730	-0.00084
6052.35857	-0.00181
6050.42984	-0.00239
6048.50110	-0.00220
6046.57237	-0.00156
6044.64364	-0.00092
6042.71491	-0.00049
6040.78618	-0.00038
6038.85745	-0.00033
6036.92872	-0.00035
6034.99999	-0.00084
6033.07125	-0.00126
6031.14252	-0.00084
6029.21379	-0.00031
6027.28506	-0.00058
6025.35633	-0.00115
6023.42760	-0.00143
6021.49887	-0.00158
6019.57014	-0.00161
6017.64140	-0.00123
6015.71267	-0.00063
6013.78394	-0.00048
6011.85521	-0.00093
6009.92648	-0.00164
6007.99775	-0.00215
6006.06902	-0.00209
6004.14029	-0.00170
6002.21156	-0.00140
6000.28282	-0.00123
5998.35409	-0.00116
5996.42536	-0.00093
5994.49663	-0.00046
5992.56790	-0.00029
5990.63917	-0.00081
5988.71044	-0.00129
5986.78171	-0.00113
5984.85297	-0.00106
5982.92424	-0.00139
5980.99551	-0.00135
5979.06678	-0.00107
5977.13805	-0.00112
5975.20932	-0.00126
5973.28059	-0.00133
5971.35186	-0.00134
5969.42312	-0.00122
5967.49439	-0.00077
5965.56566	0.00015
5963.63693	0.00097
5961.70820	0.00100
5959.77947	0.00025
5957.85074	-0.00097
5955.92201	-0.00196
5953.99327	-0.00215
5952.06454	-0.00179
5950.13581	-0.00121
5948.20708	-0.00075
5946.27835	-0.00082
5944.34962	-0.00124
5942.42089	-0.00153
5940.49216	-0.00158
5938.56342	-0.00150
5936.63469	-0.00140
5934.70596	-0.00131
5932.77723	-0.00119
5930.84850	-0.00115
5928.91977	-0.00134
5926.99104	-0.00160
5925.06231	-0.00159
5923.13358	-0.00128
5921.20484	-0.00087
5919.27611	-0.00060
5917.34738	-0.00079
5915.41865	-0.00141
5913.48992	-0.00201
5911.56119	-0.00241
5909.63246	-0.00278
5907.70373	-0.00296
5905.77499	-0.00264
5903.84626	-0.00208
5901.91753	-0.00164
5899.98880	-0.00107
5898.06007	-0.00046
5896.13134	-0.00035
5894.20261	-0.00073
5892.27388	-0.00131
5890.34514	-0.00171
5888.41641	-0.00150
5886.48768	-0.00080
5884.55895	-0.00034
5882.63022	-0.00044
5880.70149	-0.00082
5878.77276	-0.00117
5876.84403	-0.00129
5874.91529	-0.00101
5872.98656	-0.00041
5871.05783	0.00011
5869.12910	0.00005
5867.20037	-0.00047
5865.27164	-0.00069
5863.34291	-0.00052
5861.41418	-0.00050
5859.48544	-0.00060
5857.55671	-0.00066
5855.62798	-0.00072
5853.69925	-0.00064
5851.77052	-0.00039
5849.84179	-0.00016
5847.91306	-0.00011
5845.98433	-0.00006
5844.05560	0.00008
5842.12686	-0.00003
5840.19813	-0.00033
5838.26940	-0.00033
5836.34067	-0.00005
5834.41194	0.00024
5832.48321	0.00043
5830.55448	0.00045
5828.62575	0.00013
5826.69701	-0.00023
5824.76828	-0.00009
5822.83955	0.00044
5820.91082	0.00079
5818.98209	0.00067
5817.05336	0.00017
5815.12463	-0.00027
5813.19590	-0.00022
5811.26716	-0.00013
5809.33843	-0.00048
5807.40970	-0.00060
5805.48097	-0.00028
5803.55224	-0.00032
5801.62351	-0.00075
5799.69478	-0.00088
5797.76605	-0.00076
5795.83731	-0.00072
5793.90858	-0.00080
5791.97985	-0.00113
5790.05112	-0.00138
5788.12239	-0.00076
5786.19366	0.00008
5784.26493	-0.00008
5782.33620	-0.00099
5780.40746	-0.00157
5778.47873	-0.00140
5776.55000	-0.00082
5774.62127	-0.00034
5772.69254	-0.00013
5770.76381	-0.00008
5768.83508	-0.00019
5766.90635	-0.00044
5764.97762	-0.00050
5763.04888	-0.00038
5761.12015	-0.00030
5759.19142	-0.00030
5757.26269	-0.00049
5755.33396	-0.00071
5753.40523	-0.00070
5751.47650	-0.00064
5749.54777	-0.00071
5747.61903	-0.00080
5745.69030	-0.00079
5743.76157	-0.00057
5741.83284	-0.00022
5739.90411	0.00002
5737.97538	0.00006
5736.04665	-0.00011
5734.11792	-0.00047
5732.18918	-0.00081
5730.26045	-0.00101
5728.33172	-0.00097
5726.40299	-0.00017
5724.47426	0.00118
5722.54553	0.00173
5720.61680	0.00111
5718.68807	0.00020
5716.75933	-0.00032
5714.83060	-0.00026
5712.90187	0.00008
5710.97314	0.00022
5709.04441	-0.00000
5707.11568	-0.00029
5705.18695	-0.00029
5703.25822	-0.00012
5701.32948	-0.00014
5699.40075	-0.00040
5697.47202	-0.00056
5695.54329	-0.00051
5693.61456	-0.00058
5691.68583	-0.00051
5689.75710	-0.00007
5687.82837	-0.00001
5685.89964	-0.00030
5683.97090	-0.00014
5682.04217	0.00001
5680.11344	-0.00032
5678.18471	-0.00050
5676.25598	-0.00029
5674.32725	-0.00005
5672.39852	0.00008
5670.46979	0.00010
5668.54105	0.00006
5666.61232	-0.00016
5664.68359	-0.00050
5662.75486	-0.00067
5660.82613	-0.00074
5658.89740	-0.00073
5656.96867	-0.00043
5655.03994	-0.00003
5653.11120	-0.00008
5651.18247	-0.00057
5649.25374	-0.00078
5647.32501	-0.00040
5645.39628	-0.00012
5643.46755	-0.00033
5641.53882	-0.00045
5639.61009	-0.00022
5637.68135	-0.00007
5635.75262	-0.00007
5633.82389	0.00000
5631.89516	0.00012
5629.96643	-0.00005
5628.03770	-0.00046
5626.10897	-0.00055
5624.18024	-0.00026
5622.25150	-0.00002
5620.32277	0.00003
5618.39404	-0.00013
5616.46531	-0.00035
5614.53658	-0.00021
5612.60785	0.00023
5610.67912	0.00045
5608.75039	0.00033
5606.82166	0.00008
5604.89292	-0.00001
5602.96419	0.00018
5601.03546	0.00026
5599.10673	-0.00003
5597.17800	-0.00022
5595.24927	-0.00011
5593.32054	0.00017
5591.39181	0.00037
5589.46307	0.00034
5587.53434	0.00001
5585.60561	-0.00040
5583.67688	-0.00039
5581.74815	-0.00014
5579.81942	-0.00033
5577.89069	-0.00074
5575.96196	-0.00071
5574.03322	-0.00045
5572.10449	-0.00025
5570.17576	0.00006
5568.24703	0.00034
5566.31830	0.00016
5564.38957	-0.00029
5562.46084	-0.00040
5560.53211	0.00010
5558.60337	0.00068
5556.67464	0.00079
5554.74591	0.00059
5552.81718	0.00034
5550.88845	0.00009
5548.95972	0.00000
5547.03099	0.00010
5545.10226	0.00008
5543.17352	-0.00004
5541.24479	0.00004
5539.31606	0.00022
5537.38733	0.00009
5535.45860	-0.00022
5533.52987	-0.00027
5531.60114	-0.00010
5529.67241	0.00005
5527.74368	0.00008
5525.81494	0.00001
5523.88621	-0.00004
5521.95748	0.00011
5520.02875	0.00037
5518.10002	0.00057
5516.17129	0.00069
5514.24256	0.00073
5512.31383	0.00050
5510.38509	0.00002
5508.45636	-0.00018
5506.52763	0.00007
5504.59890	0.00023
5502.67017	-0.00010
5500.74144	-0.00064
5498.81271	-0.00088
5496.88398	-0.00073
5494.95524	-0.00045
5493.02651	-0.00038
5491.09778	-0.00053
5489.16905	-0.00058
5487.24032	-0.00044
5485.31159	-0.00015
5483.38286	0.00019
5481.45413	0.00031
5479.52539	0.00008
5477.59666	-0.00029
5475.66793	-0.00037
5473.73920	-0.00028
5471.81047	-0.00022
5469.88174	-0.00011
5467.95301	-0.00008
5466.02428	-0.00031
5464.09554	-0.00069
5462.16681	-0.00089
5460.23808	-0.00073
5458.30935	-0.00035
5456.38062	-0.00013
5454.45189	-0.00033
5452.52316	-0.00070
5450.59443	-0.00099
5448.66570	-0.00119
5446.73696	-0.00124
5444.80823	-0.00124
5442.87950	-0.00124
5440.95077	-0.00099
5439.02204	-0.00075
5437.09331	-0.00070
5435.16458	-0.00063
5433.23585	-0.00072
5431.30711	-0.00119
5429.37838	-0.00138
5427.44965	-0.00086
5425.52092	-0.00005
5423.59219	0.00039
5421.66346	0.00033
5419.73473	0.00005
5417.80600	-0.00049
5415.87726	-0.00113
5413.94853	-0.00145
5412.01980	-0.00136
5410.09107	-0.00090
5408.16234	-0.00034
5406.23361	0.00011
5404.30488	0.00032
5402.37615	0.00028
5400.44741	0.00013
5398.51868	-0.00008
5396.58995	-0.00038
5394.66122	-0.00043
5392.73249	-0.00006
5390.80376	0.00021
5388.87503	-0.00005
5386.94630	-0.00038
5385.01756	-0.00029
5383.08883	-0.00015
5381.16010	-0.00032
5379.23137	-0.00068
5377.30264	-0.00086
5375.37391	-0.00068
5373.44518	-0.00025
5371.51645	0.00001
5369.58772	-0.00013
5367.65898	-0.00054
5365.73025	-0.00091
5363.80152	-0.00101
5361.87279	-0.00084
5359.94406	-0.00057
5358.01533	-0.00055
5356.08660	-0.00088
5354.15787	-0.00111
5352.22913	-0.00103
5350.30040	-0.00089
5348.37167	-0.00109
5346.44294	-0.00140
5344.51421	-0.00136
5342.58548	-0.00140
5340.65675	-0.00157
5338.72802	-0.00143
5336.79928	-0.00111
5334.87055	-0.00096
5332.94182	-0.00102
5331.01309	-0.00127
5329.08436	-0.00148
5327.15563	-0.00144
5325.22690	-0.00120
5323.29817	-0.00069
5321.36943	-0.00018
5319.44070	-0.00012
5317.51197	-0.00048
5315.58324	-0.00075
5313.65451	-0.00065
5311.72578	-0.00047
5309.79705	-0.00035
5307.86832	-0.00010
5305.93958	0.00009
5304.01085	0.00013
5302.08212	0.00013
5300.15339	0.00027
5298.22466	0.00067
5296.29593	0.00116
5294.36720	0.00136
5292.43847	0.00116
5290.50974	0.00090
5288.58100	0.00074
5286.65227	0.00079
5284.72354	0.00100
5282.79481	0.00121
5280.86608	0.00142
5278.93735	0.00180
5277.00862	0.00231
5275.07989	0.00256
5273.15115	0.00253
5271.22242	0.00258
5269.29369	0.00263
5267.36496	0.00243
5265.43623	0.00221
5263.50750	0.00222
5261.57877	0.00248
5259.65004	0.00286
5257.72130	0.00299
5255.79257	0.00307
5253.86384	0.00331
5251.93511	0.00331
5250.00638	0.00300
5248.07765	0.00283
5246.14892	0.00312
5244.22019	0.00384
5242.29145	0.00456
5240.36272	0.00507
5238.43399	0.00524
5236.50526	0.00503
5234.57653	0.00471
5232.64780	0.00457
5230.71907	0.00454
5228.79034	0.00432
5226.86160	0.00424
5224.93287	0.00458
5223.00414	0.00499
5221.07541	0.00525
5219.14668	0.00538
5217.21795	0.00543
5215.28922	0.00547
5213.36049	0.00559
5211.43176	0.00548
5209.50302	0.00499
5207.57429	0.00465
5205.64556	0.00480
5203.71683	0.00513
5201.78810	0.00544
5199.85937	0.00557
5197.93064	0.00556
5196.00191	0.00557
5194.07317	0.00559
5192.14444	0.00554
5190.21571	0.00543
5188.28698	0.00518
5186.35825	0.00482
5184.42952	0.00461
5182.50079	0.00471
5180.57206	0.00499
5178.64332	0.00520
5176.71459	0.00541
5174.78586	0.00558
5172.85713	0.00552
5170.92840	0.00536
5168.99967	0.00534
5167.07094	0.00540
5165.14221	0.00531
5163.21347	0.00508
5161.28474	0.00494
5159.35601	0.00506
5157.42728	0.00530
5155.49855	0.00523
5153.56982	0.00480
5151.64109	0.00464
5149.71236	0.00481
5147.78362	0.00479
5145.85489	0.00454
5143.92616	0.00444
5141.99743	0.00455
5140.06870	0.00460
5138.13997	0.00441
5136.21124	0.00423
5134.28251	0.00429
5132.35378	0.00433
5130.42504	0.00419
5128.49631	0.00405
5126.56758	0.00398
5124.63885	0.00394
5122.71012	0.00397
5120.78139	0.00399
5118.85266	0.00391
5116.92393	0.00378
5114.99519	0.00368
5113.06646	0.00354
5111.13773	0.00335
5109.20900	0.00320
5107.28027	0.00313
5105.35154	0.00309
5103.42281	0.00319
5101.49408	0.00344
5099.56534	0.00355
5097.63661	0.00333
5095.70788	0.00288
5093.77915	0.00248
5091.85042	0.00232
5089.92169	0.00233
5087.99296	0.00239
5086.06423	0.00249
5084.13549	0.00255
5082.20676	0.00247
5080.27803	0.00237
5078.34930	0.00233
5076.42057	0.00232
5074.49184	0.00233
5072.56311	0.00227
5070.63438	0.00214
5068.70564	0.00211
5066.77691	0.00211
5064.84818	0.00198
5062.91945	0.00184
5060.99072	0.00185
5059.06199	0.00178
5057.13326	0.00163
5055.20453	0.00163
5053.27580	0.00159
5051.34706	0.00143
5049.41833	0.00135
5047.48960	0.00149
5045.56087	0.00169
5043.63214	0.00174
5041.70341	0.00157
5039.77468	0.00134
5037.84595	0.00120
5035.91721	0.00109
5033.98848	0.00098
5032.05975	0.00106
5030.13102	0.00125
5028.20229	0.00126
5026.27356	0.00111
5024.34483	0.00102
5022.41610	0.00097
5020.48736	0.00097
5018.55863	0.00113
5016.62990	0.00115
5014.70117	0.00092
5012.77244	0.00079
5010.84371	0.00081
5008.91498	0.00075
5006.98625	0.00074
5005.05751	0.00089
5003.12878	0.00105
5001.20005	0.00116
4999.27132	0.00117
4997.34259	0.00105
4995.41386	0.00079
4993.48513	0.00047
4991.55640	0.00041
4989.62766	0.00058
4987.69893	0.00058
4985.77020	0.00053
4983.84147	0.00074
4981.91274	0.00092
4979.98401	0.00070
4978.05528	0.00031
4976.12655	0.00004
4974.19782	-0.00007
4972.26908	-0.00008
4970.34035	0.00001
4968.41162	0.00023
4966.48289	0.00051
4964.55416	0.00083
4962.62543	0.00111
4960.69670	0.00107
4958.76797	0.00083
4956.83923	0.00072
4954.91050	0.00056
4952.98177	0.00028
4951.05304	0.00023
4949.12431	0.00038
4947.19558	0.00034
4945.26685	0.00028
4943.33812	0.00050
4941.40938	0.00068
4939.48065	0.00045
4937.55192	0.00017
4935.62319	0.00029
4933.69446	0.00064
4931.76573	0.00080
4929.83700	0.00065
4927.90827	0.00044
4925.97953	0.00037
4924.05080	0.00046
4922.12207	0.00055
4920.19334	0.00051
4918.26461	0.00040
4916.33588	0.00030
4914.40715	0.00024
4912.47842	0.00045
4910.54968	0.00074
4908.62095	0.00067
4906.69222	0.00039
4904.76349	0.00025
4902.83476	0.00019
4900.90603	0.00016
4898.97730	0.00013
4897.04857	0.00004
4895.11984	0.00001
4893.19110	0.00018
4891.26237	0.00036
4889.33364	0.00029
4887.40491	0.00018
4885.47618	0.00023
4883.54745	0.00024
4881.61872	0.00013
4879.68999	0.00012
4877.76125	0.00011
4875.83252	-0.00001
4873.90379	-0.00008
4871.97506	0.00012
4870.04633	0.00048
4868.11760	0.00068
4866.18887	0.00053
4864.26014	0.00023
4862.33140	0.00006
4860.40267	0.00000
4858.47394	0.00009
4856.54521	0.00033
4854.61648	0.00050
4852.68775	0.00053
4850.75902	0.00053
4848.83029	0.00051
4846.90155	0.00035
4844.97282	0.00029
4843.04409	0.00048
4841.11536	0.00066
4839.18663	0.00055
4837.25790	0.00025
4835.32917	0.00010
4833.40044	0.00018
4831.47170	0.00039
4829.54297	0.00061
4827.61424	0.00077
4825.68551	0.00081
4823.75678	0.00071
4821.82805	0.00049
4819.89932	0.00024
4817.97059	0.00022
4816.04186	0.00048
4814.11312	0.00059
4812.18439	0.00028
4810.25566	-0.00005
4808.32693	-0.00003
4806.39820	0.00012
4804.46947	0.00021
4802.54074	0.00024
4800.61201	0.00027
4798.68327	0.00034
4796.75454	0.00043
4794.82581	0.00051
4792.89708	0.00061
4790.96835	0.00065
4789.03962	0.00058
4787.11089	0.00051
4785.18216	0.00063
4783.25342	0.00089
4781.32469	0.00105
4779.39596	0.00098
4777.46723	0.00076
4775.53850	0.00058
4773.60977	0.00050
4771.68104	0.00037
4769.75231	0.00025
4767.82357	0.00029
4765.89484	0.00034
4763.96611	0.00040
4762.03738	0.00060
4760.10865	0.00069
4758.17992	0.00050
4756.25119	0.00024
4754.32246	0.00009
4752.39372	0.00002
4750.46499	0.00001
4748.53626	0.00006
4746.60753	0.00008
4744.67880	0.00004
4742.75007	-0.00007
4740.82134	-0.00024
4738.89261	-0.00027
4736.96388	-0.00021
4735.03514	-0.00020
4733.10641	-0.00014
4731.17768	-0.00007
4729.24895	-0.00025
4727.32022	-0.00054
4725.39149	-0.00067
4723.46276	-0.00064
4721.53403	-0.00049
4719.60529	-0.00032
4717.67656	-0.00027
4715.74783	-0.00029
4713.81910	-0.00022
4711.89037	-0.00009
4709.96164	-0.00007
4708.03291	-0.00022
4706.10418	-0.00032
4704.17544	-0.00017
4702.24671	0.00008
4700.31798	0.00028
4698.38925	0.00043
4696.46052	0.00044
4694.53179	0.00031
4692.60306	0.00022
4690.67433	0.00013
4688.74559	-0.00005
4686.81686	-0.00014
4684.88813	-0.00011
4682.95940	-0.00007
4681.03067	-0.00006
4679.10194	-0.00005
4677.17321	0.00007
4675.24448	0.00026
4673.31574	0.00034
4671.38701	0.00032
4669.45828	0.00026
4667.52955	0.00014
4665.60082	-0.00002
4663.67209	-0.00006
4661.74336	0.00010
4659.81463	0.00034
4657.88590	0.00036
4655.95716	0.00023
4654.02843	0.00024
4652.09970	0.00031
4650.17097	0.00030
4648.24224	0.00028
4646.31351	0.00027
4644.38478	0.00024
4642.45605	0.00014
4640.52731	-0.00001
4638.59858	-0.00008
4636.66985	-0.00001
4634.74112	0.00007
4632.81239	0.00010
4630.88366	0.00013
4628.95493	0.00014
4627.02620	0.00010
4625.09746	0.00009
4623.16873	0.00021
4621.24000	0.00043
4619.31127	0.00053
4617.38254	0.00047
4615.45381	0.00037
4613.52508	0.00037
4611.59635	0.00047
4609.66761	0.00055
4607.73888	0.00058
4605.81015	0.00065
4603.88142	0.00068
4601.95269	0.00052
4600.02396	0.00033
4598.09523	0.00027
4596.16650	0.00024
4594.23776	0.00022
4592.30903	0.00028
4590.38030	0.00032
4588.45157	0.00031
4586.52284	0.00029
4584.59411	0.00029
4582.66538	0.00034
4580.73665	0.00034
4578.80792	0.00025
4576.87918	0.00026
4574.95045	0.00043
4573.02172	0.00043
4571.09299	0.00025
4569.16426	0.00020
4567.23553	0.00031
4565.30680	0.00046
4563.37807	0.00055
4561.44933	0.00039
4559.52060	0.00004
4557.59187	-0.00013
4555.66314	0.00004
4553.73441	0.00033
4551.80568	0.00044
4549.87695	0.00040
4547.94822	0.00036
4546.01948	0.00035
4544.09075	0.00029
4542.16202	0.00016
4540.23329	-0.00002
4538.30456	-0.00020
4536.37583	-0.00030
4534.44710	-0.00027
4532.51837	-0.00015
4530.58963	0.00001
4528.66090	0.00017
4526.73217	0.00029
4524.80344	0.00021
4522.87471	0.00001
4520.94598	-0.00009
4519.01725	-0.00002
4517.08852	0.00021
4515.15978	0.00041
4513.23105	0.00045
4511.30232	0.00040
4509.37359	0.00028
4507.44486	0.00007
4505.51613	-0.00015
4503.58740	-0.00028
4501.65867	-0.00027
4499.72994	-0.00020
4497.80120	-0.00028
4495.87247	-0.00053
4493.94374	-0.00071
4492.01501	-0.00070
4490.08628	-0.00055
4488.15755	-0.00042
4486.22882	-0.00046
4484.30009	-0.00057
4482.37135	-0.00064
4480.44262	-0.00060
4478.51389	-0.00053
4476.58516	-0.00052
4474.65643	-0.00056
4472.72770	-0.00058
4470.79897	-0.00056
4468.87024	-0.00059
4466.94150	-0.00067
4465.01277	-0.00078
4463.08404	-0.00083
4461.15531	-0.00074
4459.22658	-0.00055
4457.29785	-0.00044
4455.36912	-0.00046
4453.44039	-0.00050
4451.51165	-0.00045
4449.58292	-0.00039
4447.65419	-0.00037
4445.72546	-0.00038
4443.79673	-0.00040
4441.86800	-0.00041
4439.93927	-0.00032
4438.01054	-0.00014
4436.08180	-0.00002
4434.15307	-0.00005
4432.22434	-0.00012
4430.29561	-0.00014
4428.36688	-0.00013
4426.43815	-0.00012
4424.50942	-0.00009
4422.58069	-0.00002
4420.65196	0.00000
4418.72322	0.00004
4416.79449	0.00019
4414.86576	0.00033
4412.93703	0.00039
4411.00830	0.00040
4409.07957	0.00034
4407.15084	0.00025
4405.22211	0.00026
4403.29337	0.00033
4401.36464	0.00033
4399.43591	0.00034
4397.50718	0.00046
4395.57845	0.00055
4393.64972	0.00058
4391.72099	0.00065
4389.79226	0.00071
4387.86352	0.00065
4385.93479	0.00049
4384.00606	0.00039
4382.07733	0.00045
4380.14860	0.00058
4378.21987	0.00070
4376.29114	0.00077
4374.36241	0.00082
4372.43367	0.00093
4370.50494	0.00100
4368.57621	0.00095
4366.64748	0.00088
4364.71875	0.00097
4362.79002	0.00106
4360.86129	0.00095
4358.93256	0.00076
4357.00382	0.00071
4355.07509	0.00079
4353.14636	0.00086
4351.21763	0.00085
4349.28890	0.00084
4347.36017	0.00079
4345.43144	0.00071
4343.50271	0.00074
4341.57398	0.00081
4339.64524	0.00076
4337.71651	0.00067
4335.78778	0.00066
4333.85905	0.00074
4331.93032	0.00071
4330.00159	0.00050
4328.07286	0.00025
4326.14413	0.00021
4324.21539	0.00031
4322.28666	0.00028
4320.35793	0.00008
4318.42920	-0.00008
4316.50047	-0.00010
4314.57174	0.00001
4312.64301	0.00009
4310.71428	-0.00001
4308.78554	-0.00027
4306.85681	-0.00046
4304.92808	-0.00043
4302.99935	-0.00035
4301.07062	-0.00033
4299.14189	-0.00034
4297.21316	-0.00032
4295.28443	-0.00032
4293.35569	-0.00041
4291.42696	-0.00047
4289.49823	-0.00037
4287.56950	-0.00029
4285.64077	-0.00027
4283.71204	-0.00026
4281.78331	-0.00034
4279.85458	-0.00043
4277.92584	-0.00038
4275.99711	-0.00030
4274.06838	-0.00029
4272.13965	-0.00029
4270.21092	-0.00031
4268.28219	-0.00032
4266.35346	-0.00024
4264.42473	-0.00022
4262.49600	-0.00032
4260.56726	-0.00035
4258.63853	-0.00025
4256.70980	-0.00016
4254.78107	-0.00019
4252.85234	-0.00022
4250.92361	-0.00019
4248.99488	-0.00020
4247.06615	-0.00033
4245.13741	-0.00052
4243.20868	-0.00067
4241.27995	-0.00069
4239.35122	-0.00056
4237.42249	-0.00043
4235.49376	-0.00044
4233.56503	-0.00041
4231.63630	-0.00031
4229.70756	-0.00028
4227.77883	-0.00025
4225.85010	-0.00018
4223.92137	-0.00021
4221.99264	-0.00032
4220.06391	-0.00032
4218.13518	-0.00020
4216.20645	-0.00013
4214.27771	-0.00012
4212.34898	-0.00010
4210.42025	-0.00006
4208.49152	-0.00009
4206.56279	-0.00017
4204.63406	-0.00023
4202.70533	-0.00017
4200.77660	0.00001
4198.84786	0.00014
4196.91913	0.00016
4194.99040	0.00009
4193.06167	-0.00004
4191.13294	-0.00017
4189.20421	-0.00027
4187.27548	-0.00033
4185.34675	-0.00034
4183.41802	-0.00025
4181.48928	-0.00008
4179.56055	0.00009
4177.63182	0.00013
4175.70309	0.00007
4173.77436	0.00000
4171.84563	-0.00006
4169.91690	-0.00016
4167.98817	-0.00026
4166.05943	-0.00029
4164.13070	-0.00024
4162.20197	-0.00015
4160.27324	-0.00008
4158.34451	-0.00005
4156.41578	-0.00000
4154.48705	-0.00001
4152.55832	-0.00013
4150.62958	-0.00025
4148.70085	-0.00027
4146.77212	-0.00024
4144.84339	-0.00019
4142.91466	-0.00014
4140.98593	-0.00014
4139.05720	-0.00022
4137.12847	-0.00026
4135.19973	-0.00016
4133.27100	-0.00002
4131.34227	0.00003
4129.41354	-0.00003
4127.48481	-0.00014
4125.55608	-0.00019
4123.62735	-0.00017
4121.69862	-0.00020
4119.76988	-0.00022
4117.84115	-0.00020
4115.91242	-0.00024
4113.98369	-0.00031
4112.05496	-0.00026
4110.12623	-0.00014
4108.19750	-0.00020
4106.26877	-0.00037
4104.34004	-0.00038
4102.41130	-0.00022
4100.48257	-0.00008
4098.55384	-0.00003
4096.62511	-0.00012
4094.69638	-0.00027
4092.76765	-0.00030
4090.83892	-0.00021
4088.91019	-0.00010
4086.98145	0.00009
4085.05272	0.00021
4083.12399	0.00008
4081.19526	-0.00011
4079.26653	-0.00012
4077.33780	0.00002
4075.40907	0.00020
4073.48034	0.00030
4071.55160	0.00030
4069.62287	0.00034
4067.69414	0.00045
4065.76541	0.00048
4063.83668	0.00032
4061.90795	0.00010
4059.97922	-0.00001
4058.05049	0.00006
4056.12175	0.00016
4054.19302	0.00019
4052.26429	0.00018
4050.33556	0.00019
4048.40683	0.00014
4046.47810	-0.00001
4044.54937	-0.00005
4042.62064	0.00012
4040.69190	0.00028
4038.76317	0.00035
4036.83444	0.00045
4034.90571	0.00051
4032.97698	0.00047
4031.04825	0.00046
4029.11952	0.00045
4027.19079	0.00032
4025.26206	0.00024
4023.33332	0.00033
4021.40459	0.00035
4019.47586	0.00028
4017.54713	0.00029
4015.61840	0.00034
4013.68967	0.00031
4011.76094	0.00014
4009.83221	-0.00004
4007.90347	0.00003
4005.97474	0.00032
4004.04601	0.00052
4002.11728	0.00062
4000.18855	0.00066
3998.25982	0.00059
3996.33109	0.00059
3994.40236	0.00054
3992.47362	0.00036
3990.54489	0.00017
3988.61616	0.00005
3986.68743	-0.00001
3984.75870	-0.00008
3982.82997	-0.00010
3980.90124	-0.00012
3978.97251	-0.00014
3977.04377	-0.00010
3975.11504	-0.00003
3973.18631	0.00003
3971.25758	0.00007
3969.32885	0.00004
3967.40012	-0.00005
3965.47139	-0.00011
3963.54266	-0.00004
3961.61392	-0.00005
3959.68519	-0.00030
3957.75646	-0.00056
3955.82773	-0.00070
3953.89900	-0.00072
3951.97027	-0.00065
3950.04154	-0.00061
3948.11281	-0.00076
3946.18408	-0.00097
3944.25534	-0.00092
3942.32661	-0.00087
3940.39788	-0.00107
3938.46915	-0.00117
3936.54042	-0.00126
3934.61169	-0.00148
3932.68296	-0.00168
3930.75423	-0.00187
3928.82549	-0.00198
3926.89676	-0.00183
3924.96803	-0.00166
3923.03930	-0.00190
3921.11057	-0.00231
3919.18184	-0.00248
3917.25311	-0.00249
3915.32438	-0.00262
3913.39564	-0.00283
3911.46691	-0.00298
3909.53818	-0.00314
3907.60945	-0.00316
3905.68072	-0.00299
3903.75199	-0.00308
3901.82326	-0.00335
3899.89453	-0.00340
3897.96579	-0.00374
3896.03706	-0.00431
3894.10833	-0.00433
3892.17960	-0.00388
3890.25087	-0.00410
3888.32214	-0.00472
3886.39341	-0.00481
3884.46468	-0.00493
3882.53594	-0.00504
3880.60721	-0.00486
3878.67848	-0.00520
3876.74975	-0.00560
3874.82102	-0.00552
3872.89229	-0.00545
3870.96356	-0.00528
3869.03483	-0.00544
3867.10610	-0.00596
3865.17736	-0.00596
3863.24863	-0.00594
3861.31990	-0.00637
3859.39117	-0.00683
3857.46244	-0.00664
3855.53371	-0.00529
3853.60498	-0.00403
3851.67625	-0.00493
3849.74751	-0.00656
3847.81878	-0.00724
3845.89005	-0.00707
3843.96132	-0.00680
3842.03259	-0.00678
3840.10386	-0.00659
3838.17513	-0.00627
3836.24640	-0.00635
3834.31766	-0.00660
3832.38893	-0.00659
3830.46020	-0.00660
3828.53147	-0.00662
3826.60274	-0.00662
3824.67401	-0.00670
3822.74528	-0.00623
3820.81655	-0.00592
3818.88781	-0.00640
3816.95908	-0.00622
3815.03035	-0.00585
3813.10162	-0.00611
3811.17289	-0.00620
3809.24416	-0.00569
3807.31543	-0.00515
3805.38670	-0.00544
3803.45796	-0.00545
3801.52923	-0.00478
3799.60050	-0.00473
3797.67177	-0.00477
3795.74304	-0.00452
3793.81431	-0.00440
3791.88558	-0.00426
3789.95685	-0.00409
3788.02812	-0.00392
3786.09938	-0.00362
3784.17065	-0.00341
3782.24192	-0.00328
3780.31319	-0.00298
3778.38446	-0.00283
3776.45573	-0.00296
3774.52700	-0.00302
3772.59827	-0.00290
3770.66953	-0.00271
3768.74080	-0.00284
3766.81207	-0.00303
3764.88334	-0.00308
3762.95461	-0.00312
3761.02588	-0.00284
3759.09715	-0.00252
3757.16842	-0.00260
3755.23968	-0.00262
3753.31095	-0.00201
3751.38222	-0.00126
3749.45349	-0.00144
3747.52476	-0.00190
3745.59603	-0.00101
3743.66730	-0.00001
3741.73857	-0.00021
3739.80983	-0.00022
3737.88110	0.00071
3735.95237	0.00203
3734.02364	0.00305
3732.09491	0.00375
3730.16618	0.00420
3728.23745	0.00483
3726.30872	0.00589
3724.37998	0.00715
3722.45125	0.00855
3720.52252	0.00991
3718.59379	0.01111
3716.66506	0.01231
3714.73633	0.01395
3712.80760	0.01626
3710.87887	0.01843
3708.95014	0.01986
3707.02140	0.02114
3705.09267	0.02294
3703.16394	0.02536
3701.23521	0.02775
3699.30648	0.02969
3697.37775	0.03161
3695.44902	0.03364
3693.52029	0.03579
3691.59155	0.03840
3689.66282	0.04147
3687.73409	0.04418
3685.80536	0.04627
3683.87663	0.04858
3681.94790	0.05138
3680.01917	0.05438
3678.09044	0.05786
3676.16170	0.06205
3674.23297	0.06524
3672.30424	0.06788
3670.37551	0.07180
3668.44678	0.07556
3666.51805	0.07832
3664.58932	0.08113
3662.66059	0.08434
3660.73185	0.08752
3658.80312	0.09074
3656.87439	0.09410
3654.94566	0.09676
3653.01693	0.09912
3651.08820	0.10235
3649.15947	0.10590
3647.23074	0.10876
3645.30200	0.11097
3643.37327	0.11331
3641.44454	0.11599
3639.51581	0.11865
3637.58708	0.12118
3635.65835	0.12362
3633.72962	0.12578
3631.80089	0.12788
3629.87216	0.13076
3627.94342	0.13341
3626.01469	0.13479
3624.08596	0.13604
3622.15723	0.13796
3620.22850	0.14032
3618.29977	0.14217
3616.37104	0.14335
3614.44231	0.14477
3612.51357	0.14641
3610.58484	0.14804
3608.65611	0.15001
3606.72738	0.15187
3604.79865	0.15329
3602.86992	0.15471
3600.94119	0.15626
3599.01246	0.15766
3597.08372	0.15898
3595.15499	0.16038
3593.22626	0.16162
3591.29753	0.16262
3589.36880	0.16401
3587.44007	0.16576
3585.51134	0.16716
3583.58261	0.16826
3581.65387	0.16952
3579.72514	0.17085
3577.79641	0.17212
3575.86768	0.17336
3573.93895	0.17447
3572.01022	0.17527
3570.08149	0.17598
3568.15276	0.17703
3566.22402	0.17829
3564.29529	0.17945
3562.36656	0.18070
3560.43783	0.18193
3558.50910	0.18287
3556.58037	0.18366
3554.65164	0.18464
3552.72291	0.18572
3550.79418	0.18652
3548.86544	0.18716
3546.93671	0.18798
3545.00798	0.18886
3543.07925	0.18967
3541.15052	0.19048
3539.22179	0.19132
3537.29306	0.19224
3535.36433	0.19308
3533.43559	0.19369
3531.50686	0.19419
3529.57813	0.19478
3527.64940	0.19543
3525.72067	0.19609
3523.79194	0.19680
3521.86321	0.19741
3519.93448	0.19797
3518.00574	0.19860
3516.07701	0.19922
3514.14828	0.19971
3512.21955	0.20014
3510.29082	0.20074
3508.36209	0.20139
3506.43336	0.20193
3504.50463	0.20254
3502.57589	0.20314
3500.64716	0.20358
3498.71843	0.20409
3496.78970	0.20475
3494.86097	0.20538
3492.93224	0.20588
3491.00351	0.20634
3489.07478	0.20682
3487.14604	0.20722
3485.21731	0.20758
3483.28858	0.20813
3481.35985	0.20870
3479.43112	0.20904
3477.50239	0.20938
3475.57366	0.20984
3473.64493	0.21025
3471.71620	0.21071
3469.78746	0.21136
3467.85873	0.21202
3465.93000	0.21242
3464.00127	0.21273
3462.07254	0.21304
3460.14381	0.21324
3458.21508	0.21344
3456.28635	0.21375
3454.35761	0.21414
3452.42888	0.21460
3450.50015	0.21512
3448.57142	0.21570
3446.64269	0.21611
3444.71396	0.21626
3442.78523	0.21646
3440.85650	0.21677
3438.92776	0.21706
3436.99903	0.21737
3435.07030	0.21776
3433.14157	0.21814
3431.21284	0.21845
3429.28411	0.21871
3427.35538	0.21903
3425.42665	0.21940
3423.49791	0.21979
3421.56918	0.22015
3419.64045	0.22038
3417.71172	0.22056
3415.78299	0.22091
3413.85426	0.22138
3411.92553	0.22171
3409.99680	0.22180
3408.06806	0.22184
3406.13933	0.22202
3404.21060	0.22228
3402.28187	0.22258
3400.35314	0.22276
3398.42441	0.22235
3396.49568	0.22254
3394.56695	0.22295
3392.63822	0.22329
3390.70948	0.22361
3388.78075	0.22398
3386.85202	0.22425
3384.92329	0.22440
3382.99456	0.22444
3381.06583	0.22446
3379.13710	0.22460
3377.20837	0.22486
3375.27963	0.22505
3373.35090	0.22523
3371.42217	0.22544
3369.49344	0.22550
3367.56471	0.22539
3365.63598	0.22540
3363.70725	0.22555
3361.77852	0.22572
3359.84978	0.22596
3357.92105	0.22614
3355.99232	0.22612
3354.06359	0.22609
3352.13486	0.22620
3350.20613	0.22639
3348.27740	0.22649
3346.34867	0.22644
3344.41993	0.22630
3342.49120	0.22619
3340.56247	0.22612
3338.63374	0.22612
3336.70501	0.22625
3334.77628	0.22640
3332.84755	0.22642
3330.91882	0.22640
3328.99008	0.22641
3327.06135	0.22636
3325.13262	0.22627
3323.20389	0.22616
3321.27516	0.22603
3319.34643	0.22586
3317.41770	0.22570
3315.48897	0.22557
3313.56024	0.22548
3311.63150	0.22539
3309.70277	0.22527
3307.77404	0.22513
3305.84531	0.22507
3303.91658	0.22506
3301.98785	0.22495
3300.05912	0.22473
3298.13039	0.22450
3296.20165	0.22428
3294.27292	0.22408
3292.34419	0.22385
3290.41546	0.22357
3288.48673	0.22332
3286.55800	0.22306
3284.62927	0.22274
3282.70054	0.22247
3280.77180	0.22227
3278.84307	0.22196
3276.91434	0.22152
3274.98561	0.22113
3273.05688	0.22095
3271.12815	0.22081
3269.19942	0.22048
3267.27069	0.21996
3265.34195	0.21947
3263.41322	0.21911
3261.48449	0.21871
3259.55576	0.21816
3257.62703	0.21755
3255.69830	0.21703
3253.76957	0.21662
3251.84084	0.21634
3249.91210	0.21605
3247.98337	0.21555
3246.05464	0.21488
3244.12591	0.21430
3242.19718	0.21388
3240.26845	0.21347
3238.33972	0.21306
3236.41099	0.21271
3234.48226	0.21234
3232.55352	0.21181
3230.62479	0.21116
3228.69606	0.21059
3226.76733	0.21010
3224.83860	0.20959
3222.90987	0.20901
3220.98114	0.20843
3219.05241	0.20787
3217.12367	0.20732
3215.19494	0.20678
3213.26621	0.20624
3211.33748	0.20564
3209.40875	0.20503
3207.48002	0.20446
3205.55129	0.20392
3203.62256	0.20339
3201.69382	0.20280
3199.76509	0.20209
3197.83636	0.20140
3195.90763	0.20088
3193.97890	0.20049
3192.05017	0.19997
3190.12144	0.19920
3188.19271	0.19829
3186.26397	0.19751
3184.33524	0.19688
3182.40651	0.19624
3180.47778	0.19553
3178.54905	0.19490
3176.62032	0.19435
3174.69159	0.19378
3172.76286	0.19311
3170.83412	0.19237
3168.90539	0.19164
3166.97666	0.19095
3165.04793	0.19021
3163.11920	0.18940
3161.19047	0.18862
3159.26174	0.18800
3157.33301	0.18746
3155.40428	0.18683
3153.47554	0.18609
3151.54681	0.18536
3149.61808	0.18471
3147.68935	0.18406
3145.76062	0.18340
3143.83189	0.18278
3141.90316	0.18213
3139.97443	0.18142
3138.04569	0.18065
3136.11696	0.17983
3134.18823	0.17906
3132.25950	0.17837
3130.33077	0.17771
3128.40204	0.17704
3126.47331	0.17637
3124.54458	0.17571
3122.61584	0.17508
3120.68711	0.17451
3118.75838	0.17395
3116.82965	0.17341
3114.90092	0.17282
3112.97219	0.17215
3111.04346	0.17151
3109.11473	0.17097
3107.18599	0.17044
3105.25726	0.16982
3103.32853	0.16917
3101.39980	0.16860
3099.47107	0.16806
3097.54234	0.16747
3095.61361	0.16688
3093.68488	0.16637
3091.75614	0.16591
3089.82741	0.16538
3087.89868	0.16474
3085.96995	0.16411
3084.04122	0.16353
3082.11249	0.16292
3080.18376	0.16226
3078.25503	0.16161
3076.32630	0.16096
3074.39756	0.16028
3072.46883	0.15961
3070.54010	0.15893
3068.61137	0.15822
3066.68264	0.15752
3064.75391	0.15687
3062.82518	0.15621
3060.89645	0.15546
3058.96771	0.15466
3057.03898	0.15390
3055.11025	0.15322
3053.18152	0.15256
3051.25279	0.15181
3049.32406	0.15098
3047.39533	0.15020
3045.46660	0.14950
3043.53786	0.14882
3041.60913	0.14817
3039.68040	0.14747
3037.75167	0.14672
3035.82294	0.14597
3033.89421	0.14525
3031.96548	0.14454
3030.03675	0.14379
3028.10801	0.14302
3026.17928	0.14235
3024.25055	0.14175
3022.32182	0.14112
3020.39309	0.14041
3018.46436	0.13969
3016.53563	0.13906
3014.60690	0.13853
3012.67816	0.13808
3010.74943	0.13757
3008.82070	0.13695
3006.89197	0.13637
3004.96324	0.13593
3003.03451	0.13557
3001.10578	0.13522
2999.17705	0.13496
2997.24832	0.13470
2995.31958	0.13444
2993.39085	0.13413
2991.46212	0.13382
2989.53339	0.13353
2987.60466	0.13332
2985.67593	0.13326
2983.74720	0.13330
2981.81847	0.13332
2979.88973	0.13331
2977.96100	0.13323
2976.03227	0.13312
2974.10354	0.13300
2972.17481	0.13287
2970.24608	0.13273
2968.31735	0.13263
2966.38862	0.13261
2964.45988	0.13264
2962.53115	0.13264
2960.60242	0.13263
2958.67369	0.13267
2956.74496	0.13280
2954.81623	0.13298
2952.88750	0.13315
2950.95877	0.13332
2949.03003	0.13358
2947.10130	0.13394
2945.17257	0.13430
2943.24384	0.13458
2941.31511	0.13481
2939.38638	0.13511
2937.45765	0.13550
2935.52892	0.13589
2933.60018	0.13625
2931.67145	0.13659
2929.74272	0.13681
2927.81399	0.13682
2925.88526	0.13666
2923.95653	0.13639
2922.02780	0.13591
2920.09907	0.13516
2918.17034	0.13412
2916.24160	0.13254
2914.31287	0.13018
2912.38414	0.12743
2910.45541	0.12493
2908.52668	0.12291
2906.59795	0.12126
2904.66922	0.11986
2902.74049	0.11860
2900.81175	0.11736
2898.88302	0.11613
2896.95429	0.11498
2895.02556	0.11393
2893.09683	0.11285
2891.16810	0.11175
2889.23937	0.11074
2887.31064	0.10978
2885.38190	0.10884
2883.45317	0.10789
2881.52444	0.10692
2879.59571	0.10607
2877.66698	0.10552
2875.73825	0.10513
2873.80952	0.10461
2871.88079	0.10390
2869.95205	0.10310
2868.02332	0.10238
2866.09459	0.10189
2864.16586	0.10161
2862.23713	0.10141
2860.30840	0.10138
2858.37967	0.10169
2856.45094	0.10242
2854.52220	0.10336
2852.59347	0.10401
2850.66474	0.10358
2848.73601	0.10157
2846.80728	0.09846
2844.87855	0.09516
2842.94982	0.09225
2841.02109	0.08990
2839.09236	0.08794
2837.16362	0.08617
2835.23489	0.08457
2833.30616	0.08321
2831.37743	0.08204
2829.44870	0.08096
2827.51997	0.07996
2825.59124	0.07906
2823.66251	0.07823
2821.73377	0.07739
2819.80504	0.07653
2817.87631	0.07569
2815.94758	0.07487
2814.01885	0.07411
2812.09012	0.07343
2810.16139	0.07273
2808.23266	0.07194
2806.30392	0.07113
2804.37519	0.07038
2802.44646	0.06970
2800.51773	0.06909
2798.58900	0.06851
2796.66027	0.06784
2794.73154	0.06712
2792.80281	0.06647
2790.87407	0.06586
2788.94534	0.06517
2787.01661	0.06449
2785.08788	0.06393
2783.15915	0.06343
2781.23042	0.06285
2779.30169	0.06221
2777.37296	0.06161
2775.44422	0.06106
2773.51549	0.06046
2771.58676	0.05979
2769.65803	0.05916
2767.72930	0.05858
2765.80057	0.05802
2763.87184	0.05750
2761.94311	0.05699
2760.01438	0.05646
2758.08564	0.05596
2756.15691	0.05549
2754.22818	0.05496
2752.29945	0.05435
2750.37072	0.05376
2748.44199	0.05331
2746.51326	0.05291
2744.58453	0.05247
2742.65579	0.05195
2740.72706	0.05133
2738.79833	0.05066
2736.86960	0.05009
2734.94087	0.04964
2733.01214	0.04922
2731.08341	0.04872
2729.15468	0.04822
2727.22594	0.04778
2725.29721	0.04734
2723.36848	0.04684
2721.43975	0.04629
2719.51102	0.04570
2717.58229	0.04513
2715.65356	0.04461
2713.72483	0.04413
2711.79609	0.04364
2709.86736	0.04318
2707.93863	0.04276
2706.00990	0.04228
2704.08117	0.04175
2702.15244	0.04125
2700.22371	0.04078
2698.29498	0.04031
2696.36624	0.03981
2694.43751	0.03931
2692.50878	0.03884
2690.58005	0.03843
2688.65132	0.03801
2686.72259	0.03754
2684.79386	0.03711
2682.86513	0.03678
2680.93640	0.03642
2679.00766	0.03600
2677.07893	0.03557
2675.15020	0.03516
2673.22147	0.03472
2671.29274	0.03422
2669.36401	0.03371
2667.43528	0.03326
2665.50655	0.03290
2663.57781	0.03255
2661.64908	0.03214
2659.72035	0.03167
2657.79162	0.03122
2655.86289	0.03083
2653.93416	0.03044
2652.00543	0.03004
2650.07670	0.02964
2648.14796	0.02924
2646.21923	0.02882
2644.29050	0.02845
2642.36177	0.02811
2640.43304	0.02775
2638.50431	0.02734
2636.57558	0.02693
2634.64685	0.02657
2632.71811	0.02623
2630.78938	0.02591
2628.86065	0.02559
2626.93192	0.02526
2625.00319	0.02487
2623.07446	0.02442
2621.14573	0.02399
2619.21700	0.02360
2617.28826	0.02322
2615.35953	0.02288
2613.43080	0.02258
2611.50207	0.02227
2609.57334	0.02196
2607.64461	0.02162
2605.71588	0.02126
2603.78715	0.02093
2601.85842	0.02063
2599.92968	0.02031
2598.00095	0.01999
2596.07222	0.01968
2594.14349	0.01935
2592.21476	0.01900
2590.28603	0.01865
2588.35730	0.01831
2586.42857	0.01798
2584.49983	0.01769
2582.57110	0.01745
2580.64237	0.01725
2578.71364	0.01698
2576.78491	0.01665
2574.85618	0.01638
2572.92745	0.01619
2570.99872	0.01593
2569.06998	0.01557
2567.14125	0.01520
2565.21252	0.01488
2563.28379	0.01464
2561.35506	0.01444
2559.42633	0.01420
2557.49760	0.01392
2555.56887	0.01366
2553.64013	0.01343
2551.71140	0.01320
2549.78267	0.01299
2547.85394	0.01277
2545.92521	0.01257
2543.99648	0.01235
2542.06775	0.01211
2540.13902	0.01193
2538.21028	0.01180
2536.28155	0.01163
2534.35282	0.01140
2532.42409	0.01120
2530.49536	0.01105
2528.56663	0.01089
2526.63790	0.01074
2524.70917	0.01057
2522.78044	0.01036
2520.85170	0.01018
2518.92297	0.01005
2516.99424	0.00991
2515.06551	0.00969
2513.13678	0.00946
2511.20805	0.00925
2509.27932	0.00904
2507.35059	0.00883
2505.42185	0.00860
2503.49312	0.00840
2501.56439	0.00827
2499.63566	0.00816
2497.70693	0.00804
2495.77820	0.00791
2493.84947	0.00773
2491.92074	0.00751
2489.99200	0.00726
2488.06327	0.00704
2486.13454	0.00686
2484.20581	0.00674
2482.27708	0.00662
2480.34835	0.00644
2478.41962	0.00617
2476.49089	0.00591
2474.56215	0.00573
2472.63342	0.00560
2470.70469	0.00551
2468.77596	0.00540
2466.84723	0.00521
2464.91850	0.00500
2462.98977	0.00479
2461.06104	0.00460
2459.13230	0.00443
2457.20357	0.00427
2455.27484	0.00410
2453.34611	0.00392
2451.41738	0.00371
2449.48865	0.00348
2447.55992	0.00328
2445.63119	0.00312
2443.70246	0.00298
2441.77372	0.00284
2439.84499	0.00273
2437.91626	0.00261
2435.98753	0.00252
2434.05880	0.00244
2432.13007	0.00233
2430.20134	0.00224
2428.27261	0.00217
2426.34387	0.00212
2424.41514	0.00206
2422.48641	0.00196
2420.55768	0.00182
2418.62895	0.00169
2416.70022	0.00160
2414.77149	0.00150
2412.84276	0.00134
2410.91402	0.00122
2408.98529	0.00115
2407.05656	0.00106
2405.12783	0.00096
2403.19910	0.00089
2401.27037	0.00084
2399.34164	0.00076
2397.41291	0.00065
2395.48417	0.00052
2393.55544	0.00039
2391.62671	0.00030
2389.69798	0.00028
2387.76925	0.00027
2385.84052	0.00027
2383.91179	0.00030
2381.98306	0.00037
2380.05432	0.00039
2378.12559	0.00034
2376.19686	0.00027
2374.26813	0.00023
2372.33940	0.00026
2370.41067	0.00032
2368.48194	0.00038
2366.55321	0.00045
2364.62448	0.00044
2362.69574	0.00034
2360.76701	0.00020
2358.83828	0.00001
2356.90955	-0.00022
2354.98082	-0.00039
2353.05209	-0.00044
2351.12336	-0.00031
2349.19463	-0.00024
2347.26589	-0.00041
2345.33716	-0.00055
2343.40843	-0.00049
2341.47970	-0.00038
2339.55097	-0.00027
2337.62224	-0.00027
2335.69351	-0.00044
2333.76478	-0.00062
2331.83604	-0.00073
2329.90731	-0.00084
2327.97858	-0.00100
2326.04985	-0.00115
2324.12112	-0.00124
2322.19239	-0.00126
2320.26366	-0.00122
2318.33493	-0.00112
2316.40619	-0.00109
2314.47746	-0.00113
2312.54873	-0.00116
2310.62000	-0.00115
2308.69127	-0.00115
2306.76254	-0.00116
2304.83381	-0.00117
2302.90508	-0.00119
2300.97634	-0.00123
2299.04761	-0.00125
2297.11888	-0.00127
2295.19015	-0.00128
2293.26142	-0.00127
2291.33269	-0.00123
2289.40396	-0.00118
2287.47523	-0.00113
2285.54650	-0.00110
2283.61776	-0.00110
2281.68903	-0.00108
2279.76030	-0.00104
2277.83157	-0.00100
2275.90284	-0.00097
2273.97411	-0.00098
2272.04538	-0.00097
2270.11665	-0.00092
2268.18791	-0.00086
2266.25918	-0.00084
2264.33045	-0.00082
2262.40172	-0.00078
2260.47299	-0.00074
2258.54426	-0.00075
2256.61553	-0.00081
2254.68680	-0.00082
2252.75806	-0.00073
2250.82933	-0.00063
2248.90060	-0.00066
2246.97187	-0.00059
2245.04314	-0.00055
2243.11441	-0.00051
2241.18568	-0.00044
2239.25695	-0.00037
2237.32821	-0.00030
2235.39948	-0.00025
2233.47075	-0.00024
2231.54202	-0.00025
2229.61329	-0.00023
2227.68456	-0.00020
2225.75583	-0.00013
2223.82710	-0.00005
2221.89836	-0.00000
2219.96963	-0.00008
2218.04090	-0.00015
2216.11217	-0.00021
2214.18344	-0.00026
2212.25471	-0.00031
2210.32598	-0.00035
2208.39725	-0.00041
2206.46852	-0.00052
2204.53978	-0.00061
2202.61105	-0.00061
2200.68232	-0.00061
2198.75359	-0.00063
2196.82486	-0.00066
2194.89613	-0.00072
2192.96740	-0.00083
2191.03867	-0.00088
2189.10993	-0.00087
2187.18120	-0.00085
2185.25247	-0.00084
2183.32374	-0.00089
2181.39501	-0.00098
2179.46628	-0.00100
2177.53755	-0.00093
2175.60882	-0.00091
2173.68008	-0.00096
2171.75135	-0.00103
2169.82262	-0.00107
2167.89389	-0.00108
2165.96516	-0.00107
2164.03643	-0.00110
2162.10770	-0.00115
2160.17897	-0.00118
2158.25023	-0.00115
2156.32150	-0.00110
2154.39277	-0.00107
2152.46404	-0.00108
2150.53531	-0.00113
2148.60658	-0.00122
2146.67785	-0.00130
2144.74912	-0.00138
2142.82038	-0.00143
2140.89165	-0.00146
2138.96292	-0.00150
2137.03419	-0.00155
2135.10546	-0.00159
2133.17673	-0.00165
2131.24800	-0.00175
2129.31927	-0.00182
2127.39054	-0.00184
2125.46180	-0.00184
2123.53307	-0.00186
2121.60434	-0.00190
2119.67561	-0.00197
2117.74688	-0.00201
2115.81815	-0.00204
2113.88942	-0.00206
2111.96069	-0.00205
2110.03195	-0.00206
2108.10322	-0.00208
2106.17449	-0.00211
2104.24576	-0.00219
2102.31703	-0.00224
2100.38830	-0.00222
2098.45957	-0.00220
2096.53084	-0.00214
2094.60210	-0.00215
2092.67337	-0.00223
2090.74464	-0.00232
2088.81591	-0.00242
2086.88718	-0.00249
2084.95845	-0.00253
2083.02972	-0.00262
2081.10099	-0.00276
2079.17225	-0.00284
2077.24352	-0.00286
2075.31479	-0.00287
2073.38606	-0.00289
2071.45733	-0.00288
2069.52860	-0.00290
2067.59987	-0.00294
2065.67114	-0.00294
2063.74240	-0.00296
2061.81367	-0.00299
2059.88494	-0.00293
2057.95621	-0.00280
2056.02748	-0.00269
2054.09875	-0.00262
2052.17002	-0.00254
2050.24129	-0.00243
2048.31256	-0.00233
2046.38382	-0.00224
2044.45509	-0.00216
2042.52636	-0.00201
2040.59763	-0.00184
2038.66890	-0.00172
2036.74017	-0.00161
2034.81144	-0.00151
2032.88271	-0.00143
2030.95397	-0.00138
2029.02524	-0.00137
2027.09651	-0.00138
2025.16778	-0.00138
2023.23905	-0.00134
2021.31032	-0.00125
2019.38159	-0.00108
2017.45286	-0.00087
2015.52412	-0.00074
2013.59539	-0.00060
2011.66666	-0.00040
2009.73793	-0.00026
2007.80920	-0.00016
2005.88047	-0.00007
2003.95174	-0.00002
2002.02301	0.00000
2000.09427	0.00006
1998.16554	0.00010
1996.23681	0.00008
1994.30808	0.00015
1992.37935	0.00031
1990.45062	0.00029
1988.52189	0.00024
1986.59316	0.00026
1984.66442	0.00025
1982.73569	0.00023
1980.80696	0.00024
1978.87823	0.00024
1976.94950	0.00019
1975.02077	0.00013
1973.09204	0.00010
1971.16331	0.00009
1969.23458	0.00015
1967.30584	0.00026
1965.37711	0.00021
1963.44838	0.00013
1961.51965	0.00013
1959.59092	0.00011
1957.66219	0.00009
1955.73346	0.00014
1953.80473	0.00017
1951.87599	0.00015
1949.94726	0.00012
1948.01853	0.00012
1946.08980	0.00011
1944.16107	0.00024
1942.23234	0.00040
1940.30361	0.00036
1938.37488	0.00040
1936.44614	0.00055
1934.51741	0.00065
1932.58868	0.00075
1930.65995	0.00088
1928.73122	0.00097
1926.80249	0.00083
1924.87376	0.00076
1922.94503	0.00069
1921.01629	0.00047
1919.08756	0.00056
1917.15883	0.00069
1915.23010	0.00055
1913.30137	0.00065
1911.37264	0.00105
1909.44391	0.00143
1907.51518	0.00162
1905.58644	0.00177
1903.65771	0.00197
1901.72898	0.00214
1899.80025	0.00227
1897.87152	0.00254
1895.94279	0.00291
1894.01406	0.00316
1892.08533	0.00339
1890.15660	0.00384
1888.22786	0.00407
1886.29913	0.00414
1884.37040	0.00437
1882.44167	0.00460
1880.51294	0.00474
1878.58421	0.00483
1876.65548	0.00488
1874.72675	0.00487
1872.79801	0.00485
1870.86928	0.00510
1868.94055	0.00540
1867.01182	0.00516
1865.08309	0.00475
1863.15436	0.00460
1861.22563	0.00449
1859.29690	0.00426
1857.36816	0.00401
1855.43943	0.00376
1853.51070	0.00335
1851.58197	0.00252
1849.65324	0.00160
1847.72451	0.00077
1845.79578	0.00035
1843.86705	-0.00008
1841.93831	-0.00119
1840.00958	-0.00215
1838.08085	-0.00251
1836.15212	-0.00285
1834.22339	-0.00337
1832.29466	-0.00366
1830.36593	-0.00381
1828.43720	-0.00441
1826.50846	-0.00495
1824.57973	-0.00512
1822.65100	-0.00542
1820.72227	-0.00569
1818.79354	-0.00573
1816.86481	-0.00566
1814.93608	-0.00558
1813.00735	-0.00526
1811.07862	-0.00477
1809.14988	-0.00444
1807.22115	-0.00427
1805.29242	-0.00416
1803.36369	-0.00397
1801.43496	-0.00350
1799.50623	-0.00293
1797.57750	-0.00246
1795.64877	-0.00182
1793.72003	-0.00071
1791.79130	0.00020
1789.86257	0.00031
1787.93384	0.00042
1786.00511	0.00110
1784.07638	0.00201
1782.14765	0.00302
1780.21892	0.00400
1778.29018	0.00465
1776.36145	0.00538
1774.43272	0.00671
1772.50399	0.00815
1770.57526	0.00870
1768.64653	0.00895
1766.71780	0.00957
1764.78907	0.01057
1762.86033	0.01195
1760.93160	0.01291
1759.00287	0.01349
1757.07414	0.01432
1755.14541	0.01509
1753.21668	0.01615
1751.28795	0.01778
1749.35922	0.01916
1747.43048	0.02015
1745.50175	0.02129
1743.57302	0.02287
1741.64429	0.02492
1739.71556	0.02689
1737.78683	0.02839
1735.85810	0.03076
1733.92937	0.03347
1732.00064	0.03451
1730.07190	0.03518
1728.14317	0.03647
1726.21444	0.03805
1724.28571	0.03967
1722.35698	0.04114
1720.42825	0.04311
1718.49952	0.04587
1716.57079	0.04805
1714.64205	0.04928
1712.71332	0.05039
1710.78459	0.05192
1708.85586	0.05397
1706.92713	0.05633
1704.99840	0.05837
1703.06967	0.06068
1701.14094	0.06430
1699.21220	0.06743
1697.28347	0.06989
1695.35474	0.07259
1693.42601	0.07446
1691.49728	0.07640
1689.56855	0.07894
1687.63982	0.08189
1685.71109	0.08599
1683.78235	0.08991
1681.85362	0.09158
1679.92489	0.09290
1677.99616	0.09553
1676.06743	0.09906
1674.13870	0.10166
1672.20997	0.10355
1670.28124	0.10611
1668.35250	0.10819
1666.42377	0.10936
1664.49504	0.11111
1662.56631	0.11321
1660.63758	0.11434
1658.70885	0.11488
1656.78012	0.11615
1654.85139	0.11910
1652.92266	0.12138
1650.99392	0.12040
1649.06519	0.11994
1647.13646	0.12155
1645.20773	0.12249
1643.27900	0.12218
1641.35027	0.12206
1639.42154	0.12262
1637.49281	0.12402
1635.56407	0.12516
1633.63534	0.12438
1631.70661	0.12313
1629.77788	0.12283
1627.84915	0.12270
1625.92042	0.12218
1623.99169	0.12152
1622.06296	0.12012
1620.13422	0.11847
1618.20549	0.11778
1616.27676	0.11688
1614.34803	0.11472
1612.41930	0.11265
1610.49057	0.11125
1608.56184	0.10986
1606.63311	0.10822
1604.70437	0.10656
1602.77564	0.10505
1600.84691	0.10360
1598.91818	0.10215
1596.98945	0.10079
1595.06072	0.09950
1593.13199	0.09816
1591.20326	0.09674
1589.27452	0.09530
1587.34579	0.09384
1585.41706	0.09233
1583.48833	0.09074
1581.55960	0.08907
1579.63087	0.08769
1577.70214	0.08699
1575.77341	0.08583
1573.84468	0.08344
1571.91594	0.08175
1569.98721	0.08105
1568.05848	0.07957
1566.12975	0.07767
1564.20102	0.07622
1562.27229	0.07588
1560.34356	0.07714
1558.41483	0.07683
1556.48609	0.07344
1554.55736	0.07064
1552.62863	0.06916
1550.69990	0.06814
1548.77117	0.06692
1546.84244	0.06572
1544.91371	0.06489
1542.98498	0.06432
1541.05624	0.06385
1539.12751	0.06193
1537.19878	0.05857
1535.27005	0.05662
1533.34132	0.05571
1531.41259	0.05384
1529.48386	0.05179
1527.55513	0.05022
1525.62639	0.04850
1523.69766	0.04687
1521.76893	0.04536
1519.84020	0.04305
1517.91147	0.04076
1515.98274	0.03873
1514.05401	0.03631
1512.12528	0.03387
1510.19654	0.03202
1508.26781	0.03108
1506.33908	0.02928
1504.41035	0.02538
1502.48162	0.02192
1500.55289	0.02011
1498.62416	0.01898
1496.69543	0.01736
1494.76670	0.01500
1492.83796	0.01315
1490.90923	0.01247
1488.98050	0.01184
1487.05177	0.01074
1485.12304	0.00974
1483.19431	0.00928
1481.26558	0.00922
1479.33685	0.00930
1477.40811	0.00988
1475.47938	0.01130
1473.55065	0.01347
1471.62192	0.01521
1469.69319	0.01594
1467.76446	0.01706
1465.83573	0.01879
1463.90700	0.01960
1461.97826	0.01942
1460.04953	0.02013
1458.12080	0.02198
1456.19207	0.02296
1454.26334	0.02258
1452.33461	0.02250
1450.40588	0.02321
1448.47715	0.02413
1446.54841	0.02462
1444.61968	0.02480
1442.69095	0.02511
1440.76222	0.02561
1438.83349	0.02664
1436.90476	0.02770
1434.97603	0.02753
1433.04730	0.02708
1431.11856	0.02747
1429.18983	0.02796
1427.26110	0.02808
1425.33237	0.02822
1423.40364	0.02838
1421.47491	0.02876
1419.54618	0.02946
1417.61745	0.02937
1415.68872	0.02870
1413.75998	0.02838
1411.83125	0.02822
1409.90252	0.02774
1407.97379	0.02715
1406.04506	0.02670
1404.11633	0.02603
1402.18760	0.02517
1400.25887	0.02467
1398.33013	0.02424
1396.40140	0.02380
1394.47267	0.02351
1392.54394	0.02311
1390.61521	0.02310
1388.68648	0.02401
1386.75775	0.02506
1384.82902	0.02522
1382.90028	0.02438
1380.97155	0.02300
1379.04282	0.02155
1377.11409	0.02033
1375.18536	0.01939
1373.25663	0.01827
1371.32790	0.01698
1369.39917	0.01590
1367.47043	0.01478
1365.54170	0.01359
1363.61297	0.01257
1361.68424	0.01144
1359.75551	0.01025
1357.82678	0.00931
1355.89805	0.00851
1353.96932	0.00773
1352.04058	0.00698
1350.11185	0.00623
1348.18312	0.00545
1346.25439	0.00466
1344.32566	0.00390
1342.39693	0.00326
1340.46820	0.00279
1338.53947	0.00223
1336.61074	0.00156
1334.68200	0.00097
1332.75327	0.00054
1330.82454	0.00013
1328.89581	-0.00043
1326.96708	-0.00098
1325.03835	-0.00159
1323.10962	-0.00229
1321.18089	-0.00287
1319.25215	-0.00323
1317.32342	-0.00345
1315.39469	-0.00359
1313.46596	-0.00371
1311.53723	-0.00388
1309.60850	-0.00399
1307.67977	-0.00391
1305.75104	-0.00351
1303.82230	-0.00280
1301.89357	-0.00218
1299.96484	-0.00201
1298.03611	-0.00208
1296.10738	-0.00202
1294.17865	-0.00178
1292.24992	-0.00153
1290.32119	-0.00129
1288.39245	-0.00093
1286.46372	-0.00046
1284.53499	0.00008
1282.60626	0.00078
1280.67753	0.00172
1278.74880	0.00286
1276.82007	0.00419
1274.89134	0.00582
1272.96260	0.00790
1271.03387	0.01043
1269.10514	0.01331
1267.17641	0.01659
1265.24768	0.02042
1263.31895	0.02475
1261.39022	0.02952
1259.46149	0.03474
1257.53276	0.04049
1255.60402	0.04674
1253.67529	0.05321
1251.74656	0.05962
1249.81783	0.06582
1247.88910	0.07171
1245.96037	0.07721
1244.03164	0.08229
1242.10291	0.08690
1240.17417	0.09100
1238.24544	0.09460
1236.31671	0.09780
1234.38798	0.10072
1232.45925	0.10339
1230.53052	0.10581
1228.60179	0.10797
1226.67306	0.10992
1224.74432	0.11180
1222.81559	0.11364
1220.88686	0.11533
1218.95813	0.11692
1217.02940	0.11849
1215.10067	0.12013
1213.17194	0.12184
1211.24321	0.12344
1209.31447	0.12490
1207.38574	0.12640
1205.45701	0.12809
1203.52828	0.12996
1201.59955	0.13193
1199.67082	0.13420
1197.74209	0.13663
1195.81336	0.13926
1193.88462	0.14191
1191.95589	0.14444
1190.02716	0.14662
1188.09843	0.14852
1186.16970	0.15050
1184.24097	0.15253
1182.31224	0.15430
1180.38351	0.15594
1178.45478	0.15765
1176.52604	0.15944
1174.59731	0.16131
1172.66858	0.16327
1170.73985	0.16527
1168.81112	0.16719
1166.88239	0.16905
1164.95366	0.17101
1163.02493	0.17306
1161.09619	0.17492
1159.16746	0.17645
1157.23873	0.17786
1155.31000	0.17930
1153.38127	0.18074
1151.45254	0.18211
1149.52381	0.18334
1147.59508	0.18455
1145.66634	0.18587
1143.73761	0.18740
1141.80888	0.18911
1139.88015	0.19079
1137.95142	0.19228
1136.02269	0.19373
1134.09396	0.19527
1132.16523	0.19687
1130.23649	0.19851
1128.30776	0.20021
1126.37903	0.20197
1124.45030	0.20383
1122.52157	0.20593
1120.59284	0.20849
1118.66411	0.21160
1116.73538	0.21527
1114.80664	0.21951
1112.87791	0.22414
1110.94918	0.22875
1109.02045	0.23341
1107.09172	0.23830
1105.16299	0.24297
1103.23426	0.24697
1101.30553	0.25034
1099.37680	0.25314
1097.44806	0.25509
1095.51933	0.25625
1093.59060	0.25716
1091.66187	0.25800
1089.73314	0.25840
1087.80441	0.25796
1085.87568	0.25682
1083.94695	0.25547
1082.01821	0.25420
1080.08948	0.25284
1078.16075	0.25111
1076.23202	0.24910
1074.30329	0.24698
1072.37456	0.24474
1070.44583	0.24236
1068.51710	0.23990
1066.58836	0.23735
1064.65963	0.23463
1062.73090	0.23167
1060.80217	0.22849
1058.87344	0.22527
1056.94471	0.22188
1055.01598	0.21793
1053.08725	0.21354
1051.15851	0.20915
1049.22978	0.20477
1047.30105	0.20021
1045.37232	0.19565
1043.44359	0.19131
1041.51486	0.18698
1039.58613	0.18240
1037.65740	0.17772
1035.72866	0.17336
1033.79993	0.16931
1031.87120	0.16545
1029.94247	0.16176
1028.01374	0.15823
1026.08501	0.15486
1024.15628	0.15152
1022.22755	0.14816
1020.29882	0.14495
1018.37008	0.14197
1016.44135	0.13905
1014.51262	0.13586
1012.58389	0.13239
1010.65516	0.12910
1008.72643	0.12625
1006.79770	0.12350
1004.86897	0.12045
1002.94023	0.11712
1001.01150	0.11366
999.08277	0.11024
997.15404	0.10691
995.22531	0.10369
993.29658	0.10049
991.36785	0.09733
989.43912	0.09414
987.51038	0.09089
985.58165	0.08777
983.65292	0.08497
981.72419	0.08226
979.79546	0.07972
977.86673	0.07722
975.93800	0.07502
974.00927	0.07295
972.08053	0.07080
970.15180	0.06852
968.22307	0.06618
966.29434	0.06400
964.36561	0.06199
962.43688	0.05997
960.50815	0.05784
958.57942	0.05565
956.65068	0.05343
954.72195	0.05118
952.79322	0.04899
950.86449	0.04690
948.93576	0.04474
947.00703	0.04245
945.07830	0.04030
943.14957	0.03836
941.22084	0.03633
939.29210	0.03397
937.36337	0.03139
935.43464	0.02889
933.50591	0.02647
931.57718	0.02390
929.64845	0.02114
927.71972	0.01844
925.79099	0.01605
923.86225	0.01382
921.93352	0.01149
920.00479	0.00899
918.07606	0.00641
916.14733	0.00390
914.21860	0.00160
912.28987	-0.00059
910.36114	-0.00281
908.43240	-0.00508
906.50367	-0.00743
904.57494	-0.00982
902.64621	-0.01219
900.71748	-0.01446
898.78875	-0.01653
896.86002	-0.01849
894.93129	-0.02049
893.00255	-0.02246
891.07382	-0.02435
889.14509	-0.02610
887.21636	-0.02764
885.28763	-0.02895
883.35890	-0.03009
881.43017	-0.03126
879.50144	-0.03255
877.57270	-0.03381
875.64397	-0.03494
873.71524	-0.03582
871.78651	-0.03652
869.85778	-0.03737
867.92905	-0.03826
866.00032	-0.03895
864.07159	-0.03967
862.14286	-0.04049
860.21412	-0.04116
858.28539	-0.04169
856.35666	-0.04225
854.42793	-0.04275
852.49920	-0.04298
850.57047	-0.04295
848.64174	-0.04267
846.71301	-0.04196
844.78427	-0.04076
842.85554	-0.03935
840.92681	-0.03795
838.99808	-0.03643
837.06935	-0.03464
835.14062	-0.03261
833.21189	-0.03042
831.28316	-0.02819
829.35442	-0.02596
827.42569	-0.02370
825.49696	-0.02161
823.56823	-0.01958
821.63950	-0.01733
819.71077	-0.01501
817.78204	-0.01269
815.85331	-0.01040
813.92457	-0.00829
811.99584	-0.00626
810.06711	-0.00407
808.13838	-0.00163
806.20965	0.00085
804.28092	0.00333
802.35219	0.00589
800.42346	0.00815
798.49472	0.00989
796.56599	0.01144
794.63726	0.01286
792.70853	0.01391
790.77980	0.01452
788.85107	0.01473
786.92234	0.01432
784.99361	0.01304
783.06488	0.01112
781.13614	0.00911
779.20741	0.00721
777.27868	0.00519
775.34995	0.00304
773.42122	0.00101
771.49249	-0.00045
769.56376	-0.00126
767.63503	-0.00162
765.70629	-0.00168
763.77756	-0.00100
761.84883	-0.00046
759.92010	-0.00034
757.99137	-0.00060
756.06264	-0.00091
754.13391	-0.00111
752.20518	-0.00109
750.27644	-0.00070
748.34771	-0.00018
746.41898	0.00042
744.49025	0.00115
742.56152	0.00156
740.63279	0.00147
738.70406	0.00130
736.77533	0.00125
734.84659	0.00149
732.91786	0.00206
730.98913	0.00284
729.06040	0.00402
727.13167	0.00539
725.20294	0.00612
723.27421	0.00577
721.34548	0.00550
719.41674	0.00519
717.48801	0.00451
715.55928	0.00362
713.63055	0.00280
711.70182	0.00214
709.77309	0.00148
707.84436	0.00079
705.91563	0.00037
703.98690	0.00039
702.05816	0.00086
700.12943	0.00140
698.20070	0.00142
696.27197	0.00094
694.34324	0.00060
692.41451	0.00074
690.48578	0.00102
688.55705	0.00110
686.62831	0.00096
684.69958	0.00082
682.77085	0.00107
680.84212	0.00159
678.91339	0.00140
676.98466	0.00089
675.05593	0.00037
673.12720	-0.00002
671.19846	-0.00088
669.26973	-0.00215
667.34100	-0.00192
665.41227	-0.00036
663.48354	0.00055
661.55481	0.00089
659.62608	0.00141
657.69735	0.00244
655.76861	0.00391
653.83988	0.00552
651.91115	0.00726
649.98242	0.00923
648.05369	0.01079
646.12496	0.01135
644.19623	0.01130
642.26750	0.01089
640.33876	0.00970
638.41003	0.00796
636.48130	0.00641
634.55257	0.00502
632.62384	0.00362
630.69511	0.00234
628.76638	0.00125
626.83765	0.00078
624.90892	0.00068
622.98018	0.00086
621.05145	0.00163
619.12272	0.00310
617.19399	0.00512
615.26526	0.00763
613.33653	0.01022
611.40780	0.01203
609.47907	0.01281
607.55033	0.01333
605.62160	0.01398
603.69287	0.01447
601.76414	0.01477
599.83541	0.01524
597.90668	0.01580
595.97795	0.01590
594.04922	0.01543
592.12048	0.01501
590.19175	0.01468
588.26302	0.01399
586.33429	0.01298
584.40556	0.01160
582.47683	0.00997
580.54810	0.00843
578.61937	0.00688
576.69063	0.00527
574.76190	0.00380
572.83317	0.00254
570.90444	0.00128
568.97571	-0.00103
567.04698	-0.00338
565.11825	-0.00589
563.18952	-0.00854
561.26078	-0.01110
559.33205	-0.01327
557.40332	-0.01476
555.47459	-0.01612
553.54586	-0.01776
551.61713	-0.01940
549.68840	-0.02094
547.75967	-0.02193
545.83094	-0.02182
543.90220	-0.02115
541.97347	-0.02067
540.04474	-0.02092
538.11601	-0.02245
536.18728	-0.02498
534.25855	-0.02752
532.32982	-0.02952
530.40109	-0.03151
528.47235	-0.03415
526.54362	-0.03761
524.61489	-0.04127
522.68616	-0.04421
520.75743	-0.04664
518.82870	-0.04901
516.89997	-0.05076
514.97124	-0.05166
513.04250	-0.05228
511.11377	-0.05270
509.18504	-0.05219
507.25631	-0.05120
505.32758	-0.05095
503.39885	-0.05085
501.47012	-0.04972
499.54139	-0.04751
497.61265	-0.04473
495.68392	-0.04134
493.75519	-0.03735
491.82646	-0.03420
489.89773	-0.03228
487.96900	-0.03006
486.04027	-0.02720
484.11154	-0.02334
482.18280	-0.01822
480.25407	-0.01338
478.32534	-0.00932
476.39661	-0.00539
474.46788	-0.00218
472.53915	0.00012
470.61042	0.00321
468.68169	0.00745
466.75296	0.00998
464.82422	0.00910
462.89549	0.00690
460.96676	0.00594
459.03803	0.00682
457.10930	0.00769
455.18057	0.00802
453.25184	0.00709
451.32311	0.00541
449.39437	0.00575
447.46564	0.00880
445.53691	0.01201
443.60818	0.01225
441.67945	0.00966
439.75072	0.00961
437.82199	0.01468
435.89326	0.01986
433.96452	0.02088
432.03579	0.01874
430.10706	0.01604
428.17833	0.01438
426.24960	0.01282
424.32087	0.01029
422.39214	0.00939
420.46341	0.01295
418.53467	0.01656
416.60594	0.01445
414.67721	0.00986
412.74848	0.00746
410.81975	0.00577
408.89102	0.00143
406.96229	-0.00446
405.03356	-0.00736
403.10482	-0.00411
401.17609	0.00299
399.24736	0.00615
397.31863	0.00280
395.38990	0.00098
393.46117	0.00549
391.53244	0.01373
389.60371	0.02042
387.67498	0.02105
385.74624	0.01687
383.81751	0.00959
381.88878	0.00120
379.96005	0.00026
378.03132	0.00985
376.10259	0.02059
374.17386	0.02254
372.24513	0.01555
370.31639	0.00641
368.38766	-0.00003
