7496.97825	-0.00879
7495.04952	-0.00684
7493.12079	-0.00030
7491.19206	0.00765
7489.26333	0.00988
7487.33459	0.00619
7485.40586	0.00172
7483.47713	-0.00129
7481.54840	-0.00240
7479.61967	-0.00081
7477.69094	0.00187
7475.76221	0.00397
7473.83348	0.00593
7471.90474	0.00681
7469.97601	0.00496
7468.04728	0.00127
7466.11855	-0.00196
7464.18982	-0.00250
7462.26109	-0.00039
7460.33236	0.00190
7458.40363	0.00319
7456.47489	0.00345
7454.54616	0.00380
7452.61743	0.00511
7450.68870	0.00477
7448.75997	0.00255
7446.83124	0.00211
7444.90251	0.00399
7442.97378	0.00577
7441.04504	0.00524
7439.11631	0.00065
7437.18758	-0.00659
7435.25885	-0.01031
7433.33012	-0.00806
7431.40139	-0.00526
7429.47266	-0.00558
7427.54393	-0.00580
7425.61520	-0.00319
7423.68646	-0.00101
7421.75773	-0.00247
7419.82900	-0.00423
7417.90027	-0.00154
7415.97154	0.00293
7414.04281	0.00361
7412.11408	0.00284
7410.18535	0.00493
7408.25661	0.00621
7406.32788	0.00249
7404.39915	-0.00372
7402.47042	-0.00778
7400.54169	-0.00714
7398.61296	-0.00301
7396.68423	-0.00051
7394.75550	-0.00187
7392.82676	-0.00282
7390.89803	0.00024
7388.96930	0.00391
7387.04057	0.00228
7385.11184	-0.00376
7383.18311	-0.00840
7381.25438	-0.01022
7379.32565	-0.01043
7377.39691	-0.00857
7375.46818	-0.00625
7373.53945	-0.00503
7371.61072	-0.00245
7369.68199	0.00117
7367.75326	0.00189
7365.82453	0.00095
7363.89580	0.00124
7361.96706	0.00047
7360.03833	-0.00196
7358.10960	-0.00300
7356.18087	-0.00294
7354.25214	-0.00465
7352.32341	-0.00753
7350.39468	-0.00773
7348.46595	-0.00513
7346.53722	-0.00388
7344.60848	-0.00455
7342.67975	-0.00358
7340.75102	-0.00000
7338.82229	0.00175
7336.89356	-0.00109
7334.96483	-0.00519
7333.03610	-0.00670
7331.10737	-0.00511
7329.17863	-0.00315
7327.24990	-0.00318
7325.32117	-0.00378
7323.39244	-0.00426
7321.46371	-0.00603
7319.53498	-0.00763
7317.60625	-0.00715
7315.67752	-0.00531
7313.74878	-0.00350
7311.82005	-0.00326
7309.89132	-0.00436
7307.96259	-0.00509
7306.03386	-0.00713
7304.10513	-0.01172
7302.17640	-0.01441
7300.24767	-0.01158
7298.31893	-0.00690
7296.39020	-0.00498
7294.46147	-0.00494
7292.53274	-0.00486
7290.60401	-0.00517
7288.67528	-0.00727
7286.74655	-0.01045
7284.81782	-0.01132
7282.88908	-0.00802
7280.96035	-0.00335
7279.03162	-0.00120
7277.10289	-0.00165
7275.17416	-0.00321
7273.24543	-0.00462
7271.31670	-0.00501
7269.38797	-0.00541
7267.45924	-0.00679
7265.53050	-0.00740
7263.60177	-0.00546
7261.67304	-0.00310
7259.74431	-0.00280
7257.81558	-0.00365
7255.88685	-0.00452
7253.95812	-0.00488
7252.02939	-0.00422
7250.10065	-0.00332
7248.17192	-0.00404
7246.24319	-0.00769
7244.31446	-0.01205
7242.38573	-0.01247
7240.45700	-0.00853
7238.52827	-0.00487
7236.59954	-0.00438
7234.67080	-0.00597
7232.74207	-0.00764
7230.81334	-0.00847
7228.88461	-0.00838
7226.95588	-0.00763
7225.02715	-0.00741
7223.09842	-0.00833
7221.16969	-0.00905
7219.24095	-0.00887
7217.31222	-0.00860
7215.38349	-0.00790
7213.45476	-0.00542
7211.52603	-0.00237
7209.59730	-0.00134
7207.66857	-0.00258
7205.73984	-0.00465
7203.81110	-0.00559
7201.88237	-0.00434
7199.95364	-0.00265
7198.02491	-0.00269
7196.09618	-0.00414
7194.16745	-0.00566
7192.23872	-0.00709
7190.30999	-0.00845
7188.38126	-0.00878
7186.45252	-0.00795
7184.52379	-0.00759
7182.59506	-0.00835
7180.66633	-0.00861
7178.73760	-0.00690
7176.80887	-0.00448
7174.88014	-0.00281
7172.95141	-0.00117
7171.02267	0.00018
7169.09394	0.00024
7167.16521	0.00019
7165.23648	0.00027
7163.30775	-0.00095
7161.37902	-0.00360
7159.45029	-0.00648
7157.52156	-0.00729
7155.59282	-0.00589
7153.66409	-0.00492
7151.73536	-0.00550
7149.80663	-0.00599
7147.87790	-0.00493
7145.94917	-0.00402
7144.02044	-0.00578
7142.09171	-0.00859
7140.16297	-0.00962
7138.23424	-0.00947
7136.30551	-0.00898
7134.37678	-0.00805
7132.44805	-0.00695
7130.51932	-0.00497
7128.59059	-0.00197
7126.66186	-0.00042
7124.73312	-0.00174
7122.80439	-0.00347
7120.87566	-0.00336
7118.94693	-0.00208
7117.01820	-0.00106
7115.08947	-0.00153
7113.16074	-0.00366
7111.23201	-0.00533
7109.30328	-0.00433
7107.37454	-0.00222
7105.44581	-0.00234
7103.51708	-0.00436
7101.58835	-0.00504
7099.65962	-0.00405
7097.73089	-0.00398
7095.80216	-0.00490
7093.87343	-0.00380
7091.94469	-0.00073
7090.01596	0.00048
7088.08723	-0.00134
7086.15850	-0.00386
7084.22977	-0.00506
7082.30104	-0.00443
7080.37231	-0.00278
7078.44358	-0.00184
7076.51484	-0.00238
7074.58611	-0.00311
7072.65738	-0.00358
7070.72865	-0.00445
7068.79992	-0.00518
7066.87119	-0.00507
7064.94246	-0.00448
7063.01373	-0.00470
7061.08499	-0.00618
7059.15626	-0.00692
7057.22753	-0.00641
7055.29880	-0.00633
7053.37007	-0.00678
7051.44134	-0.00728
7049.51261	-0.00793
7047.58388	-0.00787
7045.65514	-0.00670
7043.72641	-0.00532
7041.79768	-0.00383
7039.86895	-0.00234
7037.94022	-0.00208
7036.01149	-0.00323
7034.08276	-0.00519
7032.15403	-0.00716
7030.22530	-0.00749
7028.29656	-0.00663
7026.36783	-0.00603
7024.43910	-0.00444
7022.51037	-0.00147
7020.58164	0.00027
7018.65291	-0.00068
7016.72418	-0.00317
7014.79545	-0.00566
7012.86671	-0.00729
7010.93798	-0.00772
7009.00925	-0.00668
7007.08052	-0.00463
7005.15179	-0.00326
7003.22306	-0.00334
7001.29433	-0.00429
6999.36560	-0.00533
6997.43686	-0.00559
6995.50813	-0.00458
6993.57940	-0.00327
6991.65067	-0.00365
6989.72194	-0.00512
6987.79321	-0.00483
6985.86448	-0.00288
6983.93575	-0.00166
6982.00701	-0.00206
6980.07828	-0.00368
6978.14955	-0.00546
6976.22082	-0.00584
6974.29209	-0.00446
6972.36336	-0.00312
6970.43463	-0.00328
6968.50590	-0.00418
6966.57716	-0.00444
6964.64843	-0.00371
6962.71970	-0.00279
6960.79097	-0.00255
6958.86224	-0.00277
6956.93351	-0.00297
6955.00478	-0.00317
6953.07605	-0.00346
6951.14732	-0.00369
6949.21858	-0.00382
6947.28985	-0.00398
6945.36112	-0.00401
6943.43239	-0.00379
6941.50366	-0.00373
6939.57493	-0.00435
6937.64620	-0.00558
6935.71747	-0.00626
6933.78873	-0.00535
6931.86000	-0.00386
6929.93127	-0.00423
6928.00254	-0.00573
6926.07381	-0.00571
6924.14508	-0.00469
6922.21635	-0.00392
6920.28762	-0.00336
6918.35888	-0.00334
6916.43015	-0.00334
6914.50142	-0.00241
6912.57269	-0.00130
6910.64396	-0.00107
6908.71523	-0.00169
6906.78650	-0.00313
6904.85777	-0.00504
6902.92903	-0.00580
6901.00030	-0.00482
6899.07157	-0.00382
6897.14284	-0.00347
6895.21411	-0.00267
6893.28538	-0.00180
6891.35665	-0.00191
6889.42792	-0.00295
6887.49918	-0.00478
6885.57045	-0.00639
6883.64172	-0.00601
6881.71299	-0.00353
6879.78426	-0.00095
6877.85553	-0.00039
6875.92680	-0.00168
6873.99807	-0.00306
6872.06934	-0.00357
6870.14060	-0.00365
6868.21187	-0.00365
6866.28314	-0.00300
6864.35441	-0.00222
6862.42568	-0.00198
6860.49695	-0.00188
6858.56822	-0.00210
6856.63949	-0.00257
6854.71075	-0.00260
6852.78202	-0.00264
6850.85329	-0.00242
6848.92456	-0.00095
6846.99583	-0.00021
6845.06710	-0.00257
6843.13837	-0.00554
6841.20964	-0.00667
6839.28090	-0.00613
6837.35217	-0.00450
6835.42344	-0.00304
6833.49471	-0.00319
6831.56598	-0.00433
6829.63725	-0.00429
6827.70852	-0.00264
6825.77979	-0.00120
6823.85105	-0.00088
6821.92232	-0.00075
6819.99359	-0.00062
6818.06486	-0.00171
6816.13613	-0.00390
6814.20740	-0.00469
6812.27867	-0.00313
6810.34994	-0.00165
6808.42120	-0.00143
6806.49247	-0.00110
6804.56374	-0.00032
6802.63501	-0.00066
6800.70628	-0.00199
6798.77755	-0.00210
6796.84882	-0.00121
6794.92009	-0.00113
6792.99136	-0.00149
6791.06262	-0.00135
6789.13389	-0.00069
6787.20516	0.00035
6785.27643	0.00084
6783.34770	-0.00022
6781.41897	-0.00151
6779.49024	-0.00134
6777.56151	-0.00033
6775.63277	-0.00065
6773.70404	-0.00308
6771.77531	-0.00532
6769.84658	-0.00523
6767.91785	-0.00367
6765.98912	-0.00227
6764.06039	-0.00081
6762.13166	0.00064
6760.20292	0.00031
6758.27419	-0.00114
6756.34546	-0.00186
6754.41673	-0.00180
6752.48800	-0.00141
6750.55927	-0.00142
6748.63054	-0.00177
6746.70181	-0.00191
6744.77307	-0.00203
6742.84434	-0.00230
6740.91561	-0.00298
6738.98688	-0.00387
6737.05815	-0.00446
6735.12942	-0.00442
6733.20069	-0.00318
6731.27196	-0.00114
6729.34322	0.00015
6727.41449	0.00035
6725.48576	0.00038
6723.55703	-0.00015
6721.62830	-0.00150
6719.69957	-0.00218
6717.77084	-0.00155
6715.84211	-0.00033
6713.91338	0.00030
6711.98464	-0.00044
6710.05591	-0.00168
6708.12718	-0.00268
6706.19845	-0.00340
6704.26972	-0.00333
6702.34099	-0.00299
6700.41226	-0.00306
6698.48353	-0.00278
6696.55479	-0.00218
6694.62606	-0.00200
6692.69733	-0.00220
6690.76860	-0.00207
6688.83987	-0.00135
6686.91114	-0.00080
6684.98241	-0.00056
6683.05368	0.00014
6681.12494	0.00058
6679.19621	-0.00072
6677.26748	-0.00223
6675.33875	-0.00152
6673.41002	-0.00011
6671.48129	-0.00013
6669.55256	-0.00134
6667.62383	-0.00303
6665.69509	-0.00347
6663.76636	-0.00181
6661.83763	-0.00023
6659.90890	-0.00057
6657.98017	-0.00192
6656.05144	-0.00228
6654.12271	-0.00104
6652.19398	-0.00011
6650.26524	-0.00131
6648.33651	-0.00358
6646.40778	-0.00514
6644.47905	-0.00483
6642.55032	-0.00214
6640.62159	0.00014
6638.69286	-0.00035
6636.76413	-0.00177
6634.83540	-0.00246
6632.90666	-0.00265
6630.97793	-0.00295
6629.04920	-0.00370
6627.12047	-0.00402
6625.19174	-0.00311
6623.26301	-0.00164
6621.33428	-0.00072
6619.40555	-0.00070
6617.47681	-0.00137
6615.54808	-0.00223
6613.61935	-0.00251
6611.69062	-0.00201
6609.76189	-0.00139
6607.83316	-0.00109
6605.90443	-0.00110
6603.97570	-0.00136
6602.04696	-0.00139
6600.11823	-0.00094
6598.18950	-0.00094
6596.26077	-0.00146
6594.33204	-0.00129
6592.40331	-0.00042
6590.47458	-0.00007
6588.54585	-0.00080
6586.61711	-0.00217
6584.68838	-0.00329
6582.75965	-0.00372
6580.83092	-0.00377
6578.90219	-0.00327
6576.97346	-0.00306
6575.04473	-0.00459
6573.11600	-0.00592
6571.18726	-0.00497
6569.25853	-0.00305
6567.32980	-0.00179
6565.40107	-0.00147
6563.47234	-0.00144
6561.54361	-0.00122
6559.61488	-0.00103
6557.68615	-0.00099
6555.75742	-0.00095
6553.82868	-0.00073
6551.89995	-0.00012
6549.97122	0.00100
6548.04249	0.00241
6546.11376	0.00337
6544.18503	0.00302
6542.25630	0.00188
6540.32757	0.00100
6538.39883	0.00025
6536.47010	-0.00032
6534.54137	-0.00022
6532.61264	0.00002
6530.68391	-0.00039
6528.75518	-0.00129
6526.82645	-0.00168
6524.89772	-0.00108
6522.96898	-0.00016
6521.04025	0.00066
6519.11152	0.00097
6517.18279	0.00045
6515.25406	-0.00040
6513.32533	-0.00125
6511.39660	-0.00181
6509.46787	-0.00168
6507.53913	-0.00125
6505.61040	-0.00133
6503.68167	-0.00213
6501.75294	-0.00249
6499.82421	-0.00186
6497.89548	-0.00165
6495.96675	-0.00187
6494.03802	-0.00121
6492.10928	-0.00069
6490.18055	-0.00134
6488.25182	-0.00198
6486.32309	-0.00212
6484.39436	-0.00188
6482.46563	-0.00097
6480.53690	-0.00024
6478.60817	-0.00070
6476.67944	-0.00156
6474.75070	-0.00133
6472.82197	-0.00009
6470.89324	0.00067
6468.96451	0.00046
6467.03578	-0.00011
6465.10705	-0.00069
6463.17832	-0.00072
6461.24959	0.00012
6459.32085	0.00060
6457.39212	0.00015
6455.46339	-0.00033
6453.53466	-0.00055
6451.60593	-0.00066
6449.67720	-0.00088
6447.74847	-0.00138
6445.81974	-0.00167
6443.89100	-0.00132
6441.96227	-0.00027
6440.03354	0.00122
6438.10481	0.00203
6436.17608	0.00123
6434.24735	-0.00050
6432.31862	-0.00146
6430.38989	-0.00080
6428.46115	0.00038
6426.53242	0.00058
6424.60369	-0.00033
6422.67496	-0.00161
6420.74623	-0.00253
6418.81750	-0.00254
6416.88877	-0.00168
6414.96004	-0.00036
6413.03130	0.00046
6411.10257	-0.00027
6409.17384	-0.00172
6407.24511	-0.00251
6405.31638	-0.00279
6403.38765	-0.00241
6401.45892	-0.00105
6399.53019	0.00022
6397.60146	0.00061
6395.67272	0.00007
6393.74399	-0.00065
6391.81526	-0.00071
6389.88653	-0.00039
6387.95780	-0.00002
6386.02907	0.00023
6384.10034	-0.00019
6382.17161	-0.00082
6380.24287	-0.00048
6378.31414	0.00088
6376.38541	0.00187
6374.45668	0.00133
6372.52795	0.00009
6370.59922	-0.00063
6368.67049	-0.00086
6366.74176	-0.00098
6364.81302	-0.00098
6362.88429	-0.00098
6360.95556	-0.00162
6359.02683	-0.00254
6357.09810	-0.00262
6355.16937	-0.00214
6353.24064	-0.00173
6351.31191	-0.00131
6349.38317	-0.00087
6347.45444	-0.00019
6345.52571	0.00056
6343.59698	0.00065
6341.66825	0.00017
6339.73952	-0.00062
6337.81079	-0.00157
6335.88206	-0.00181
6333.95332	-0.00109
6332.02459	-0.00025
6330.09586	0.00031
6328.16713	0.00056
6326.23840	0.00061
6324.30967	0.00005
6322.38094	-0.00137
6320.45221	-0.00280
6318.52348	-0.00337
6316.59474	-0.00285
6314.66601	-0.00183
6312.73728	-0.00134
6310.80855	-0.00180
6308.87982	-0.00301
6306.95109	-0.00376
6305.02236	-0.00318
6303.09363	-0.00220
6301.16489	-0.00128
6299.23616	-0.00032
6297.30743	0.00039
6295.37870	0.00081
6293.44997	0.00099
6291.52124	0.00069
6289.59251	0.00012
6287.66378	-0.00016
6285.73504	-0.00039
6283.80631	-0.00076
6281.87758	-0.00028
6279.94885	0.00061
6278.02012	0.00018
6276.09139	-0.00095
6274.16266	-0.00130
6272.23393	-0.00103
6270.30519	-0.00054
6268.37646	-0.00023
6266.44773	-0.00004
6264.51900	0.00079
6262.59027	0.00144
6260.66154	0.00075
6258.73281	-0.00030
6256.80408	-0.00070
6254.87534	-0.00081
6252.94661	-0.00085
6251.01788	-0.00099
6249.08915	-0.00136
6247.16042	-0.00132
6245.23169	-0.00093
6243.30296	-0.00088
6241.37423	-0.00073
6239.44550	-0.00039
6237.51676	-0.00059
6235.58803	-0.00105
6233.65930	-0.00112
6231.73057	-0.00095
6229.80184	-0.00067
6227.87311	-0.00071
6225.94438	-0.00142
6224.01565	-0.00159
6222.08691	-0.00063
6220.15818	0.00013
6218.22945	0.00023
6216.30072	0.00034
6214.37199	0.00008
6212.44326	-0.00082
6210.51453	-0.00123
6208.58580	-0.00078
6206.65706	-0.00076
6204.72833	-0.00173
6202.79960	-0.00233
6200.87087	-0.00163
6198.94214	-0.00054
6197.01341	0.00006
6195.08468	0.00025
6193.15595	0.00005
6191.22721	-0.00035
6189.29848	-0.00049
6187.36975	-0.00073
6185.44102	-0.00131
6183.51229	-0.00161
6181.58356	-0.00103
6179.65483	0.00035
6177.72610	0.00139
6175.79736	0.00119
6173.86863	0.00030
6171.93990	-0.00054
6170.01117	-0.00093
6168.08244	-0.00080
6166.15371	-0.00056
6164.22498	-0.00039
6162.29625	-0.00061
6160.36752	-0.00139
6158.43878	-0.00190
6156.51005	-0.00147
6154.58132	-0.00070
6152.65259	-0.00028
6150.72386	0.00004
6148.79513	0.00004
6146.86640	-0.00081
6144.93767	-0.00135
6143.00893	-0.00058
6141.08020	0.00043
6139.15147	0.00071
6137.22274	0.00051
6135.29401	0.00027
6133.36528	-0.00009
6131.43655	-0.00050
6129.50782	-0.00073
6127.57908	-0.00109
6125.65035	-0.00164
6123.72162	-0.00191
6121.79289	-0.00209
6119.86416	-0.00223
6117.93543	-0.00160
6116.00670	-0.00043
6114.07797	0.00003
6112.14923	-0.00045
6110.22050	-0.00070
6108.29177	-0.00060
6106.36304	-0.00118
6104.43431	-0.00173
6102.50558	-0.00093
6100.57685	0.00023
6098.64812	0.00052
6096.71938	0.00036
6094.79065	0.00016
6092.86192	-0.00023
6090.93319	-0.00047
6089.00446	-0.00025
6087.07573	-0.00021
6085.14700	-0.00083
6083.21827	-0.00173
6081.28954	-0.00195
6079.36080	-0.00120
6077.43207	-0.00080
6075.50334	-0.00120
6073.57461	-0.00099
6071.64588	0.00020
6069.71715	0.00097
6067.78842	0.00072
6065.85969	0.00009
6063.93095	-0.00043
6062.00222	-0.00096
6060.07349	-0.00156
6058.14476	-0.00198
6056.21603	-0.00214
6054.28730	-0.00193
6052.35857	-0.00099
6050.42984	-0.00010
6048.50110	-0.00026
6046.57237	-0.00084
6044.64364	-0.00094
6042.71491	-0.00081
6040.78618	-0.00116
6038.85745	-0.00158
6036.92872	-0.00117
6034.99999	-0.00065
6033.07125	-0.00083
6031.14252	-0.00077
6029.21379	-0.00007
6027.28506	0.00023
6025.35633	-0.00034
6023.42760	-0.00094
6021.49887	-0.00111
6019.57014	-0.00129
6017.64140	-0.00130
6015.71267	-0.00082
6013.78394	-0.00054
6011.85521	-0.00075
6009.92648	-0.00072
6007.99775	-0.00013
6006.06902	0.00038
6004.14029	0.00017
6002.21156	-0.00037
6000.28282	-0.00055
5998.35409	-0.00039
5996.42536	-0.00005
5994.49663	0.00049
5992.56790	0.00041
5990.63917	-0.00068
5988.71044	-0.00135
5986.78171	-0.00097
5984.85297	-0.00036
5982.92424	0.00002
5980.99551	0.00006
5979.06678	0.00016
5977.13805	0.00045
5975.20932	0.00045
5973.28059	0.00033
5971.35186	0.00071
5969.42312	0.00096
5967.49439	0.00047
5965.56566	0.00036
5963.63693	0.00114
5961.70820	0.00167
5959.77947	0.00160
5957.85074	0.00145
5955.92201	0.00107
5953.99327	0.00043
5952.06454	-0.00011
5950.13581	-0.00062
5948.20708	-0.00071
5946.27835	-0.00002
5944.34962	0.00070
5942.42089	0.00077
5940.49216	0.00065
5938.56342	0.00090
5936.63469	0.00100
5934.70596	0.00044
5932.77723	0.00003
5930.84850	0.00071
5928.91977	0.00185
5926.99104	0.00210
5925.06231	0.00141
5923.13358	0.00076
5921.20484	0.00053
5919.27611	0.00043
5917.34738	0.00027
5915.41865	0.00024
5913.48992	0.00056
5911.56119	0.00095
5909.63246	0.00094
5907.70373	0.00063
5905.77499	0.00070
5903.84626	0.00129
5901.91753	0.00163
5899.98880	0.00134
5898.06007	0.00105
5896.13134	0.00139
5894.20261	0.00184
5892.27388	0.00171
5890.34514	0.00148
5888.41641	0.00161
5886.48768	0.00191
5884.55895	0.00240
5882.63022	0.00257
5880.70149	0.00182
5878.77276	0.00092
5876.84403	0.00100
5874.91529	0.00191
5872.98656	0.00252
5871.05783	0.00259
5869.12910	0.00250
5867.20037	0.00195
5865.27164	0.00119
5863.34291	0.00118
5861.41418	0.00142
5859.48544	0.00124
5857.55671	0.00106
5855.62798	0.00094
5853.69925	0.00095
5851.77052	0.00148
5849.84179	0.00239
5847.91306	0.00305
5845.98433	0.00309
5844.05560	0.00301
5842.12686	0.00322
5840.19813	0.00311
5838.26940	0.00248
5836.34067	0.00190
5834.41194	0.00174
5832.48321	0.00192
5830.55448	0.00213
5828.62575	0.00209
5826.69701	0.00182
5824.76828	0.00157
5822.83955	0.00158
5820.91082	0.00175
5818.98209	0.00189
5817.05336	0.00209
5815.12463	0.00250
5813.19590	0.00292
5811.26716	0.00298
5809.33843	0.00264
5807.40970	0.00238
5805.48097	0.00241
5803.55224	0.00249
5801.62351	0.00256
5799.69478	0.00291
5797.76605	0.00332
5795.83731	0.00337
5793.90858	0.00316
5791.97985	0.00289
5790.05112	0.00264
5788.12239	0.00244
5786.19366	0.00244
5784.26493	0.00295
5782.33620	0.00352
5780.40746	0.00363
5778.47873	0.00356
5776.55000	0.00339
5774.62127	0.00337
5772.69254	0.00388
5770.76381	0.00428
5768.83508	0.00396
5766.90635	0.00338
5764.97762	0.00328
5763.04888	0.00353
5761.12015	0.00341
5759.19142	0.00290
5757.26269	0.00266
5755.33396	0.00287
5753.40523	0.00310
5751.47650	0.00305
5749.54777	0.00289
5747.61903	0.00303
5745.69030	0.00358
5743.76157	0.00389
5741.83284	0.00349
5739.90411	0.00285
5737.97538	0.00280
5736.04665	0.00318
5734.11792	0.00318
5732.18918	0.00293
5730.26045	0.00307
5728.33172	0.00360
5726.40299	0.00397
5724.47426	0.00418
5722.54553	0.00425
5720.61680	0.00384
5718.68807	0.00360
5716.75933	0.00412
5714.83060	0.00448
5712.90187	0.00375
5710.97314	0.00274
5709.04441	0.00281
5707.11568	0.00370
5705.18695	0.00386
5703.25822	0.00329
5701.32948	0.00327
5699.40075	0.00363
5697.47202	0.00335
5695.54329	0.00284
5693.61456	0.00279
5691.68583	0.00276
5689.75710	0.00262
5687.82837	0.00277
5685.89964	0.00313
5683.97090	0.00324
5682.04217	0.00282
5680.11344	0.00223
5678.18471	0.00212
5676.25598	0.00248
5674.32725	0.00304
5672.39852	0.00350
5670.46979	0.00352
5668.54105	0.00301
5666.61232	0.00230
5664.68359	0.00217
5662.75486	0.00288
5660.82613	0.00369
5658.89740	0.00394
5656.96867	0.00381
5655.03994	0.00384
5653.11120	0.00405
5651.18247	0.00398
5649.25374	0.00380
5647.32501	0.00398
5645.39628	0.00415
5643.46755	0.00396
5641.53882	0.00350
5639.61009	0.00303
5637.68135	0.00290
5635.75262	0.00309
5633.82389	0.00336
5631.89516	0.00359
5629.96643	0.00347
5628.03770	0.00288
5626.10897	0.00238
5624.18024	0.00249
5622.25150	0.00289
5620.32277	0.00305
5618.39404	0.00299
5616.46531	0.00296
5614.53658	0.00315
5612.60785	0.00354
5610.67912	0.00361
5608.75039	0.00338
5606.82166	0.00348
5604.89292	0.00380
5602.96419	0.00401
5601.03546	0.00424
5599.10673	0.00408
5597.17800	0.00337
5595.24927	0.00272
5593.32054	0.00271
5591.39181	0.00310
5589.46307	0.00352
5587.53434	0.00383
5585.60561	0.00398
5583.67688	0.00401
5581.74815	0.00408
5579.81942	0.00403
5577.89069	0.00363
5575.96196	0.00324
5574.03322	0.00310
5572.10449	0.00300
5570.17576	0.00292
5568.24703	0.00298
5566.31830	0.00298
5564.38957	0.00277
5562.46084	0.00274
5560.53211	0.00309
5558.60337	0.00345
5556.67464	0.00365
5554.74591	0.00376
5552.81718	0.00386
5550.88845	0.00389
5548.95972	0.00372
5547.03099	0.00337
5545.10226	0.00304
5543.17352	0.00303
5541.24479	0.00351
5539.31606	0.00419
5537.38733	0.00437
5535.45860	0.00393
5533.52987	0.00371
5531.60114	0.00402
5529.67241	0.00442
5527.74368	0.00464
5525.81494	0.00450
5523.88621	0.00396
5521.95748	0.00346
5520.02875	0.00338
5518.10002	0.00361
5516.17129	0.00386
5514.24256	0.00403
5512.31383	0.00419
5510.38509	0.00418
5508.45636	0.00406
5506.52763	0.00422
5504.59890	0.00459
5502.67017	0.00473
5500.74144	0.00450
5498.81271	0.00397
5496.88398	0.00346
5494.95524	0.00348
5493.02651	0.00361
5491.09778	0.00358
5489.16905	0.00397
5487.24032	0.00447
5485.31159	0.00452
5483.38286	0.00424
5481.45413	0.00403
5479.52539	0.00413
5477.59666	0.00455
5475.66793	0.00460
5473.73920	0.00386
5471.81047	0.00349
5469.88174	0.00399
5467.95301	0.00442
5466.02428	0.00455
5464.09554	0.00490
5462.16681	0.00541
5460.23808	0.00544
5458.30935	0.00500
5456.38062	0.00456
5454.45189	0.00405
5452.52316	0.00365
5450.59443	0.00372
5448.66570	0.00398
5446.73696	0.00406
5444.80823	0.00384
5442.87950	0.00378
5440.95077	0.00384
5439.02204	0.00357
5437.09331	0.00368
5435.16458	0.00395
5433.23585	0.00370
5431.30711	0.00397
5429.37838	0.00463
5427.44965	0.00427
5425.52092	0.00351
5423.59219	0.00339
5421.66346	0.00383
5419.73473	0.00460
5417.80600	0.00534
5415.87726	0.00580
5413.94853	0.00571
5412.01980	0.00499
5410.09107	0.00432
5408.16234	0.00403
5406.23361	0.00417
5404.30488	0.00447
5402.37615	0.00453
5400.44741	0.00450
5398.51868	0.00466
5396.58995	0.00502
5394.66122	0.00518
5392.73249	0.00479
5390.80376	0.00436
5388.87503	0.00445
5386.94630	0.00458
5385.01756	0.00429
5383.08883	0.00400
5381.16010	0.00433
5379.23137	0.00513
5377.30264	0.00571
5375.37391	0.00552
5373.44518	0.00507
5371.51645	0.00499
5369.58772	0.00510
5367.65898	0.00511
5365.73025	0.00522
5363.80152	0.00545
5361.87279	0.00534
5359.94406	0.00502
5358.01533	0.00490
5356.08660	0.00513
5354.15787	0.00527
5352.22913	0.00473
5350.30040	0.00419
5348.37167	0.00436
5346.44294	0.00503
5344.51421	0.00536
5342.58548	0.00492
5340.65675	0.00493
5338.72802	0.00531
5336.79928	0.00505
5334.87055	0.00471
5332.94182	0.00472
5331.01309	0.00474
5329.08436	0.00491
5327.15563	0.00506
5325.22690	0.00482
5323.29817	0.00468
5321.36943	0.00484
5319.44070	0.00513
5317.51197	0.00526
5315.58324	0.00502
5313.65451	0.00474
5311.72578	0.00476
5309.79705	0.00484
5307.86832	0.00464
5305.93958	0.00432
5304.01085	0.00449
5302.08212	0.00504
5300.15339	0.00532
5298.22466	0.00524
5296.29593	0.00516
5294.36720	0.00511
5292.43847	0.00506
5290.50974	0.00519
5288.58100	0.00538
5286.65227	0.00561
5284.72354	0.00568
5282.79481	0.00553
5280.86608	0.00547
5278.93735	0.00527
5277.00862	0.00487
5275.07989	0.00465
5273.15115	0.00473
5271.22242	0.00488
5269.29369	0.00464
5267.36496	0.00419
5265.43623	0.00411
5263.50750	0.00401
5261.57877	0.00366
5259.65004	0.00362
5257.72130	0.00387
5255.79257	0.00411
5253.86384	0.00408
5251.93511	0.00424
5250.00638	0.00491
5248.07765	0.00509
5246.14892	0.00447
5244.22019	0.00393
5242.29145	0.00364
5240.36272	0.00363
5238.43399	0.00385
5236.50526	0.00399
5234.57653	0.00407
5232.64780	0.00400
5230.71907	0.00367
5228.79034	0.00342
5226.86160	0.00368
5224.93287	0.00382
5223.00414	0.00360
5221.07541	0.00355
5219.14668	0.00355
5217.21795	0.00335
5215.28922	0.00310
5213.36049	0.00302
5211.43176	0.00331
5209.50302	0.00390
5207.57429	0.00416
5205.64556	0.00362
5203.71683	0.00297
5201.78810	0.00295
5199.85937	0.00333
5197.93064	0.00355
5196.00191	0.00337
5194.07317	0.00313
5192.14444	0.00318
5190.21571	0.00323
5188.28698	0.00308
5186.35825	0.00297
5184.42952	0.00300
5182.50079	0.00311
5180.57206	0.00319
5178.64332	0.00293
5176.71459	0.00255
5174.78586	0.00257
5172.85713	0.00301
5170.92840	0.00335
5168.99967	0.00317
5167.07094	0.00276
5165.14221	0.00257
5163.21347	0.00249
5161.28474	0.00242
5159.35601	0.00268
5157.42728	0.00313
5155.49855	0.00316
5153.56982	0.00284
5151.64109	0.00261
5149.71236	0.00247
5147.78362	0.00227
5145.85489	0.00214
5143.92616	0.00230
5141.99743	0.00266
5140.06870	0.00295
5138.13997	0.00310
5136.21124	0.00305
5134.28251	0.00290
5132.35378	0.00279
5130.42504	0.00277
5128.49631	0.00298
5126.56758	0.00334
5124.63885	0.00361
5122.71012	0.00386
5120.78139	0.00413
5118.85266	0.00421
5116.92393	0.00421
5114.99519	0.00435
5113.06646	0.00443
5111.13773	0.00429
5109.20900	0.00409
5107.28027	0.00395
5105.35154	0.00397
5103.42281	0.00417
5101.49408	0.00434
5099.56534	0.00441
5097.63661	0.00449
5095.70788	0.00468
5093.77915	0.00498
5091.85042	0.00517
5089.92169	0.00517
5087.99296	0.00508
5086.06423	0.00497
5084.13549	0.00492
5082.20676	0.00510
5080.27803	0.00553
5078.34930	0.00593
5076.42057	0.00587
5074.49184	0.00539
5072.56311	0.00511
5070.63438	0.00526
5068.70564	0.00547
5066.77691	0.00547
5064.84818	0.00519
5062.91945	0.00489
5060.99072	0.00507
5059.06199	0.00557
5057.13326	0.00573
5055.20453	0.00563
5053.27580	0.00573
5051.34706	0.00583
5049.41833	0.00563
5047.48960	0.00540
5045.56087	0.00535
5043.63214	0.00542
5041.70341	0.00556
5039.77468	0.00583
5037.84595	0.00601
5035.91721	0.00581
5033.98848	0.00554
5032.05975	0.00559
5030.13102	0.00586
5028.20229	0.00614
5026.27356	0.00638
5024.34483	0.00646
5022.41610	0.00638
5020.48736	0.00637
5018.55863	0.00647
5016.62990	0.00652
5014.70117	0.00635
5012.77244	0.00621
5010.84371	0.00633
5008.91498	0.00645
5006.98625	0.00642
5005.05751	0.00640
5003.12878	0.00640
5001.20005	0.00627
4999.27132	0.00605
4997.34259	0.00608
4995.41386	0.00642
4993.48513	0.00669
4991.55640	0.00676
4989.62766	0.00679
4987.69893	0.00678
4985.77020	0.00682
4983.84147	0.00707
4981.91274	0.00730
4979.98401	0.00721
4978.05528	0.00698
4976.12655	0.00707
4974.19782	0.00745
4972.26908	0.00755
4970.34035	0.00721
4968.41162	0.00687
4966.48289	0.00683
4964.55416	0.00702
4962.62543	0.00716
4960.69670	0.00720
4958.76797	0.00741
4956.83923	0.00783
4954.91050	0.00817
4952.98177	0.00812
4951.05304	0.00769
4949.12431	0.00725
4947.19558	0.00701
4945.26685	0.00693
4943.33812	0.00700
4941.40938	0.00721
4939.48065	0.00742
4937.55192	0.00760
4935.62319	0.00784
4933.69446	0.00792
4931.76573	0.00762
4929.83700	0.00723
4927.90827	0.00704
4925.97953	0.00713
4924.05080	0.00739
4922.12207	0.00760
4920.19334	0.00771
4918.26461	0.00772
4916.33588	0.00757
4914.40715	0.00736
4912.47842	0.00742
4910.54968	0.00773
4908.62095	0.00801
4906.69222	0.00816
4904.76349	0.00813
4902.83476	0.00779
4900.90603	0.00730
4898.97730	0.00710
4897.04857	0.00741
4895.11984	0.00780
4893.19110	0.00789
4891.26237	0.00779
4889.33364	0.00758
4887.40491	0.00744
4885.47618	0.00746
4883.54745	0.00753
4881.61872	0.00766
4879.68999	0.00770
4877.76125	0.00752
4875.83252	0.00747
4873.90379	0.00770
4871.97506	0.00794
4870.04633	0.00799
4868.11760	0.00781
4866.18887	0.00773
4864.26014	0.00782
4862.33140	0.00784
4860.40267	0.00784
4858.47394	0.00789
4856.54521	0.00786
4854.61648	0.00774
4852.68775	0.00758
4850.75902	0.00746
4848.83029	0.00743
4846.90155	0.00747
4844.97282	0.00749
4843.04409	0.00749
4841.11536	0.00770
4839.18663	0.00790
4837.25790	0.00770
4835.32917	0.00737
4833.40044	0.00735
4831.47170	0.00744
4829.54297	0.00732
4827.61424	0.00709
4825.68551	0.00704
4823.75678	0.00718
4821.82805	0.00736
4819.89932	0.00754
4817.97059	0.00761
4816.04186	0.00746
4814.11312	0.00724
4812.18439	0.00719
4810.25566	0.00725
4808.32693	0.00722
4806.39820	0.00709
4804.46947	0.00692
4802.54074	0.00674
4800.61201	0.00667
4798.68327	0.00686
4796.75454	0.00712
4794.82581	0.00719
4792.89708	0.00713
4790.96835	0.00709
4789.03962	0.00704
4787.11089	0.00705
4785.18216	0.00707
4783.25342	0.00703
4781.32469	0.00694
4779.39596	0.00671
4777.46723	0.00653
4775.53850	0.00671
4773.60977	0.00695
4771.68104	0.00688
4769.75231	0.00681
4767.82357	0.00704
4765.89484	0.00738
4763.96611	0.00739
4762.03738	0.00712
4760.10865	0.00700
4758.17992	0.00710
4756.25119	0.00719
4754.32246	0.00735
4752.39372	0.00763
4750.46499	0.00775
4748.53626	0.00761
4746.60753	0.00750
4744.67880	0.00755
4742.75007	0.00759
4740.82134	0.00759
4738.89261	0.00763
4736.96388	0.00777
4735.03514	0.00785
4733.10641	0.00769
4731.17768	0.00755
4729.24895	0.00762
4727.32022	0.00768
4725.39149	0.00765
4723.46276	0.00769
4721.53403	0.00775
4719.60529	0.00770
4717.67656	0.00762
4715.74783	0.00773
4713.81910	0.00801
4711.89037	0.00818
4709.96164	0.00811
4708.03291	0.00794
4706.10418	0.00779
4704.17544	0.00778
4702.24671	0.00790
4700.31798	0.00814
4698.38925	0.00842
4696.46052	0.00845
4694.53179	0.00810
4692.60306	0.00773
4690.67433	0.00767
4688.74559	0.00793
4686.81686	0.00830
4684.88813	0.00847
4682.95940	0.00846
4681.03067	0.00854
4679.10194	0.00874
4677.17321	0.00883
4675.24448	0.00872
4673.31574	0.00853
4671.38701	0.00837
4669.45828	0.00824
4667.52955	0.00808
4665.60082	0.00806
4663.67209	0.00826
4661.74336	0.00853
4659.81463	0.00873
4657.88590	0.00890
4655.95716	0.00905
4654.02843	0.00913
4652.09970	0.00916
4650.17097	0.00918
4648.24224	0.00916
4646.31351	0.00919
4644.38478	0.00930
4642.45605	0.00925
4640.52731	0.00908
4638.59858	0.00905
4636.66985	0.00914
4634.74112	0.00919
4632.81239	0.00924
4630.88366	0.00931
4628.95493	0.00930
4627.02620	0.00913
4625.09746	0.00891
4623.16873	0.00885
4621.24000	0.00905
4619.31127	0.00933
4617.38254	0.00941
4615.45381	0.00927
4613.52508	0.00916
4611.59635	0.00921
4609.66761	0.00923
4607.73888	0.00908
4605.81015	0.00891
4603.88142	0.00888
4601.95269	0.00893
4600.02396	0.00897
4598.09523	0.00899
4596.16650	0.00903
4594.23776	0.00917
4592.30903	0.00943
4590.38030	0.00965
4588.45157	0.00965
4586.52284	0.00947
4584.59411	0.00931
4582.66538	0.00930
4580.73665	0.00925
4578.80792	0.00910
4576.87918	0.00906
4574.95045	0.00913
4573.02172	0.00912
4571.09299	0.00913
4569.16426	0.00925
4567.23553	0.00926
4565.30680	0.00922
4563.37807	0.00930
4561.44933	0.00927
4559.52060	0.00901
4557.59187	0.00886
4555.66314	0.00899
4553.73441	0.00918
4551.80568	0.00929
4549.87695	0.00926
4547.94822	0.00923
4546.01948	0.00931
4544.09075	0.00928
4542.16202	0.00904
4540.23329	0.00887
4538.30456	0.00895
4536.37583	0.00919
4534.44710	0.00943
4532.51837	0.00947
4530.58963	0.00934
4528.66090	0.00923
4526.73217	0.00923
4524.80344	0.00919
4522.87471	0.00903
4520.94598	0.00892
4519.01725	0.00909
4517.08852	0.00929
4515.15978	0.00922
4513.23105	0.00903
4511.30232	0.00901
4509.37359	0.00914
4507.44486	0.00927
4505.51613	0.00930
4503.58740	0.00921
4501.65867	0.00899
4499.72994	0.00872
4497.80120	0.00868
4495.87247	0.00900
4493.94374	0.00918
4492.01501	0.00898
4490.08628	0.00880
4488.15755	0.00892
4486.22882	0.00911
4484.30009	0.00906
4482.37135	0.00878
4480.44262	0.00857
4478.51389	0.00861
4476.58516	0.00881
4474.65643	0.00898
4472.72770	0.00908
4470.79897	0.00913
4468.87024	0.00917
4466.94150	0.00931
4465.01277	0.00937
4463.08404	0.00929
4461.15531	0.00927
4459.22658	0.00932
4457.29785	0.00931
4455.36912	0.00937
4453.44039	0.00950
4451.51165	0.00949
4449.58292	0.00944
4447.65419	0.00959
4445.72546	0.00985
4443.79673	0.01006
4441.86800	0.01014
4439.93927	0.01005
4438.01054	0.00989
4436.08180	0.00978
4434.15307	0.00980
4432.22434	0.00990
4430.29561	0.00999
4428.36688	0.01011
4426.43815	0.01016
4424.50942	0.01010
4422.58069	0.01017
4420.65196	0.01033
4418.72322	0.01027
4416.79449	0.01003
4414.86576	0.00997
4412.93703	0.01020
4411.00830	0.01047
4409.07957	0.01050
4407.15084	0.01041
4405.22211	0.01047
4403.29337	0.01048
4401.36464	0.01025
4399.43591	0.01010
4397.50718	0.01018
4395.57845	0.01021
4393.64972	0.01008
4391.72099	0.01001
4389.79226	0.01011
4387.86352	0.01039
4385.93479	0.01068
4384.00606	0.01078
4382.07733	0.01076
4380.14860	0.01074
4378.21987	0.01075
4376.29114	0.01074
4374.36241	0.01071
4372.43367	0.01075
4370.50494	0.01090
4368.57621	0.01098
4366.64748	0.01099
4364.71875	0.01100
4362.79002	0.01098
4360.86129	0.01086
4358.93256	0.01074
4357.00382	0.01072
4355.07509	0.01083
4353.14636	0.01096
4351.21763	0.01117
4349.28890	0.01147
4347.36017	0.01171
4345.43144	0.01179
4343.50271	0.01175
4341.57398	0.01163
4339.64524	0.01146
4337.71651	0.01131
4335.78778	0.01124
4333.85905	0.01134
4331.93032	0.01154
4330.00159	0.01171
4328.07286	0.01176
4326.14413	0.01167
4324.21539	0.01157
4322.28666	0.01158
4320.35793	0.01162
4318.42920	0.01165
4316.50047	0.01165
4314.57174	0.01155
4312.64301	0.01141
4310.71428	0.01132
4308.78554	0.01129
4306.85681	0.01129
4304.92808	0.01137
4302.99935	0.01153
4301.07062	0.01167
4299.14189	0.01167
4297.21316	0.01157
4295.28443	0.01145
4293.35569	0.01136
4291.42696	0.01136
4289.49823	0.01146
4287.56950	0.01145
4285.64077	0.01131
4283.71204	0.01127
4281.78331	0.01136
4279.85458	0.01145
4277.92584	0.01154
4275.99711	0.01164
4274.06838	0.01165
4272.13965	0.01158
4270.21092	0.01152
4268.28219	0.01151
4266.35346	0.01155
4264.42473	0.01160
4262.49600	0.01167
4260.56726	0.01176
4258.63853	0.01174
4256.70980	0.01171
4254.78107	0.01175
4252.85234	0.01168
4250.92361	0.01151
4248.99488	0.01145
4247.06615	0.01145
4245.13741	0.01144
4243.20868	0.01140
4241.27995	0.01129
4239.35122	0.01118
4237.42249	0.01114
4235.49376	0.01122
4233.56503	0.01142
4231.63630	0.01160
4229.70756	0.01165
4227.77883	0.01159
4225.85010	0.01153
4223.92137	0.01156
4221.99264	0.01157
4220.06391	0.01147
4218.13518	0.01147
4216.20645	0.01159
4214.27771	0.01159
4212.34898	0.01142
4210.42025	0.01134
4208.49152	0.01147
4206.56279	0.01166
4204.63406	0.01173
4202.70533	0.01171
4200.77660	0.01158
4198.84786	0.01139
4196.91913	0.01136
4194.99040	0.01148
4193.06167	0.01164
4191.13294	0.01181
4189.20421	0.01188
4187.27548	0.01174
4185.34675	0.01164
4183.41802	0.01174
4181.48928	0.01182
4179.56055	0.01174
4177.63182	0.01164
4175.70309	0.01168
4173.77436	0.01176
4171.84563	0.01172
4169.91690	0.01168
4167.98817	0.01168
4166.05943	0.01165
4164.13070	0.01172
4162.20197	0.01185
4160.27324	0.01180
4158.34451	0.01158
4156.41578	0.01131
4154.48705	0.01110
4152.55832	0.01109
4150.62958	0.01123
4148.70085	0.01140
4146.77212	0.01154
4144.84339	0.01156
4142.91466	0.01141
4140.98593	0.01117
4139.05720	0.01096
4137.12847	0.01088
4135.19973	0.01094
4133.27100	0.01105
4131.34227	0.01112
4129.41354	0.01120
4127.48481	0.01131
4125.55608	0.01138
4123.62735	0.01140
4121.69862	0.01145
4119.76988	0.01145
4117.84115	0.01137
4115.91242	0.01125
4113.98369	0.01112
4112.05496	0.01108
4110.12623	0.01116
4108.19750	0.01118
4106.26877	0.01108
4104.34004	0.01104
4102.41130	0.01111
4100.48257	0.01115
4098.55384	0.01110
4096.62511	0.01097
4094.69638	0.01085
4092.76765	0.01093
4090.83892	0.01110
4088.91019	0.01111
4086.98145	0.01094
4085.05272	0.01078
4083.12399	0.01071
4081.19526	0.01078
4079.26653	0.01096
4077.33780	0.01109
4075.40907	0.01102
4073.48034	0.01089
4071.55160	0.01083
4069.62287	0.01084
4067.69414	0.01084
4065.76541	0.01085
4063.83668	0.01084
4061.90795	0.01076
4059.97922	0.01065
4058.05049	0.01061
4056.12175	0.01056
4054.19302	0.01052
4052.26429	0.01054
4050.33556	0.01055
4048.40683	0.01050
4046.47810	0.01051
4044.54937	0.01063
4042.62064	0.01085
4040.69190	0.01099
4038.76317	0.01099
4036.83444	0.01087
4034.90571	0.01063
4032.97698	0.01041
4031.04825	0.01034
4029.11952	0.01043
4027.19079	0.01052
4025.26206	0.01046
4023.33332	0.01035
4021.40459	0.01034
4019.47586	0.01032
4017.54713	0.01025
4015.61840	0.01023
4013.68967	0.01026
4011.76094	0.01030
4009.83221	0.01027
4007.90347	0.01014
4005.97474	0.01011
4004.04601	0.01022
4002.11728	0.01023
4000.18855	0.01017
3998.25982	0.01019
3996.33109	0.01026
3994.40236	0.01017
3992.47362	0.01007
3990.54489	0.01004
3988.61616	0.00992
3986.68743	0.00972
3984.75870	0.00963
3982.82997	0.00971
3980.90124	0.00984
3978.97251	0.00989
3977.04377	0.00985
3975.11504	0.00966
3973.18631	0.00943
3971.25758	0.00938
3969.32885	0.00947
3967.40012	0.00955
3965.47139	0.00962
3963.54266	0.00973
3961.61392	0.00969
3959.68519	0.00944
3957.75646	0.00928
3955.82773	0.00929
3953.89900	0.00938
3951.97027	0.00951
3950.04154	0.00963
3948.11281	0.00952
3946.18408	0.00935
3944.25534	0.00943
3942.32661	0.00932
3940.39788	0.00889
3938.46915	0.00873
3936.54042	0.00889
3934.61169	0.00924
3932.68296	0.00949
3930.75423	0.00935
3928.82549	0.00914
3926.89676	0.00923
3924.96803	0.00930
3923.03930	0.00910
3921.11057	0.00917
3919.18184	0.00950
3917.25311	0.00947
3915.32438	0.00901
3913.39564	0.00872
3911.46691	0.00880
3909.53818	0.00902
3907.60945	0.00955
3905.68072	0.01024
3903.75199	0.01025
3901.82326	0.00957
3899.89453	0.00891
3897.96579	0.00827
3896.03706	0.00814
3894.10833	0.00891
3892.17960	0.00955
3890.25087	0.00908
3888.32214	0.00888
3886.39341	0.00947
3884.46468	0.00926
3882.53594	0.00899
3880.60721	0.00910
3878.67848	0.00862
3876.74975	0.00857
3874.82102	0.00920
3872.89229	0.00953
3870.96356	0.00958
3869.03483	0.00888
3867.10610	0.00834
3865.17736	0.00887
3863.24863	0.00892
3861.31990	0.00828
3859.39117	0.00805
3857.46244	0.00903
3855.53371	0.01105
3853.60498	0.01135
3851.67625	0.00863
3849.74751	0.00687
3847.81878	0.00732
3845.89005	0.00844
3843.96132	0.00916
3842.03259	0.00937
3840.10386	0.00960
3838.17513	0.00949
3836.24640	0.00865
3834.31766	0.00817
3832.38893	0.00834
3830.46020	0.00841
3828.53147	0.00848
3826.60274	0.00861
3824.67401	0.00889
3822.74528	0.00979
3820.81655	0.00970
3818.88781	0.00870
3816.95908	0.00880
3815.03035	0.00843
3813.10162	0.00744
3811.17289	0.00762
3809.24416	0.00870
3807.31543	0.00918
3805.38670	0.00861
3803.45796	0.00888
3801.52923	0.00933
3799.60050	0.00852
3797.67177	0.00819
3795.74304	0.00824
3793.81431	0.00793
3791.88558	0.00793
3789.95685	0.00823
3788.02812	0.00856
3786.09938	0.00880
3784.17065	0.00870
3782.24192	0.00857
3780.31319	0.00864
3778.38446	0.00831
3776.45573	0.00791
3774.52700	0.00812
3772.59827	0.00881
3770.66953	0.00933
3768.74080	0.00907
3766.81207	0.00865
3764.88334	0.00839
3762.95461	0.00831
3761.02588	0.00882
3759.09715	0.00898
3757.16842	0.00849
3755.23968	0.00871
3753.31095	0.01005
3751.38222	0.01071
3749.45349	0.00953
3747.52476	0.00894
3745.59603	0.01014
3743.66730	0.00994
3741.73857	0.00849
3739.80983	0.00888
3737.88110	0.01061
3735.95237	0.01171
3734.02364	0.01148
3732.09491	0.01078
3730.16618	0.01058
3728.23745	0.01162
3726.30872	0.01319
3724.37998	0.01436
3722.45125	0.01544
3720.52252	0.01655
3718.59379	0.01773
3716.66506	0.01933
3714.73633	0.02189
3712.80760	0.02484
3710.87887	0.02651
3708.95014	0.02709
3707.02140	0.02821
3705.09267	0.03042
3703.16394	0.03304
3701.23521	0.03493
3699.30648	0.03621
3697.37775	0.03779
3695.44902	0.03952
3693.52029	0.04131
3691.59155	0.04329
3689.66282	0.04455
3687.73409	0.04445
3685.80536	0.04451
3683.87663	0.04621
3681.94790	0.04918
3680.01917	0.05298
3678.09044	0.05745
3676.16170	0.06093
3674.23297	0.06132
3672.30424	0.06133
3670.37551	0.06260
3668.44678	0.06317
3666.51805	0.06411
3664.58932	0.06651
3662.66059	0.06891
3660.73185	0.07025
3658.80312	0.07101
3656.87439	0.07149
3654.94566	0.07159
3653.01693	0.07275
3651.08820	0.07521
3649.15947	0.07663
3647.23074	0.07672
3645.30200	0.07717
3643.37327	0.07848
3641.44454	0.07985
3639.51581	0.08087
3637.58708	0.08196
3635.65835	0.08337
3633.72962	0.08492
3631.80089	0.08685
3629.87216	0.08897
3627.94342	0.08937
3626.01469	0.08902
3624.08596	0.09014
3622.15723	0.09220
3620.22850	0.09364
3618.29977	0.09340
3616.37104	0.09258
3614.44231	0.09262
3612.51357	0.09290
3610.58484	0.09293
3608.65611	0.09278
3606.72738	0.09236
3604.79865	0.09228
3602.86992	0.09282
3600.94119	0.09325
3599.01246	0.09331
3597.08372	0.09350
3595.15499	0.09378
3593.22626	0.09384
3591.29753	0.09424
3589.36880	0.09529
3587.44007	0.09588
3585.51134	0.09557
3583.58261	0.09548
3581.65387	0.09594
3579.72514	0.09651
3577.79641	0.09711
3575.86768	0.09770
3573.93895	0.09811
3572.01022	0.09853
3570.08149	0.09937
3568.15276	0.10019
3566.22402	0.10007
3564.29529	0.09957
3562.36656	0.09973
3560.43783	0.10023
3558.50910	0.10056
3556.58037	0.10081
3554.65164	0.10115
3552.72291	0.10138
3550.79418	0.10136
3548.86544	0.10154
3546.93671	0.10189
3545.00798	0.10183
3543.07925	0.10146
3541.15052	0.10128
3539.22179	0.10142
3537.29306	0.10162
3535.36433	0.10159
3533.43559	0.10144
3531.50686	0.10142
3529.57813	0.10144
3527.64940	0.10137
3525.72067	0.10123
3523.79194	0.10102
3521.86321	0.10065
3519.93448	0.10032
3518.00574	0.10010
3516.07701	0.09990
3514.14828	0.09980
3512.21955	0.09979
3510.29082	0.09974
3508.36209	0.09953
3506.43336	0.09932
3504.50463	0.09921
3502.57589	0.09895
3500.64716	0.09868
3498.71843	0.09874
3496.78970	0.09894
3494.86097	0.09898
3492.93224	0.09894
3491.00351	0.09889
3489.07478	0.09879
3487.14604	0.09860
3485.21731	0.09843
3483.28858	0.09842
3481.35985	0.09845
3479.43112	0.09842
3477.50239	0.09845
3475.57366	0.09859
3473.64493	0.09880
3471.71620	0.09897
3469.78746	0.09900
3467.85873	0.09886
3465.93000	0.09867
3464.00127	0.09858
3462.07254	0.09855
3460.14381	0.09848
3458.21508	0.09843
3456.28635	0.09840
3454.35761	0.09830
3452.42888	0.09808
3450.50015	0.09787
3448.57142	0.09788
3446.64269	0.09787
3444.71396	0.09773
3442.78523	0.09763
3440.85650	0.09742
3438.92776	0.09716
3436.99903	0.09697
3435.07030	0.09681
3433.14157	0.09665
3431.21284	0.09643
3429.28411	0.09605
3427.35538	0.09557
3425.42665	0.09520
3423.49791	0.09505
3421.56918	0.09499
3419.64045	0.09483
3417.71172	0.09462
3415.78299	0.09441
3413.85426	0.09417
3411.92553	0.09394
3409.99680	0.09377
3408.06806	0.09365
3406.13933	0.09332
3404.21060	0.09271
3402.28187	0.09219
3400.35314	0.09184
3398.42441	0.09136
3396.49568	0.09087
3394.56695	0.09039
3392.63822	0.08982
3390.70948	0.08918
3388.78075	0.08866
3386.85202	0.08821
3384.92329	0.08772
3382.99456	0.08725
3381.06583	0.08678
3379.13710	0.08624
3377.20837	0.08558
3375.27963	0.08480
3373.35090	0.08401
3371.42217	0.08332
3369.49344	0.08270
3367.56471	0.08201
3365.63598	0.08117
3363.70725	0.08026
3361.77852	0.07932
3359.84978	0.07839
3357.92105	0.07760
3355.99232	0.07692
3354.06359	0.07614
3352.13486	0.07526
3350.20613	0.07444
3348.27740	0.07365
3346.34867	0.07275
3344.41993	0.07178
3342.49120	0.07080
3340.56247	0.06975
3338.63374	0.06869
3336.70501	0.06767
3334.77628	0.06665
3332.84755	0.06565
3330.91882	0.06461
3328.99008	0.06345
3327.06135	0.06222
3325.13262	0.06104
3323.20389	0.05985
3321.27516	0.05848
3319.34643	0.05703
3317.41770	0.05577
3315.48897	0.05471
3313.56024	0.05353
3311.63150	0.05215
3309.70277	0.05069
3307.77404	0.04919
3305.84531	0.04767
3303.91658	0.04624
3301.98785	0.04483
3300.05912	0.04335
3298.13039	0.04184
3296.20165	0.04039
3294.27292	0.03896
3292.34419	0.03752
3290.41546	0.03597
3288.48673	0.03424
3286.55800	0.03245
3284.62927	0.03080
3282.70054	0.02931
3280.77180	0.02785
3278.84307	0.02616
3276.91434	0.02421
3274.98561	0.02225
3273.05688	0.02041
3271.12815	0.01865
3269.19942	0.01694
3267.27069	0.01524
3265.34195	0.01357
3263.41322	0.01184
3261.48449	0.01000
3259.55576	0.00812
3257.62703	0.00613
3255.69830	0.00406
3253.76957	0.00205
3251.84084	0.00014
3249.91210	-0.00170
3247.98337	-0.00349
3246.05464	-0.00537
3244.12591	-0.00748
3242.19718	-0.00967
3240.26845	-0.01180
3238.33972	-0.01381
3236.41099	-0.01568
3234.48226	-0.01752
3232.55352	-0.01947
3230.62479	-0.02148
3228.69606	-0.02343
3226.76733	-0.02540
3224.83860	-0.02749
3222.90987	-0.02953
3220.98114	-0.03139
3219.05241	-0.03316
3217.12367	-0.03492
3215.19494	-0.03667
3213.26621	-0.03843
3211.33748	-0.04016
3209.40875	-0.04187
3207.48002	-0.04360
3205.55129	-0.04533
3203.62256	-0.04706
3201.69382	-0.04872
3199.76509	-0.05036
3197.83636	-0.05213
3195.90763	-0.05403
3193.97890	-0.05589
3192.05017	-0.05759
3190.12144	-0.05913
3188.19271	-0.06056
3186.26397	-0.06201
3184.33524	-0.06358
3182.40651	-0.06516
3180.47778	-0.06664
3178.54905	-0.06808
3176.62032	-0.06959
3174.69159	-0.07111
3172.76286	-0.07244
3170.83412	-0.07362
3168.90539	-0.07484
3166.97666	-0.07611
3165.04793	-0.07727
3163.11920	-0.07837
3161.19047	-0.07948
3159.26174	-0.08057
3157.33301	-0.08165
3155.40428	-0.08281
3153.47554	-0.08398
3151.54681	-0.08499
3149.61808	-0.08583
3147.68935	-0.08663
3145.76062	-0.08750
3143.83189	-0.08842
3141.90316	-0.08931
3139.97443	-0.09015
3138.04569	-0.09102
3136.11696	-0.09193
3134.18823	-0.09271
3132.25950	-0.09330
3130.33077	-0.09382
3128.40204	-0.09426
3126.47331	-0.09452
3124.54458	-0.09461
3122.61584	-0.09470
3120.68711	-0.09480
3118.75838	-0.09465
3116.82965	-0.09423
3114.90092	-0.09369
3112.97219	-0.09294
3111.04346	-0.09174
3109.11473	-0.09018
3107.18599	-0.08847
3105.25726	-0.08671
3103.32853	-0.08490
3101.39980	-0.08304
3099.47107	-0.08104
3097.54234	-0.07883
3095.61361	-0.07638
3093.68488	-0.07382
3091.75614	-0.07125
3089.82741	-0.06866
3087.89868	-0.06610
3085.96995	-0.06360
3084.04122	-0.06110
3082.11249	-0.05852
3080.18376	-0.05601
3078.25503	-0.05368
3076.32630	-0.05143
3074.39756	-0.04918
3072.46883	-0.04713
3070.54010	-0.04528
3068.61137	-0.04340
3066.68264	-0.04153
3064.75391	-0.03982
3062.82518	-0.03819
3060.89645	-0.03654
3058.96771	-0.03501
3057.03898	-0.03370
3055.11025	-0.03257
3053.18152	-0.03147
3051.25279	-0.03039
3049.32406	-0.02947
3047.39533	-0.02880
3045.46660	-0.02823
3043.53786	-0.02768
3041.60913	-0.02723
3039.68040	-0.02701
3037.75167	-0.02697
3035.82294	-0.02699
3033.89421	-0.02706
3031.96548	-0.02720
3030.03675	-0.02744
3028.10801	-0.02762
3026.17928	-0.02771
3024.25055	-0.02789
3022.32182	-0.02819
3020.39309	-0.02842
3018.46436	-0.02842
3016.53563	-0.02821
3014.60690	-0.02789
3012.67816	-0.02752
3010.74943	-0.02708
3008.82070	-0.02653
3006.89197	-0.02586
3004.96324	-0.02504
3003.03451	-0.02413
3001.10578	-0.02313
2999.17705	-0.02198
2997.24832	-0.02073
2995.31958	-0.01937
2993.39085	-0.01807
2991.46212	-0.01683
2989.53339	-0.01547
2987.60466	-0.01387
2985.67593	-0.01219
2983.74720	-0.01055
2981.81847	-0.00894
2979.88973	-0.00734
2977.96100	-0.00567
2976.03227	-0.00379
2974.10354	-0.00170
2972.17481	0.00057
2970.24608	0.00303
2968.31735	0.00550
2966.38862	0.00777
2964.45988	0.00977
2962.53115	0.01156
2960.60242	0.01317
2958.67369	0.01451
2956.74496	0.01556
2954.81623	0.01647
2952.88750	0.01744
2950.95877	0.01860
2949.03003	0.01995
2947.10130	0.02144
2945.17257	0.02311
2943.24384	0.02505
2941.31511	0.02732
2939.38638	0.02992
2937.45765	0.03269
2935.52892	0.03543
2933.60018	0.03807
2931.67145	0.04063
2929.74272	0.04296
2927.81399	0.04477
2925.88526	0.04577
2923.95653	0.04588
2922.02780	0.04525
2920.09907	0.04404
2918.17034	0.04255
2916.24160	0.04101
2914.31287	0.03950
2912.38414	0.03817
2910.45541	0.03713
2908.52668	0.03636
2906.59795	0.03570
2904.66922	0.03508
2902.74049	0.03454
2900.81175	0.03406
2898.88302	0.03363
2896.95429	0.03329
2895.02556	0.03302
2893.09683	0.03278
2891.16810	0.03253
2889.23937	0.03236
2887.31064	0.03228
2885.38190	0.03230
2883.45317	0.03247
2881.52444	0.03276
2879.59571	0.03311
2877.66698	0.03350
2875.73825	0.03388
2873.80952	0.03425
2871.88079	0.03475
2869.95205	0.03537
2868.02332	0.03604
2866.09459	0.03682
2864.16586	0.03783
2862.23713	0.03909
2860.30840	0.04060
2858.37967	0.04214
2856.45094	0.04323
2854.52220	0.04342
2852.59347	0.04263
2850.66474	0.04105
2848.73601	0.03893
2846.80728	0.03667
2844.87855	0.03468
2842.94982	0.03310
2841.02109	0.03180
2839.09236	0.03068
2837.16362	0.02977
2835.23489	0.02911
2833.30616	0.02864
2831.37743	0.02832
2829.44870	0.02813
2827.51997	0.02792
2825.59124	0.02760
2823.66251	0.02727
2821.73377	0.02704
2819.80504	0.02685
2817.87631	0.02666
2815.94758	0.02652
2814.01885	0.02641
2812.09012	0.02620
2810.16139	0.02592
2808.23266	0.02568
2806.30392	0.02551
2804.37519	0.02537
2802.44646	0.02521
2800.51773	0.02505
2798.58900	0.02491
2796.66027	0.02477
2794.73154	0.02463
2792.80281	0.02448
2790.87407	0.02435
2788.94534	0.02427
2787.01661	0.02422
2785.08788	0.02420
2783.15915	0.02422
2781.23042	0.02425
2779.30169	0.02424
2777.37296	0.02421
2775.44422	0.02429
2773.51549	0.02448
2771.58676	0.02471
2769.65803	0.02488
2767.72930	0.02502
2765.80057	0.02521
2763.87184	0.02552
2761.94311	0.02590
2760.01438	0.02624
2758.08564	0.02653
2756.15691	0.02680
2754.22818	0.02697
2752.29945	0.02702
2750.37072	0.02708
2748.44199	0.02721
2746.51326	0.02736
2744.58453	0.02748
2742.65579	0.02754
2740.72706	0.02761
2738.79833	0.02766
2736.86960	0.02765
2734.94087	0.02763
2733.01214	0.02768
2731.08341	0.02772
2729.15468	0.02772
2727.22594	0.02770
2725.29721	0.02768
2723.36848	0.02766
2721.43975	0.02760
2719.51102	0.02750
2717.58229	0.02738
2715.65356	0.02725
2713.72483	0.02718
2711.79609	0.02718
2709.86736	0.02719
2707.93863	0.02716
2706.00990	0.02709
2704.08117	0.02704
2702.15244	0.02701
2700.22371	0.02694
2698.29498	0.02683
2696.36624	0.02679
2694.43751	0.02685
2692.50878	0.02689
2690.58005	0.02687
2688.65132	0.02680
2686.72259	0.02673
2684.79386	0.02668
2682.86513	0.02669
2680.93640	0.02665
2679.00766	0.02653
2677.07893	0.02641
2675.15020	0.02633
2673.22147	0.02622
2671.29274	0.02609
2669.36401	0.02601
2667.43528	0.02594
2665.50655	0.02583
2663.57781	0.02572
2661.64908	0.02566
2659.72035	0.02560
2657.79162	0.02554
2655.86289	0.02551
2653.93416	0.02547
2652.00543	0.02539
2650.07670	0.02532
2648.14796	0.02526
2646.21923	0.02523
2644.29050	0.02525
2642.36177	0.02525
2640.43304	0.02520
2638.50431	0.02514
2636.57558	0.02511
2634.64685	0.02505
2632.71811	0.02491
2630.78938	0.02473
2628.86065	0.02461
2626.93192	0.02458
2625.00319	0.02454
2623.07446	0.02446
2621.14573	0.02438
2619.21700	0.02434
2617.28826	0.02432
2615.35953	0.02423
2613.43080	0.02403
2611.50207	0.02384
2609.57334	0.02372
2607.64461	0.02364
2605.71588	0.02356
2603.78715	0.02347
2601.85842	0.02341
2599.92968	0.02341
2598.00095	0.02339
2596.07222	0.02327
2594.14349	0.02313
2592.21476	0.02302
2590.28603	0.02295
2588.35730	0.02288
2586.42857	0.02280
2584.49983	0.02272
2582.57110	0.02265
2580.64237	0.02261
2578.71364	0.02257
2576.78491	0.02253
2574.85618	0.02245
2572.92745	0.02234
2570.99872	0.02227
2569.06998	0.02227
2567.14125	0.02225
2565.21252	0.02220
2563.28379	0.02214
2561.35506	0.02206
2559.42633	0.02198
2557.49760	0.02193
2555.56887	0.02190
2553.64013	0.02181
2551.71140	0.02167
2549.78267	0.02161
2547.85394	0.02164
2545.92521	0.02170
2543.99648	0.02172
2542.06775	0.02172
2540.13902	0.02172
2538.21028	0.02171
2536.28155	0.02171
2534.35282	0.02175
2532.42409	0.02179
2530.49536	0.02175
2528.56663	0.02166
2526.63790	0.02160
2524.70917	0.02157
2522.78044	0.02150
2520.85170	0.02145
2518.92297	0.02149
2516.99424	0.02154
2515.06551	0.02156
2513.13678	0.02155
2511.20805	0.02153
2509.27932	0.02150
2507.35059	0.02148
2505.42185	0.02150
2503.49312	0.02153
2501.56439	0.02153
2499.63566	0.02153
2497.70693	0.02159
2495.77820	0.02168
2493.84947	0.02169
2491.92074	0.02163
2489.99200	0.02162
2488.06327	0.02165
2486.13454	0.02166
2484.20581	0.02169
2482.27708	0.02175
2480.34835	0.02179
2478.41962	0.02179
2476.49089	0.02181
2474.56215	0.02183
2472.63342	0.02180
2470.70469	0.02177
2468.77596	0.02178
2466.84723	0.02181
2464.91850	0.02179
2462.98977	0.02172
2461.06104	0.02166
2459.13230	0.02167
2457.20357	0.02175
2455.27484	0.02180
2453.34611	0.02180
2451.41738	0.02179
2449.48865	0.02179
2447.55992	0.02173
2445.63119	0.02165
2443.70246	0.02159
2441.77372	0.02156
2439.84499	0.02154
2437.91626	0.02151
2435.98753	0.02148
2434.05880	0.02141
2432.13007	0.02125
2430.20134	0.02092
2428.27261	0.02056
2426.34387	0.02044
2424.41514	0.02069
2422.48641	0.02107
2420.55768	0.02140
2418.62895	0.02162
2416.70022	0.02173
2414.77149	0.02177
2412.84276	0.02178
2410.91402	0.02178
2408.98529	0.02175
2407.05656	0.02171
2405.12783	0.02175
2403.19910	0.02184
2401.27037	0.02188
2399.34164	0.02184
2397.41291	0.02180
2395.48417	0.02180
2393.55544	0.02181
2391.62671	0.02183
2389.69798	0.02184
2387.76925	0.02186
2385.84052	0.02189
2383.91179	0.02195
2381.98306	0.02201
2380.05432	0.02207
2378.12559	0.02210
2376.19686	0.02211
2374.26813	0.02207
2372.33940	0.02199
2370.41067	0.02189
2368.48194	0.02184
2366.55321	0.02185
2364.62448	0.02182
2362.69574	0.02171
2360.76701	0.02159
2358.83828	0.02152
2356.90955	0.02148
2354.98082	0.02145
2353.05209	0.02150
2351.12336	0.02174
2349.19463	0.02211
2347.26589	0.02237
2345.33716	0.02236
2343.40843	0.02224
2341.47970	0.02221
2339.55097	0.02217
2337.62224	0.02204
2335.69351	0.02190
2333.76478	0.02182
2331.83604	0.02181
2329.90731	0.02179
2327.97858	0.02178
2326.04985	0.02177
2324.12112	0.02175
2322.19239	0.02173
2320.26366	0.02174
2318.33493	0.02174
2316.40619	0.02168
2314.47746	0.02159
2312.54873	0.02151
2310.62000	0.02149
2308.69127	0.02148
2306.76254	0.02148
2304.83381	0.02154
2302.90508	0.02161
2300.97634	0.02164
2299.04761	0.02166
2297.11888	0.02169
2295.19015	0.02167
2293.26142	0.02159
2291.33269	0.02155
2289.40396	0.02160
2287.47523	0.02170
2285.54650	0.02177
2283.61776	0.02175
2281.68903	0.02170
2279.76030	0.02165
2277.83157	0.02158
2275.90284	0.02148
2273.97411	0.02138
2272.04538	0.02133
2270.11665	0.02135
2268.18791	0.02142
2266.25918	0.02150
2264.33045	0.02157
2262.40172	0.02163
2260.47299	0.02168
2258.54426	0.02172
2256.61553	0.02176
2254.68680	0.02183
2252.75806	0.02192
2250.82933	0.02203
2248.90060	0.02211
2246.97187	0.02213
2245.04314	0.02215
2243.11441	0.02218
2241.18568	0.02224
2239.25695	0.02234
2237.32821	0.02247
2235.39948	0.02261
2233.47075	0.02269
2231.54202	0.02268
2229.61329	0.02267
2227.68456	0.02274
2225.75583	0.02279
2223.82710	0.02279
2221.89836	0.02281
2219.96963	0.02269
2218.04090	0.02256
2216.11217	0.02244
2214.18344	0.02231
2212.25471	0.02217
2210.32598	0.02202
2208.39725	0.02192
2206.46852	0.02191
2204.53978	0.02189
2202.61105	0.02179
2200.68232	0.02170
2198.75359	0.02170
2196.82486	0.02170
2194.89613	0.02158
2192.96740	0.02142
2191.03867	0.02134
2189.10993	0.02129
2187.18120	0.02118
2185.25247	0.02105
2183.32374	0.02096
2181.39501	0.02090
2179.46628	0.02082
2177.53755	0.02076
2175.60882	0.02072
2173.68008	0.02068
2171.75135	0.02059
2169.82262	0.02048
2167.89389	0.02045
2165.96516	0.02052
2164.03643	0.02059
2162.10770	0.02057
2160.17897	0.02052
2158.25023	0.02051
2156.32150	0.02053
2154.39277	0.02053
2152.46404	0.02052
2150.53531	0.02051
2148.60658	0.02048
2146.67785	0.02045
2144.74912	0.02042
2142.82038	0.02040
2140.89165	0.02040
2138.96292	0.02037
2137.03419	0.02032
2135.10546	0.02027
2133.17673	0.02021
2131.24800	0.02015
2129.31927	0.02010
2127.39054	0.02006
2125.46180	0.02000
2123.53307	0.01989
2121.60434	0.01982
2119.67561	0.01981
2117.74688	0.01983
2115.81815	0.01982
2113.88942	0.01977
2111.96069	0.01973
2110.03195	0.01971
2108.10322	0.01964
2106.17449	0.01955
2104.24576	0.01949
2102.31703	0.01947
2100.38830	0.01943
2098.45957	0.01935
2096.53084	0.01919
2094.60210	0.01901
2092.67337	0.01887
2090.74464	0.01873
2088.81591	0.01850
2086.88718	0.01819
2084.95845	0.01791
2083.02972	0.01762
2081.10099	0.01727
2079.17225	0.01685
2077.24352	0.01643
2075.31479	0.01608
2073.38606	0.01575
2071.45733	0.01544
2069.52860	0.01520
2067.59987	0.01511
2065.67114	0.01512
2063.74240	0.01512
2061.81367	0.01517
2059.88494	0.01538
2057.95621	0.01564
2056.02748	0.01592
2054.09875	0.01623
2052.17002	0.01659
2050.24129	0.01703
2048.31256	0.01749
2046.38382	0.01795
2044.45509	0.01844
2042.52636	0.01896
2040.59763	0.01942
2038.66890	0.01980
2036.74017	0.02017
2034.81144	0.02053
2032.88271	0.02082
2030.95397	0.02100
2029.02524	0.02102
2027.09651	0.02100
2025.16778	0.02114
2023.23905	0.02143
2021.31032	0.02178
2019.38159	0.02216
2017.45286	0.02248
2015.52412	0.02262
2013.59539	0.02275
2011.66666	0.02298
2009.73793	0.02321
2007.80920	0.02341
2005.88047	0.02360
2003.95174	0.02378
2002.02301	0.02390
2000.09427	0.02391
1998.16554	0.02389
1996.23681	0.02385
1994.30808	0.02394
1992.37935	0.02409
1990.45062	0.02400
1988.52189	0.02392
1986.59316	0.02395
1984.66442	0.02397
1982.73569	0.02400
1980.80696	0.02399
1978.87823	0.02394
1976.94950	0.02391
1975.02077	0.02389
1973.09204	0.02390
1971.16331	0.02394
1969.23458	0.02407
1967.30584	0.02407
1965.37711	0.02378
1963.44838	0.02359
1961.51965	0.02361
1959.59092	0.02362
1957.66219	0.02361
1955.73346	0.02361
1953.80473	0.02353
1951.87599	0.02346
1949.94726	0.02349
1948.01853	0.02358
1946.08980	0.02364
1944.16107	0.02374
1942.23234	0.02367
1940.30361	0.02333
1938.37488	0.02323
1936.44614	0.02335
1934.51741	0.02339
1932.58868	0.02336
1930.65995	0.02334
1928.73122	0.02334
1926.80249	0.02333
1924.87376	0.02347
1922.94503	0.02352
1921.01629	0.02339
1919.08756	0.02360
1917.15883	0.02364
1915.23010	0.02344
1913.30137	0.02363
1911.37264	0.02405
1909.44391	0.02431
1907.51518	0.02434
1905.58644	0.02440
1903.65771	0.02462
1901.72898	0.02487
1899.80025	0.02505
1897.87152	0.02528
1895.94279	0.02559
1894.01406	0.02574
1892.08533	0.02594
1890.15660	0.02626
1888.22786	0.02623
1886.29913	0.02616
1884.37040	0.02636
1882.44167	0.02649
1880.51294	0.02657
1878.58421	0.02666
1876.65548	0.02667
1874.72675	0.02656
1872.79801	0.02658
1870.86928	0.02703
1868.94055	0.02729
1867.01182	0.02671
1865.08309	0.02613
1863.15436	0.02605
1861.22563	0.02605
1859.29690	0.02587
1857.36816	0.02556
1855.43943	0.02520
1853.51070	0.02488
1851.58197	0.02468
1849.65324	0.02456
1847.72451	0.02460
1845.79578	0.02501
1843.86705	0.02506
1841.93831	0.02432
1840.00958	0.02400
1838.08085	0.02425
1836.15212	0.02432
1834.22339	0.02434
1832.29466	0.02478
1830.36593	0.02524
1828.43720	0.02504
1826.50846	0.02493
1824.57973	0.02512
1822.65100	0.02508
1820.72227	0.02516
1818.79354	0.02543
1816.86481	0.02560
1814.93608	0.02570
1813.00735	0.02601
1811.07862	0.02636
1809.14988	0.02642
1807.22115	0.02643
1805.29242	0.02662
1803.36369	0.02707
1801.43496	0.02755
1799.50623	0.02764
1797.57750	0.02751
1795.64877	0.02783
1793.72003	0.02865
1791.79130	0.02888
1789.86257	0.02825
1787.93384	0.02809
1786.00511	0.02862
1784.07638	0.02898
1782.14765	0.02913
1780.21892	0.02924
1778.29018	0.02918
1776.36145	0.02938
1774.43272	0.03010
1772.50399	0.03046
1770.57526	0.02976
1768.64653	0.02913
1766.71780	0.02901
1764.78907	0.02936
1762.86033	0.03009
1760.93160	0.03018
1759.00287	0.02997
1757.07414	0.03012
1755.14541	0.03016
1753.21668	0.03058
1751.28795	0.03135
1749.35922	0.03138
1747.43048	0.03102
1745.50175	0.03108
1743.57302	0.03154
1741.64429	0.03209
1739.71556	0.03221
1737.78683	0.03210
1735.85810	0.03320
1733.92937	0.03414
1732.00064	0.03328
1730.07190	0.03271
1728.14317	0.03304
1726.21444	0.03355
1724.28571	0.03396
1722.35698	0.03410
1720.42825	0.03482
1718.49952	0.03603
1716.57079	0.03590
1714.64205	0.03489
1712.71332	0.03445
1710.78459	0.03471
1708.85586	0.03532
1706.92713	0.03587
1704.99840	0.03579
1703.06967	0.03599
1701.14094	0.03704
1699.21220	0.03678
1697.28347	0.03610
1695.35474	0.03603
1693.42601	0.03557
1691.49728	0.03580
1689.56855	0.03644
1687.63982	0.03723
1685.71109	0.03899
1683.78235	0.03975
1681.85362	0.03859
1679.92489	0.03835
1677.99616	0.03967
1676.06743	0.04130
1674.13870	0.04191
1672.20997	0.04251
1670.28124	0.04393
1668.35250	0.04438
1666.42377	0.04429
1664.49504	0.04528
1662.56631	0.04625
1660.63758	0.04599
1658.70885	0.04560
1656.78012	0.04637
1654.85139	0.04814
1652.92266	0.04739
1650.99392	0.04358
1649.06519	0.04234
1647.13646	0.04293
1645.20773	0.04176
1643.27900	0.04007
1641.35027	0.03947
1639.42154	0.03944
1637.49281	0.03934
1635.56407	0.03751
1633.63534	0.03372
1631.70661	0.03117
1629.77788	0.03062
1627.84915	0.03012
1625.92042	0.02904
1623.99169	0.02764
1622.06296	0.02544
1620.13422	0.02355
1618.20549	0.02295
1616.27676	0.02151
1614.34803	0.01876
1612.41930	0.01705
1610.49057	0.01639
1608.56184	0.01546
1606.63311	0.01405
1604.70437	0.01258
1602.77564	0.01129
1600.84691	0.01023
1598.91818	0.00962
1596.98945	0.00960
1595.06072	0.01001
1593.13199	0.01057
1591.20326	0.01125
1589.27452	0.01201
1587.34579	0.01274
1585.41706	0.01344
1583.48833	0.01406
1581.55960	0.01462
1579.63087	0.01559
1577.70214	0.01736
1575.77341	0.01837
1573.84468	0.01804
1571.91594	0.01881
1569.98721	0.02056
1568.05848	0.02133
1566.12975	0.02195
1564.20102	0.02311
1562.27229	0.02520
1560.34356	0.02874
1558.41483	0.03036
1556.48609	0.02907
1554.55736	0.02889
1552.62863	0.02978
1550.69990	0.03060
1548.77117	0.03104
1546.84244	0.03156
1544.91371	0.03263
1542.98498	0.03393
1541.05624	0.03492
1539.12751	0.03389
1537.19878	0.03191
1535.27005	0.03209
1533.34132	0.03287
1531.41259	0.03213
1529.48386	0.03153
1527.55513	0.03162
1525.62639	0.03140
1523.69766	0.03125
1521.76893	0.03105
1519.84020	0.02969
1517.91147	0.02843
1515.98274	0.02757
1514.05401	0.02651
1512.12528	0.02580
1510.19654	0.02587
1508.26781	0.02654
1506.33908	0.02537
1504.41035	0.02205
1502.48162	0.02029
1500.55289	0.02055
1498.62416	0.02087
1496.69543	0.02004
1494.76670	0.01840
1492.83796	0.01769
1490.90923	0.01798
1488.98050	0.01745
1487.05177	0.01605
1485.12304	0.01501
1483.19431	0.01470
1481.26558	0.01466
1479.33685	0.01460
1477.40811	0.01488
1475.47938	0.01562
1473.55065	0.01654
1471.62192	0.01666
1469.69319	0.01611
1467.76446	0.01636
1465.83573	0.01677
1463.90700	0.01578
1461.97826	0.01430
1460.04953	0.01430
1458.12080	0.01473
1456.19207	0.01283
1454.26334	0.00979
1452.33461	0.00811
1450.40588	0.00727
1448.47715	0.00606
1446.54841	0.00408
1444.61968	0.00185
1442.69095	-0.00020
1440.76222	-0.00218
1438.83349	-0.00392
1436.90476	-0.00639
1434.97603	-0.01043
1433.04730	-0.01422
1431.11856	-0.01749
1429.18983	-0.02187
1427.26110	-0.02747
1425.33237	-0.03375
1423.40364	-0.04096
1421.47491	-0.04900
1419.54618	-0.05880
1417.61745	-0.07131
1415.68872	-0.08417
1413.75998	-0.09644
1411.83125	-0.10960
1409.90252	-0.12397
1407.97379	-0.13839
1406.04506	-0.15197
1404.11633	-0.16378
1402.18760	-0.17155
1400.25887	-0.17346
1398.33013	-0.16977
1396.40140	-0.16085
1394.47267	-0.14778
1392.54394	-0.13371
1390.61521	-0.12129
1388.68648	-0.11246
1386.75775	-0.10774
1384.82902	-0.10170
1382.90028	-0.08758
1380.97155	-0.06731
1379.04282	-0.04854
1377.11409	-0.03491
1375.18536	-0.02488
1373.25663	-0.01693
1371.32790	-0.01046
1369.39917	-0.00481
1367.47043	-0.00005
1365.54170	0.00391
1363.61297	0.00751
1361.68424	0.01039
1359.75551	0.01252
1357.82678	0.01443
1355.89805	0.01617
1353.96932	0.01770
1352.04058	0.01924
1350.11185	0.02087
1348.18312	0.02233
1346.25439	0.02340
1344.32566	0.02403
1342.39693	0.02454
1340.46820	0.02518
1338.53947	0.02571
1336.61074	0.02616
1334.68200	0.02679
1332.75327	0.02750
1330.82454	0.02784
1328.89581	0.02741
1326.96708	0.02687
1325.03835	0.02644
1323.10962	0.02617
1321.18089	0.02623
1319.25215	0.02664
1317.32342	0.02718
1315.39469	0.02789
1313.46596	0.02886
1311.53723	0.02993
1309.60850	0.03101
1307.67977	0.03201
1305.75104	0.03274
1303.82230	0.03317
1301.89357	0.03352
1299.96484	0.03400
1298.03611	0.03453
1296.10738	0.03492
1294.17865	0.03520
1292.24992	0.03549
1290.32119	0.03577
1288.39245	0.03596
1286.46372	0.03623
1284.53499	0.03681
1282.60626	0.03768
1280.67753	0.03863
1278.74880	0.03949
1276.82007	0.04028
1274.89134	0.04114
1272.96260	0.04209
1271.03387	0.04308
1269.10514	0.04426
1267.17641	0.04580
1265.24768	0.04767
1263.31895	0.04968
1261.39022	0.05178
1259.46149	0.05400
1257.53276	0.05647
1255.60402	0.05936
1253.67529	0.06267
1251.74656	0.06628
1249.81783	0.07004
1247.88910	0.07381
1245.96037	0.07748
1244.03164	0.08092
1242.10291	0.08414
1240.17417	0.08716
1238.24544	0.08988
1236.31671	0.09228
1234.38798	0.09446
1232.45925	0.09655
1230.53052	0.09864
1228.60179	0.10083
1226.67306	0.10311
1224.74432	0.10536
1222.81559	0.10758
1220.88686	0.10987
1218.95813	0.11240
1217.02940	0.11514
1215.10067	0.11795
1213.17194	0.12087
1211.24321	0.12401
1209.31447	0.12722
1207.38574	0.13041
1205.45701	0.13376
1203.52828	0.13732
1201.59955	0.14092
1199.67082	0.14454
1197.74209	0.14828
1195.81336	0.15200
1193.88462	0.15574
1191.95589	0.15986
1190.02716	0.16440
1188.09843	0.16905
1186.16970	0.17367
1184.24097	0.17833
1182.31224	0.18299
1180.38351	0.18750
1178.45478	0.19182
1176.52604	0.19594
1174.59731	0.19965
1172.66858	0.20308
1170.73985	0.20651
1168.81112	0.20979
1166.88239	0.21273
1164.95366	0.21526
1163.02493	0.21725
1161.09619	0.21871
1159.16746	0.21977
1157.23873	0.22064
1155.31000	0.22147
1153.38127	0.22233
1151.45254	0.22310
1149.52381	0.22366
1147.59508	0.22407
1145.66634	0.22445
1143.73761	0.22487
1141.80888	0.22517
1139.88015	0.22493
1137.95142	0.22423
1136.02269	0.22365
1134.09396	0.22373
1132.16523	0.22487
1130.23649	0.22692
1128.30776	0.22913
1126.37903	0.23089
1124.45030	0.23222
1122.52157	0.23368
1120.59284	0.23593
1118.66411	0.23901
1116.73538	0.24265
1114.80664	0.24651
1112.87791	0.25022
1110.94918	0.25376
1109.02045	0.25751
1107.09172	0.26150
1105.16299	0.26549
1103.23426	0.26923
1101.30553	0.27242
1099.37680	0.27520
1097.44806	0.27790
1095.51933	0.28034
1093.59060	0.28219
1091.66187	0.28385
1089.73314	0.28572
1087.80441	0.28727
1085.87568	0.28825
1083.94695	0.28913
1082.01821	0.29030
1080.08948	0.29176
1078.16075	0.29335
1076.23202	0.29520
1074.30329	0.29742
1072.37456	0.29969
1070.44583	0.30199
1068.51710	0.30460
1066.58836	0.30736
1064.65963	0.31008
1062.73090	0.31288
1060.80217	0.31569
1058.87344	0.31866
1056.94471	0.32178
1055.01598	0.32468
1053.08725	0.32752
1051.15851	0.33095
1049.22978	0.33483
1047.30105	0.33866
1045.37232	0.34261
1043.44359	0.34689
1041.51486	0.35128
1039.58613	0.35533
1037.65740	0.35888
1035.72866	0.36253
1033.79993	0.36664
1031.87120	0.37078
1029.94247	0.37464
1028.01374	0.37858
1026.08501	0.38278
1024.15628	0.38686
1022.22755	0.39074
1020.29882	0.39446
1018.37008	0.39821
1016.44135	0.40212
1014.51262	0.40557
1012.58389	0.40795
1010.65516	0.40963
1008.72643	0.41105
1006.79770	0.41178
1004.86897	0.41126
1002.94023	0.40951
1001.01150	0.40669
999.08277	0.40312
997.15404	0.39921
995.22531	0.39454
993.29658	0.38847
991.36785	0.38162
989.43912	0.37501
987.51038	0.36867
985.58165	0.36205
983.65292	0.35510
981.72419	0.34836
979.79546	0.34219
977.86673	0.33651
975.93800	0.33076
974.00927	0.32440
972.08053	0.31748
970.15180	0.31045
968.22307	0.30398
966.29434	0.29750
964.36561	0.29063
962.43688	0.28335
960.50815	0.27599
958.57942	0.26875
956.65068	0.26158
954.72195	0.25457
952.79322	0.24780
950.86449	0.24099
948.93576	0.23415
947.00703	0.22767
945.07830	0.22135
943.14957	0.21477
941.22084	0.20827
939.29210	0.20224
937.36337	0.19650
935.43464	0.19089
933.50591	0.18553
931.57718	0.18034
929.64845	0.17513
927.71972	0.17003
925.79099	0.16518
923.86225	0.16069
921.93352	0.15644
920.00479	0.15207
918.07606	0.14736
916.14733	0.14255
914.21860	0.13767
912.28987	0.13264
910.36114	0.12755
908.43240	0.12232
906.50367	0.11687
904.57494	0.11154
902.64621	0.10636
900.71748	0.10112
898.78875	0.09577
896.86002	0.09028
894.93129	0.08487
893.00255	0.07995
891.07382	0.07541
889.14509	0.07099
887.21636	0.06690
885.28763	0.06322
883.35890	0.05961
881.43017	0.05616
879.50144	0.05315
877.57270	0.05039
875.64397	0.04761
873.71524	0.04474
871.78651	0.04156
869.85778	0.03832
867.92905	0.03549
866.00032	0.03278
864.07159	0.02978
862.14286	0.02679
860.21412	0.02414
858.28539	0.02170
856.35666	0.01933
854.42793	0.01689
852.49920	0.01426
850.57047	0.01175
848.64174	0.00962
846.71301	0.00776
844.78427	0.00602
842.85554	0.00424
840.92681	0.00257
838.99808	0.00146
837.06935	0.00089
835.14062	0.00033
833.21189	-0.00033
831.28316	-0.00080
829.35442	-0.00096
827.42569	-0.00088
825.49696	-0.00066
823.56823	-0.00027
821.63950	0.00028
819.71077	0.00089
817.78204	0.00174
815.85331	0.00333
813.92457	0.00560
811.99584	0.00827
810.06711	0.01164
808.13838	0.01598
806.20965	0.02079
804.28092	0.02530
802.35219	0.02901
800.42346	0.03159
798.49472	0.03275
796.56599	0.03256
794.63726	0.03167
792.70853	0.03103
790.77980	0.03127
788.85107	0.03207
786.92234	0.03285
784.99361	0.03355
783.06488	0.03426
781.13614	0.03485
779.20741	0.03491
777.27868	0.03412
775.34995	0.03255
773.42122	0.03083
771.49249	0.02970
769.56376	0.02927
767.63503	0.02863
765.70629	0.02869
763.77756	0.02881
761.84883	0.02881
759.92010	0.02892
757.99137	0.02919
756.06264	0.02944
754.13391	0.02942
752.20518	0.02910
750.27644	0.02898
748.34771	0.02926
746.41898	0.02951
744.49025	0.02959
742.56152	0.02959
740.63279	0.02934
738.70406	0.02886
736.77533	0.02855
734.84659	0.02871
732.91786	0.02907
730.98913	0.02933
729.06040	0.02953
727.13167	0.02966
725.20294	0.02950
723.27421	0.02871
721.34548	0.02753
719.41674	0.02657
717.48801	0.02575
715.55928	0.02454
713.63055	0.02326
711.70182	0.02272
709.77309	0.02287
707.84436	0.02309
705.91563	0.02321
703.98690	0.02350
702.05816	0.02416
700.12943	0.02519
698.20070	0.02653
696.27197	0.02795
694.34324	0.02904
692.41451	0.02966
690.48578	0.03007
688.55705	0.03050
686.62831	0.03100
684.69958	0.03141
682.77085	0.03157
680.84212	0.03148
678.91339	0.03136
676.98466	0.03114
675.05593	0.03058
673.12720	0.02969
671.19846	0.02854
669.26973	0.02719
667.34100	0.02611
665.41227	0.02553
663.48354	0.02464
661.55481	0.02283
659.62608	0.02055
657.69735	0.01885
655.76861	0.01846
653.83988	0.01937
651.91115	0.02125
649.98242	0.02345
648.05369	0.02536
646.12496	0.02731
644.19623	0.03000
642.26750	0.03324
640.33876	0.03615
638.41003	0.03786
636.48130	0.03792
634.55257	0.03648
632.62384	0.03444
630.69511	0.03270
628.76638	0.03114
626.83765	0.02887
624.90892	0.02557
622.98018	0.02228
621.05145	0.01992
619.12272	0.01849
617.19399	0.01816
615.26526	0.01977
613.33653	0.02357
611.40780	0.02810
609.47907	0.03156
607.55033	0.03341
605.62160	0.03456
603.69287	0.03625
601.76414	0.03867
599.83541	0.04090
597.90668	0.04255
595.97795	0.04377
594.04922	0.04455
592.12048	0.04524
590.19175	0.04599
588.26302	0.04649
586.33429	0.04667
584.40556	0.04654
582.47683	0.04591
580.54810	0.04442
578.61937	0.04205
576.69063	0.03934
574.76190	0.03664
572.83317	0.03438
570.90444	0.03213
568.97571	0.02750
567.04698	0.02344
565.11825	0.02039
563.18952	0.01778
561.26078	0.01561
559.33205	0.01362
557.40332	0.01145
555.47459	0.00972
553.54586	0.00922
551.61713	0.00986
549.68840	0.01135
547.75967	0.01340
545.83094	0.01562
543.90220	0.01806
541.97347	0.02032
540.04474	0.02084
538.11601	0.01878
536.18728	0.01507
534.25855	0.01104
532.32982	0.00759
530.40109	0.00519
528.47235	0.00356
526.54362	0.00128
524.61489	-0.00234
522.68616	-0.00559
520.75743	-0.00742
518.82870	-0.00893
516.89997	-0.01116
514.97124	-0.01349
513.04250	-0.01495
511.11377	-0.01595
509.18504	-0.01663
507.25631	-0.01684
505.32758	-0.01691
503.39885	-0.01573
501.47012	-0.01239
499.54139	-0.00776
497.61265	-0.00339
495.68392	-0.00070
493.75519	0.00097
491.82646	0.00368
489.89773	0.00795
487.96900	0.01327
486.04027	0.01853
484.11154	0.02271
482.18280	0.02639
480.25407	0.02955
478.32534	0.03209
476.39661	0.03542
474.46788	0.03944
472.53915	0.04240
470.61042	0.04424
468.68169	0.04570
466.75296	0.04589
464.82422	0.04386
462.89549	0.03945
460.96676	0.03376
459.03803	0.03069
457.10930	0.02978
455.18057	0.03263
453.25184	0.03693
451.32311	0.03908
449.39437	0.04073
447.46564	0.04400
445.53691	0.04757
443.60818	0.04832
441.67945	0.04531
439.75072	0.04339
437.82199	0.04454
435.89326	0.04322
433.96452	0.03727
432.03579	0.03131
430.10706	0.02893
428.17833	0.02916
426.24960	0.02822
424.32087	0.02345
422.39214	0.01692
420.46341	0.01402
418.53467	0.01578
416.60594	0.01743
414.67721	0.01574
412.74848	0.01067
410.81975	0.00729
408.89102	0.01469
406.96229	0.02551
405.03356	0.02836
403.10482	0.02829
401.17609	0.02938
399.24736	0.03030
397.31863	0.02751
395.38990	0.02241
393.46117	0.01759
391.53244	0.00998
389.60371	0.00032
387.67498	-0.00414
385.74624	-0.00074
383.81751	0.00225
381.88878	-0.00335
379.96005	-0.01144
378.03132	-0.01470
376.10259	-0.01784
374.17386	-0.02594
372.24513	-0.03047
370.31639	-0.02122
368.38766	-0.00108
