7496.97825	0.00220
7495.04952	-0.00067
7493.12079	-0.00173
7491.19206	-0.00026
7489.26333	0.00221
7487.33459	0.00523
7485.40586	0.00882
7483.47713	0.01004
7481.54840	0.00763
7479.61967	0.00498
7477.69094	0.00302
7475.76221	0.00032
7473.83348	-0.00177
7471.90474	-0.00171
7469.97601	-0.00074
7468.04728	-0.00041
7466.11855	0.00057
7464.18982	0.00385
7462.26109	0.00644
7460.33236	0.00498
7458.40363	0.00208
7456.47489	0.00200
7454.54616	0.00337
7452.61743	0.00250
7450.68870	0.00096
7448.75997	0.00162
7446.83124	0.00230
7444.90251	0.00024
7442.97378	-0.00327
7441.04504	-0.00528
7439.11631	-0.00501
7437.18758	-0.00330
7435.25885	-0.00059
7433.33012	0.00208
7431.40139	0.00312
7429.47266	0.00168
7427.54393	0.00009
7425.61520	0.00199
7423.68646	0.00516
7421.75773	0.00598
7419.82900	0.00499
7417.90027	0.00221
7415.97154	-0.00103
7414.04281	-0.00065
7412.11408	0.00318
7410.18535	0.00629
7408.25661	0.00673
7406.32788	0.00602
7404.39915	0.00612
7402.47042	0.00737
7400.54169	0.00921
7398.61296	0.01067
7396.68423	0.00995
7394.75550	0.00607
7392.82676	0.00200
7390.89803	0.00191
7388.96930	0.00434
7387.04057	0.00534
7385.11184	0.00612
7383.18311	0.00828
7381.25438	0.00807
7379.32565	0.00452
7377.39691	0.00299
7375.46818	0.00527
7373.53945	0.00729
7371.61072	0.00664
7369.68199	0.00538
7367.75326	0.00550
7365.82453	0.00651
7363.89580	0.00771
7361.96706	0.00839
7360.03833	0.00825
7358.10960	0.00824
7356.18087	0.00835
7354.25214	0.00864
7352.32341	0.00998
7350.39468	0.01133
7348.46595	0.01257
7346.53722	0.01452
7344.60848	0.01499
7342.67975	0.01310
7340.75102	0.01192
7338.82229	0.01378
7336.89356	0.01689
7334.96483	0.01688
7333.03610	0.01233
7331.10737	0.00699
7329.17863	0.00544
7327.24990	0.00794
7325.32117	0.01076
7323.39244	0.01137
7321.46371	0.01002
7319.53498	0.00744
7317.60625	0.00464
7315.67752	0.00315
7313.74878	0.00388
7311.82005	0.00631
7309.89132	0.00863
7307.96259	0.00954
7306.03386	0.00922
7304.10513	0.00835
7302.17640	0.00814
7300.24767	0.00889
7298.31893	0.00865
7296.39020	0.00716
7294.46147	0.00649
7292.53274	0.00744
7290.60401	0.00940
7288.67528	0.01115
7286.74655	0.01192
7284.81782	0.01235
7282.88908	0.01262
7280.96035	0.01223
7279.03162	0.01208
7277.10289	0.01296
7275.17416	0.01469
7273.24543	0.01558
7271.31670	0.01252
7269.38797	0.00746
7267.45924	0.00594
7265.53050	0.00816
7263.60177	0.01118
7261.67304	0.01393
7259.74431	0.01555
7257.81558	0.01580
7255.88685	0.01537
7253.95812	0.01385
7252.02939	0.01143
7250.10065	0.00963
7248.17192	0.00800
7246.24319	0.00730
7244.31446	0.01077
7242.38573	0.01514
7240.45700	0.01403
7238.52827	0.01092
7236.59954	0.01164
7234.67080	0.01440
7232.74207	0.01462
7230.81334	0.01207
7228.88461	0.01156
7226.95588	0.01469
7225.02715	0.01754
7223.09842	0.01861
7221.16969	0.01875
7219.24095	0.01724
7217.31222	0.01486
7215.38349	0.01345
7213.45476	0.01285
7211.52603	0.01206
7209.59730	0.01071
7207.66857	0.00966
7205.73984	0.01064
7203.81110	0.01337
7201.88237	0.01507
7199.95364	0.01410
7198.02491	0.01138
7196.09618	0.00894
7194.16745	0.00869
7192.23872	0.01077
7190.30999	0.01269
7188.38126	0.01244
7186.45252	0.01148
7184.52379	0.01291
7182.59506	0.01678
7180.66633	0.01879
7178.73760	0.01650
7176.80887	0.01292
7174.88014	0.01098
7172.95141	0.01125
7171.02267	0.01299
7169.09394	0.01513
7167.16521	0.01719
7165.23648	0.01760
7163.30775	0.01531
7161.37902	0.01303
7159.45029	0.01309
7157.52156	0.01385
7155.59282	0.01303
7153.66409	0.01165
7151.73536	0.01178
7149.80663	0.01169
7147.87790	0.00950
7145.94917	0.00747
7144.02044	0.00810
7142.09171	0.01084
7140.16297	0.01328
7138.23424	0.01364
7136.30551	0.01218
7134.37678	0.01059
7132.44805	0.01034
7130.51932	0.01130
7128.59059	0.01227
7126.66186	0.01152
7124.73312	0.00951
7122.80439	0.00943
7120.87566	0.01062
7118.94693	0.01023
7117.01820	0.01059
7115.08947	0.01382
7113.16074	0.01635
7111.23201	0.01557
7109.30328	0.01346
7107.37454	0.01155
7105.44581	0.00949
7103.51708	0.00866
7101.58835	0.00988
7099.65962	0.01139
7097.73089	0.01288
7095.80216	0.01464
7093.87343	0.01493
7091.94469	0.01399
7090.01596	0.01400
7088.08723	0.01432
7086.15850	0.01346
7084.22977	0.01256
7082.30104	0.01268
7080.37231	0.01356
7078.44358	0.01595
7076.51484	0.01909
7074.58611	0.01903
7072.65738	0.01482
7070.72865	0.01083
7068.79992	0.01005
7066.87119	0.01132
7064.94246	0.01308
7063.01373	0.01453
7061.08499	0.01497
7059.15626	0.01469
7057.22753	0.01465
7055.29880	0.01485
7053.37007	0.01478
7051.44134	0.01470
7049.51261	0.01421
7047.58388	0.01189
7045.65514	0.00904
7043.72641	0.00784
7041.79768	0.00791
7039.86895	0.00889
7037.94022	0.01040
7036.01149	0.01142
7034.08276	0.01224
7032.15403	0.01318
7030.22530	0.01384
7028.29656	0.01347
7026.36783	0.01138
7024.43910	0.00969
7022.51037	0.01128
7020.58164	0.01413
7018.65291	0.01481
7016.72418	0.01447
7014.79545	0.01506
7012.86671	0.01535
7010.93798	0.01412
7009.00925	0.01194
7007.08052	0.01008
7005.15179	0.00926
7003.22306	0.00830
7001.29433	0.00745
6999.36560	0.00891
6997.43686	0.01160
6995.50813	0.01260
6993.57940	0.01177
6991.65067	0.01121
6989.72194	0.01189
6987.79321	0.01243
6985.86448	0.01241
6983.93575	0.01277
6982.00701	0.01304
6980.07828	0.01286
6978.14955	0.01285
6976.22082	0.01252
6974.29209	0.01116
6972.36336	0.00930
6970.43463	0.00796
6968.50590	0.00830
6966.57716	0.01025
6964.64843	0.01226
6962.71970	0.01339
6960.79097	0.01297
6958.86224	0.01125
6956.93351	0.01076
6955.00478	0.01187
6953.07605	0.01214
6951.14732	0.01181
6949.21858	0.01188
6947.28985	0.01122
6945.36112	0.01025
6943.43239	0.01026
6941.50366	0.01119
6939.57493	0.01292
6937.64620	0.01454
6935.71747	0.01508
6933.78873	0.01479
6931.86000	0.01390
6929.93127	0.01343
6928.00254	0.01432
6926.07381	0.01527
6924.14508	0.01450
6922.21635	0.01263
6920.28762	0.01155
6918.35888	0.01143
6916.43015	0.01151
6914.50142	0.01179
6912.57269	0.01195
6910.64396	0.01139
6908.71523	0.01096
6906.78650	0.01135
6904.85777	0.01180
6902.92903	0.01227
6901.00030	0.01374
6899.07157	0.01562
6897.14284	0.01559
6895.21411	0.01355
6893.28538	0.01224
6891.35665	0.01259
6889.42792	0.01331
6887.49918	0.01364
6885.57045	0.01344
6883.64172	0.01291
6881.71299	0.01303
6879.78426	0.01405
6877.85553	0.01357
6875.92680	0.01112
6873.99807	0.01058
6872.06934	0.01272
6870.14060	0.01387
6868.21187	0.01326
6866.28314	0.01272
6864.35441	0.01249
6862.42568	0.01296
6860.49695	0.01400
6858.56822	0.01394
6856.63949	0.01306
6854.71075	0.01269
6852.78202	0.01260
6850.85329	0.01254
6848.92456	0.01264
6846.99583	0.01298
6845.06710	0.01355
6843.13837	0.01327
6841.20964	0.01169
6839.28090	0.01050
6837.35217	0.01106
6835.42344	0.01296
6833.49471	0.01414
6831.56598	0.01363
6829.63725	0.01418
6827.70852	0.01623
6825.77979	0.01679
6823.85105	0.01579
6821.92232	0.01479
6819.99359	0.01341
6818.06486	0.01131
6816.13613	0.01016
6814.20740	0.01115
6812.27867	0.01289
6810.34994	0.01395
6808.42120	0.01436
6806.49247	0.01418
6804.56374	0.01339
6802.63501	0.01274
6800.70628	0.01294
6798.77755	0.01387
6796.84882	0.01457
6794.92009	0.01466
6792.99136	0.01497
6791.06262	0.01472
6789.13389	0.01289
6787.20516	0.01124
6785.27643	0.01122
6783.34770	0.01266
6781.41897	0.01427
6779.49024	0.01432
6777.56151	0.01262
6775.63277	0.01049
6773.70404	0.00983
6771.77531	0.01108
6769.84658	0.01283
6767.91785	0.01359
6765.98912	0.01211
6764.06039	0.01011
6762.13166	0.01061
6760.20292	0.01191
6758.27419	0.01184
6756.34546	0.01184
6754.41673	0.01226
6752.48800	0.01255
6750.55927	0.01263
6748.63054	0.01203
6746.70181	0.01126
6744.77307	0.01125
6742.84434	0.01204
6740.91561	0.01254
6738.98688	0.01224
6737.05815	0.01279
6735.12942	0.01443
6733.20069	0.01534
6731.27196	0.01435
6729.34322	0.01216
6727.41449	0.01078
6725.48576	0.01077
6723.55703	0.01128
6721.62830	0.01171
6719.69957	0.01176
6717.77084	0.01157
6715.84211	0.01147
6713.91338	0.01146
6711.98464	0.01118
6710.05591	0.01079
6708.12718	0.01104
6706.19845	0.01218
6704.26972	0.01368
6702.34099	0.01429
6700.41226	0.01277
6698.48353	0.01058
6696.55479	0.01041
6694.62606	0.01141
6692.69733	0.01182
6690.76860	0.01230
6688.83987	0.01313
6686.91114	0.01320
6684.98241	0.01247
6683.05368	0.01161
6681.12494	0.01013
6679.19621	0.00866
6677.26748	0.00920
6675.33875	0.01114
6673.41002	0.01241
6671.48129	0.01268
6669.55256	0.01256
6667.62383	0.01234
6665.69509	0.01223
6663.76636	0.01239
6661.83763	0.01226
6659.90890	0.01125
6657.98017	0.01078
6656.05144	0.01211
6654.12271	0.01342
6652.19398	0.01308
6650.26524	0.01207
6648.33651	0.01195
6646.40778	0.01275
6644.47905	0.01278
6642.55032	0.01212
6640.62159	0.01232
6638.69286	0.01298
6636.76413	0.01306
6634.83540	0.01246
6632.90666	0.01158
6630.97793	0.01133
6629.04920	0.01221
6627.12047	0.01323
6625.19174	0.01336
6623.26301	0.01306
6621.33428	0.01326
6619.40555	0.01336
6617.47681	0.01243
6615.54808	0.01173
6613.61935	0.01242
6611.69062	0.01351
6609.76189	0.01401
6607.83316	0.01344
6605.90443	0.01310
6603.97570	0.01497
6602.04696	0.01678
6600.11823	0.01535
6598.18950	0.01272
6596.26077	0.01172
6594.33204	0.01171
6592.40331	0.01181
6590.47458	0.01220
6588.54585	0.01238
6586.61711	0.01244
6584.68838	0.01335
6582.75965	0.01458
6580.83092	0.01521
6578.90219	0.01511
6576.97346	0.01421
6575.04473	0.01286
6573.11600	0.01165
6571.18726	0.01147
6569.25853	0.01292
6567.32980	0.01454
6565.40107	0.01421
6563.47234	0.01228
6561.54361	0.01062
6559.61488	0.00987
6557.68615	0.01026
6555.75742	0.01189
6553.82868	0.01337
6551.89995	0.01356
6549.97122	0.01335
6548.04249	0.01382
6546.11376	0.01453
6544.18503	0.01514
6542.25630	0.01562
6540.32757	0.01490
6538.39883	0.01320
6536.47010	0.01211
6534.54137	0.01165
6532.61264	0.01157
6530.68391	0.01248
6528.75518	0.01407
6526.82645	0.01506
6524.89772	0.01495
6522.96898	0.01450
6521.04025	0.01435
6519.11152	0.01404
6517.18279	0.01335
6515.25406	0.01319
6513.32533	0.01372
6511.39660	0.01387
6509.46787	0.01368
6507.53913	0.01450
6505.61040	0.01607
6503.68167	0.01648
6501.75294	0.01534
6499.82421	0.01426
6497.89548	0.01409
6495.96675	0.01408
6494.03802	0.01400
6492.10928	0.01432
6490.18055	0.01464
6488.25182	0.01437
6486.32309	0.01391
6484.39436	0.01415
6482.46563	0.01489
6480.53690	0.01521
6478.60817	0.01503
6476.67944	0.01457
6474.75070	0.01427
6472.82197	0.01477
6470.89324	0.01564
6468.96451	0.01568
6467.03578	0.01507
6465.10705	0.01475
6463.17832	0.01433
6461.24959	0.01369
6459.32085	0.01323
6457.39212	0.01291
6455.46339	0.01332
6453.53466	0.01443
6451.60593	0.01508
6449.67720	0.01526
6447.74847	0.01513
6445.81974	0.01435
6443.89100	0.01328
6441.96227	0.01256
6440.03354	0.01274
6438.10481	0.01341
6436.17608	0.01339
6434.24735	0.01272
6432.31862	0.01264
6430.38989	0.01368
6428.46115	0.01531
6426.53242	0.01654
6424.60369	0.01656
6422.67496	0.01547
6420.74623	0.01426
6418.81750	0.01418
6416.88877	0.01546
6414.96004	0.01604
6413.03130	0.01504
6411.10257	0.01470
6409.17384	0.01546
6407.24511	0.01564
6405.31638	0.01481
6403.38765	0.01363
6401.45892	0.01312
6399.53019	0.01381
6397.60146	0.01500
6395.67272	0.01573
6393.74399	0.01574
6391.81526	0.01582
6389.88653	0.01632
6387.95780	0.01634
6386.02907	0.01570
6384.10034	0.01516
6382.17161	0.01467
6380.24287	0.01392
6378.31414	0.01329
6376.38541	0.01309
6374.45668	0.01326
6372.52795	0.01390
6370.59922	0.01484
6368.67049	0.01521
6366.74176	0.01460
6364.81302	0.01378
6362.88429	0.01397
6360.95556	0.01533
6359.02683	0.01595
6357.09810	0.01471
6355.16937	0.01328
6353.24064	0.01308
6351.31191	0.01362
6349.38317	0.01422
6347.45444	0.01449
6345.52571	0.01420
6343.59698	0.01378
6341.66825	0.01380
6339.73952	0.01434
6337.81079	0.01475
6335.88206	0.01464
6333.95332	0.01479
6332.02459	0.01538
6330.09586	0.01546
6328.16713	0.01531
6326.23840	0.01554
6324.30967	0.01569
6322.38094	0.01553
6320.45221	0.01518
6318.52348	0.01415
6316.59474	0.01282
6314.66601	0.01265
6312.73728	0.01352
6310.80855	0.01419
6308.87982	0.01447
6306.95109	0.01476
6305.02236	0.01514
6303.09363	0.01503
6301.16489	0.01469
6299.23616	0.01491
6297.30743	0.01500
6295.37870	0.01450
6293.44997	0.01415
6291.52124	0.01435
6289.59251	0.01467
6287.66378	0.01457
6285.73504	0.01458
6283.80631	0.01530
6281.87758	0.01595
6279.94885	0.01614
6278.02012	0.01643
6276.09139	0.01663
6274.16266	0.01616
6272.23393	0.01561
6270.30519	0.01560
6268.37646	0.01547
6266.44773	0.01484
6264.51900	0.01451
6262.59027	0.01499
6260.66154	0.01532
6258.73281	0.01463
6256.80408	0.01411
6254.87534	0.01489
6252.94661	0.01525
6251.01788	0.01415
6249.08915	0.01335
6247.16042	0.01338
6245.23169	0.01338
6243.30296	0.01380
6241.37423	0.01466
6239.44550	0.01478
6237.51676	0.01422
6235.58803	0.01434
6233.65930	0.01507
6231.73057	0.01475
6229.80184	0.01376
6227.87311	0.01408
6225.94438	0.01513
6224.01565	0.01547
6222.08691	0.01530
6220.15818	0.01482
6218.22945	0.01431
6216.30072	0.01402
6214.37199	0.01360
6212.44326	0.01338
6210.51453	0.01402
6208.58580	0.01486
6206.65706	0.01524
6204.72833	0.01564
6202.79960	0.01607
6200.87087	0.01599
6198.94214	0.01529
6197.01341	0.01426
6195.08468	0.01375
6193.15595	0.01434
6191.22721	0.01524
6189.29848	0.01544
6187.36975	0.01502
6185.44102	0.01441
6183.51229	0.01390
6181.58356	0.01387
6179.65483	0.01424
6177.72610	0.01470
6175.79736	0.01531
6173.86863	0.01574
6171.93990	0.01519
6170.01117	0.01396
6168.08244	0.01319
6166.15371	0.01316
6164.22498	0.01388
6162.29625	0.01515
6160.36752	0.01564
6158.43878	0.01505
6156.51005	0.01487
6154.58132	0.01546
6152.65259	0.01561
6150.72386	0.01510
6148.79513	0.01483
6146.86640	0.01516
6144.93767	0.01540
6143.00893	0.01483
6141.08020	0.01418
6139.15147	0.01448
6137.22274	0.01481
6135.29401	0.01435
6133.36528	0.01370
6131.43655	0.01323
6129.50782	0.01316
6127.57908	0.01382
6125.65035	0.01444
6123.72162	0.01389
6121.79289	0.01288
6119.86416	0.01308
6117.93543	0.01437
6116.00670	0.01515
6114.07797	0.01465
6112.14923	0.01411
6110.22050	0.01463
6108.29177	0.01533
6106.36304	0.01520
6104.43431	0.01458
6102.50558	0.01411
6100.57685	0.01364
6098.64812	0.01324
6096.71938	0.01348
6094.79065	0.01394
6092.86192	0.01420
6090.93319	0.01447
6089.00446	0.01464
6087.07573	0.01433
6085.14700	0.01327
6083.21827	0.01192
6081.28954	0.01145
6079.36080	0.01223
6077.43207	0.01317
6075.50334	0.01351
6073.57461	0.01395
6071.64588	0.01452
6069.71715	0.01463
6067.78842	0.01464
6065.85969	0.01460
6063.93095	0.01439
6062.00222	0.01441
6060.07349	0.01457
6058.14476	0.01480
6056.21603	0.01502
6054.28730	0.01462
6052.35857	0.01376
6050.42984	0.01336
6048.50110	0.01377
6046.57237	0.01454
6044.64364	0.01499
6042.71491	0.01505
6040.78618	0.01534
6038.85745	0.01589
6036.92872	0.01593
6034.99999	0.01558
6033.07125	0.01540
6031.14252	0.01524
6029.21379	0.01514
6027.28506	0.01521
6025.35633	0.01495
6023.42760	0.01439
6021.49887	0.01404
6019.57014	0.01394
6017.64140	0.01394
6015.71267	0.01409
6013.78394	0.01423
6011.85521	0.01440
6009.92648	0.01476
6007.99775	0.01501
6006.06902	0.01488
6004.14029	0.01442
6002.21156	0.01391
6000.28282	0.01390
5998.35409	0.01451
5996.42536	0.01533
5994.49663	0.01582
5992.56790	0.01568
5990.63917	0.01531
5988.71044	0.01535
5986.78171	0.01559
5984.85297	0.01568
5982.92424	0.01572
5980.99551	0.01561
5979.06678	0.01546
5977.13805	0.01544
5975.20932	0.01535
5973.28059	0.01505
5971.35186	0.01454
5969.42312	0.01386
5967.49439	0.01343
5965.56566	0.01368
5963.63693	0.01424
5961.70820	0.01449
5959.77947	0.01469
5957.85074	0.01486
5955.92201	0.01440
5953.99327	0.01414
5952.06454	0.01499
5950.13581	0.01573
5948.20708	0.01586
5946.27835	0.01616
5944.34962	0.01603
5942.42089	0.01497
5940.49216	0.01420
5938.56342	0.01446
5936.63469	0.01487
5934.70596	0.01461
5932.77723	0.01395
5930.84850	0.01370
5928.91977	0.01408
5926.99104	0.01452
5925.06231	0.01451
5923.13358	0.01417
5921.20484	0.01399
5919.27611	0.01444
5917.34738	0.01528
5915.41865	0.01584
5913.48992	0.01560
5911.56119	0.01471
5909.63246	0.01434
5907.70373	0.01477
5905.77499	0.01503
5903.84626	0.01487
5901.91753	0.01488
5899.98880	0.01529
5898.06007	0.01575
5896.13134	0.01566
5894.20261	0.01521
5892.27388	0.01513
5890.34514	0.01513
5888.41641	0.01481
5886.48768	0.01476
5884.55895	0.01499
5882.63022	0.01516
5880.70149	0.01552
5878.77276	0.01577
5876.84403	0.01530
5874.91529	0.01452
5872.98656	0.01406
5871.05783	0.01386
5869.12910	0.01391
5867.20037	0.01443
5865.27164	0.01490
5863.34291	0.01468
5861.41418	0.01403
5859.48544	0.01351
5857.55671	0.01338
5855.62798	0.01367
5853.69925	0.01421
5851.77052	0.01468
5849.84179	0.01501
5847.91306	0.01537
5845.98433	0.01556
5844.05560	0.01546
5842.12686	0.01514
5840.19813	0.01483
5838.26940	0.01495
5836.34067	0.01552
5834.41194	0.01609
5832.48321	0.01594
5830.55448	0.01496
5828.62575	0.01405
5826.69701	0.01390
5824.76828	0.01411
5822.83955	0.01411
5820.91082	0.01439
5818.98209	0.01528
5817.05336	0.01565
5815.12463	0.01494
5813.19590	0.01425
5811.26716	0.01437
5809.33843	0.01490
5807.40970	0.01495
5805.48097	0.01450
5803.55224	0.01430
5801.62351	0.01459
5799.69478	0.01526
5797.76605	0.01590
5795.83731	0.01584
5793.90858	0.01516
5791.97985	0.01475
5790.05112	0.01477
5788.12239	0.01467
5786.19366	0.01436
5784.26493	0.01408
5782.33620	0.01428
5780.40746	0.01503
5778.47873	0.01547
5776.55000	0.01488
5774.62127	0.01391
5772.69254	0.01397
5770.76381	0.01514
5768.83508	0.01569
5766.90635	0.01477
5764.97762	0.01377
5763.04888	0.01381
5761.12015	0.01442
5759.19142	0.01479
5757.26269	0.01460
5755.33396	0.01420
5753.40523	0.01435
5751.47650	0.01497
5749.54777	0.01515
5747.61903	0.01492
5745.69030	0.01503
5743.76157	0.01516
5741.83284	0.01502
5739.90411	0.01524
5737.97538	0.01576
5736.04665	0.01578
5734.11792	0.01515
5732.18918	0.01464
5730.26045	0.01478
5728.33172	0.01525
5726.40299	0.01561
5724.47426	0.01552
5722.54553	0.01519
5720.61680	0.01524
5718.68807	0.01542
5716.75933	0.01517
5714.83060	0.01480
5712.90187	0.01460
5710.97314	0.01440
5709.04441	0.01417
5707.11568	0.01391
5705.18695	0.01384
5703.25822	0.01410
5701.32948	0.01439
5699.40075	0.01458
5697.47202	0.01470
5695.54329	0.01449
5693.61456	0.01416
5691.68583	0.01431
5689.75710	0.01479
5687.82837	0.01488
5685.89964	0.01437
5683.97090	0.01396
5682.04217	0.01437
5680.11344	0.01507
5678.18471	0.01523
5676.25598	0.01503
5674.32725	0.01489
5672.39852	0.01488
5670.46979	0.01498
5668.54105	0.01517
5666.61232	0.01544
5664.68359	0.01561
5662.75486	0.01517
5660.82613	0.01449
5658.89740	0.01428
5656.96867	0.01453
5655.03994	0.01488
5653.11120	0.01489
5651.18247	0.01443
5649.25374	0.01400
5647.32501	0.01397
5645.39628	0.01428
5643.46755	0.01473
5641.53882	0.01518
5639.61009	0.01536
5637.68135	0.01510
5635.75262	0.01483
5633.82389	0.01498
5631.89516	0.01526
5629.96643	0.01534
5628.03770	0.01527
5626.10897	0.01527
5624.18024	0.01539
5622.25150	0.01548
5620.32277	0.01548
5618.39404	0.01547
5616.46531	0.01551
5614.53658	0.01555
5612.60785	0.01546
5610.67912	0.01544
5608.75039	0.01549
5606.82166	0.01536
5604.89292	0.01528
5602.96419	0.01538
5601.03546	0.01534
5599.10673	0.01530
5597.17800	0.01564
5595.24927	0.01610
5593.32054	0.01598
5591.39181	0.01526
5589.46307	0.01479
5587.53434	0.01503
5585.60561	0.01553
5583.67688	0.01583
5581.74815	0.01574
5579.81942	0.01552
5577.89069	0.01548
5575.96196	0.01539
5574.03322	0.01507
5572.10449	0.01481
5570.17576	0.01466
5568.24703	0.01466
5566.31830	0.01496
5564.38957	0.01517
5562.46084	0.01495
5560.53211	0.01477
5558.60337	0.01490
5556.67464	0.01482
5554.74591	0.01467
5552.81718	0.01493
5550.88845	0.01514
5548.95972	0.01507
5547.03099	0.01535
5545.10226	0.01584
5543.17352	0.01563
5541.24479	0.01496
5539.31606	0.01479
5537.38733	0.01507
5535.45860	0.01514
5533.52987	0.01474
5531.60114	0.01418
5529.67241	0.01411
5527.74368	0.01453
5525.81494	0.01494
5523.88621	0.01530
5521.95748	0.01566
5520.02875	0.01574
5518.10002	0.01552
5516.17129	0.01524
5514.24256	0.01511
5512.31383	0.01510
5510.38509	0.01511
5508.45636	0.01515
5506.52763	0.01515
5504.59890	0.01507
5502.67017	0.01503
5500.74144	0.01499
5498.81271	0.01473
5496.88398	0.01441
5494.95524	0.01445
5493.02651	0.01490
5491.09778	0.01533
5489.16905	0.01560
5487.24032	0.01580
5485.31159	0.01573
5483.38286	0.01538
5481.45413	0.01513
5479.52539	0.01523
5477.59666	0.01556
5475.66793	0.01591
5473.73920	0.01598
5471.81047	0.01568
5469.88174	0.01531
5467.95301	0.01513
5466.02428	0.01509
5464.09554	0.01505
5462.16681	0.01500
5460.23808	0.01496
5458.30935	0.01492
5456.38062	0.01486
5454.45189	0.01479
5452.52316	0.01476
5450.59443	0.01503
5448.66570	0.01578
5446.73696	0.01636
5444.80823	0.01605
5442.87950	0.01522
5440.95077	0.01463
5439.02204	0.01457
5437.09331	0.01486
5435.16458	0.01511
5433.23585	0.01503
5431.30711	0.01487
5429.37838	0.01495
5427.44965	0.01518
5425.52092	0.01543
5423.59219	0.01563
5421.66346	0.01574
5419.73473	0.01577
5417.80600	0.01570
5415.87726	0.01547
5413.94853	0.01520
5412.01980	0.01511
5410.09107	0.01516
5408.16234	0.01524
5406.23361	0.01548
5404.30488	0.01573
5402.37615	0.01571
5400.44741	0.01557
5398.51868	0.01562
5396.58995	0.01578
5394.66122	0.01582
5392.73249	0.01576
5390.80376	0.01577
5388.87503	0.01577
5386.94630	0.01553
5385.01756	0.01519
5383.08883	0.01511
5381.16010	0.01530
5379.23137	0.01562
5377.30264	0.01593
5375.37391	0.01605
5373.44518	0.01583
5371.51645	0.01554
5369.58772	0.01549
5367.65898	0.01558
5365.73025	0.01566
5363.80152	0.01562
5361.87279	0.01534
5359.94406	0.01505
5358.01533	0.01505
5356.08660	0.01519
5354.15787	0.01527
5352.22913	0.01533
5350.30040	0.01555
5348.37167	0.01584
5346.44294	0.01609
5344.51421	0.01624
5342.58548	0.01621
5340.65675	0.01610
5338.72802	0.01595
5336.79928	0.01565
5334.87055	0.01537
5332.94182	0.01539
5331.01309	0.01558
5329.08436	0.01570
5327.15563	0.01563
5325.22690	0.01537
5323.29817	0.01520
5321.36943	0.01533
5319.44070	0.01558
5317.51197	0.01575
5315.58324	0.01580
5313.65451	0.01581
5311.72578	0.01591
5309.79705	0.01612
5307.86832	0.01634
5305.93958	0.01656
5304.01085	0.01669
5302.08212	0.01652
5300.15339	0.01622
5298.22466	0.01606
5296.29593	0.01604
5294.36720	0.01607
5292.43847	0.01615
5290.50974	0.01617
5288.58100	0.01623
5286.65227	0.01648
5284.72354	0.01669
5282.79481	0.01679
5280.86608	0.01687
5278.93735	0.01673
5277.00862	0.01637
5275.07989	0.01627
5273.15115	0.01671
5271.22242	0.01735
5269.29369	0.01779
5267.36496	0.01800
5265.43623	0.01803
5263.50750	0.01776
5261.57877	0.01738
5259.65004	0.01723
5257.72130	0.01742
5255.79257	0.01770
5253.86384	0.01758
5251.93511	0.01706
5250.00638	0.01689
5248.07765	0.01740
5246.14892	0.01810
5244.22019	0.01848
5242.29145	0.01848
5240.36272	0.01824
5238.43399	0.01787
5236.50526	0.01762
5234.57653	0.01765
5232.64780	0.01758
5230.71907	0.01713
5228.79034	0.01685
5226.86160	0.01716
5224.93287	0.01741
5223.00414	0.01722
5221.07541	0.01715
5219.14668	0.01729
5217.21795	0.01714
5215.28922	0.01698
5213.36049	0.01726
5211.43176	0.01759
5209.50302	0.01765
5207.57429	0.01764
5205.64556	0.01757
5203.71683	0.01735
5201.78810	0.01720
5199.85937	0.01728
5197.93064	0.01747
5196.00191	0.01761
5194.07317	0.01762
5192.14444	0.01755
5190.21571	0.01746
5188.28698	0.01748
5186.35825	0.01762
5184.42952	0.01760
5182.50079	0.01725
5180.57206	0.01683
5178.64332	0.01658
5176.71459	0.01654
5174.78586	0.01668
5172.85713	0.01698
5170.92840	0.01717
5168.99967	0.01704
5167.07094	0.01689
5165.14221	0.01701
5163.21347	0.01711
5161.28474	0.01690
5159.35601	0.01667
5157.42728	0.01678
5155.49855	0.01712
5153.56982	0.01721
5151.64109	0.01702
5149.71236	0.01703
5147.78362	0.01720
5145.85489	0.01714
5143.92616	0.01684
5141.99743	0.01646
5140.06870	0.01631
5138.13997	0.01656
5136.21124	0.01690
5134.28251	0.01697
5132.35378	0.01693
5130.42504	0.01682
5128.49631	0.01670
5126.56758	0.01688
5124.63885	0.01717
5122.71012	0.01711
5120.78139	0.01695
5118.85266	0.01711
5116.92393	0.01734
5114.99519	0.01732
5113.06646	0.01714
5111.13773	0.01698
5109.20900	0.01699
5107.28027	0.01711
5105.35154	0.01705
5103.42281	0.01684
5101.49408	0.01668
5099.56534	0.01652
5097.63661	0.01638
5095.70788	0.01639
5093.77915	0.01658
5091.85042	0.01682
5089.92169	0.01683
5087.99296	0.01665
5086.06423	0.01674
5084.13549	0.01708
5082.20676	0.01729
5080.27803	0.01734
5078.34930	0.01734
5076.42057	0.01715
5074.49184	0.01675
5072.56311	0.01644
5070.63438	0.01643
5068.70564	0.01659
5066.77691	0.01673
5064.84818	0.01688
5062.91945	0.01706
5060.99072	0.01716
5059.06199	0.01711
5057.13326	0.01712
5055.20453	0.01728
5053.27580	0.01737
5051.34706	0.01717
5049.41833	0.01676
5047.48960	0.01654
5045.56087	0.01673
5043.63214	0.01701
5041.70341	0.01711
5039.77468	0.01715
5037.84595	0.01723
5035.91721	0.01731
5033.98848	0.01734
5032.05975	0.01719
5030.13102	0.01702
5028.20229	0.01705
5026.27356	0.01720
5024.34483	0.01722
5022.41610	0.01713
5020.48736	0.01718
5018.55863	0.01738
5016.62990	0.01740
5014.70117	0.01712
5012.77244	0.01689
5010.84371	0.01696
5008.91498	0.01703
5006.98625	0.01688
5005.05751	0.01684
5003.12878	0.01713
5001.20005	0.01737
4999.27132	0.01736
4997.34259	0.01724
4995.41386	0.01710
4993.48513	0.01692
4991.55640	0.01671
4989.62766	0.01657
4987.69893	0.01676
4985.77020	0.01710
4983.84147	0.01707
4981.91274	0.01677
4979.98401	0.01658
4978.05528	0.01650
4976.12655	0.01643
4974.19782	0.01649
4972.26908	0.01663
4970.34035	0.01666
4968.41162	0.01659
4966.48289	0.01657
4964.55416	0.01669
4962.62543	0.01696
4960.69670	0.01709
4958.76797	0.01687
4956.83923	0.01663
4954.91050	0.01681
4952.98177	0.01723
4951.05304	0.01754
4949.12431	0.01767
4947.19558	0.01751
4945.26685	0.01700
4943.33812	0.01664
4941.40938	0.01660
4939.48065	0.01656
4937.55192	0.01658
4935.62319	0.01679
4933.69446	0.01688
4931.76573	0.01672
4929.83700	0.01653
4927.90827	0.01645
4925.97953	0.01653
4924.05080	0.01677
4922.12207	0.01693
4920.19334	0.01689
4918.26461	0.01673
4916.33588	0.01653
4914.40715	0.01636
4912.47842	0.01641
4910.54968	0.01651
4908.62095	0.01644
4906.69222	0.01644
4904.76349	0.01665
4902.83476	0.01697
4900.90603	0.01720
4898.97730	0.01706
4897.04857	0.01671
4895.11984	0.01658
4893.19110	0.01665
4891.26237	0.01661
4889.33364	0.01650
4887.40491	0.01641
4885.47618	0.01628
4883.54745	0.01622
4881.61872	0.01625
4879.68999	0.01633
4877.76125	0.01639
4875.83252	0.01623
4873.90379	0.01605
4871.97506	0.01617
4870.04633	0.01632
4868.11760	0.01629
4866.18887	0.01646
4864.26014	0.01678
4862.33140	0.01689
4860.40267	0.01688
4858.47394	0.01701
4856.54521	0.01711
4854.61648	0.01695
4852.68775	0.01659
4850.75902	0.01646
4848.83029	0.01668
4846.90155	0.01686
4844.97282	0.01684
4843.04409	0.01667
4841.11536	0.01635
4839.18663	0.01623
4837.25790	0.01645
4835.32917	0.01664
4833.40044	0.01662
4831.47170	0.01648
4829.54297	0.01635
4827.61424	0.01624
4825.68551	0.01612
4823.75678	0.01618
4821.82805	0.01644
4819.89932	0.01666
4817.97059	0.01674
4816.04186	0.01671
4814.11312	0.01654
4812.18439	0.01624
4810.25566	0.01598
4808.32693	0.01589
4806.39820	0.01593
4804.46947	0.01614
4802.54074	0.01638
4800.61201	0.01638
4798.68327	0.01622
4796.75454	0.01605
4794.82581	0.01586
4792.89708	0.01576
4790.96835	0.01587
4789.03962	0.01609
4787.11089	0.01626
4785.18216	0.01634
4783.25342	0.01637
4781.32469	0.01631
4779.39596	0.01631
4777.46723	0.01651
4775.53850	0.01669
4773.60977	0.01664
4771.68104	0.01647
4769.75231	0.01622
4767.82357	0.01594
4765.89484	0.01587
4763.96611	0.01593
4762.03738	0.01589
4760.10865	0.01583
4758.17992	0.01596
4756.25119	0.01627
4754.32246	0.01648
4752.39372	0.01643
4750.46499	0.01643
4748.53626	0.01657
4746.60753	0.01653
4744.67880	0.01626
4742.75007	0.01609
4740.82134	0.01615
4738.89261	0.01629
4736.96388	0.01641
4735.03514	0.01644
4733.10641	0.01630
4731.17768	0.01619
4729.24895	0.01622
4727.32022	0.01620
4725.39149	0.01601
4723.46276	0.01586
4721.53403	0.01594
4719.60529	0.01618
4717.67656	0.01638
4715.74783	0.01646
4713.81910	0.01640
4711.89037	0.01623
4709.96164	0.01613
4708.03291	0.01626
4706.10418	0.01658
4704.17544	0.01682
4702.24671	0.01681
4700.31798	0.01668
4698.38925	0.01661
4696.46052	0.01663
4694.53179	0.01666
4692.60306	0.01661
4690.67433	0.01642
4688.74559	0.01628
4686.81686	0.01639
4684.88813	0.01661
4682.95940	0.01670
4681.03067	0.01662
4679.10194	0.01653
4677.17321	0.01649
4675.24448	0.01640
4673.31574	0.01644
4671.38701	0.01658
4669.45828	0.01654
4667.52955	0.01647
4665.60082	0.01651
4663.67209	0.01650
4661.74336	0.01645
4659.81463	0.01648
4657.88590	0.01655
4655.95716	0.01665
4654.02843	0.01681
4652.09970	0.01692
4650.17097	0.01685
4648.24224	0.01676
4646.31351	0.01690
4644.38478	0.01713
4642.45605	0.01727
4640.52731	0.01732
4638.59858	0.01728
4636.66985	0.01717
4634.74112	0.01708
4632.81239	0.01707
4630.88366	0.01711
4628.95493	0.01713
4627.02620	0.01707
4625.09746	0.01684
4623.16873	0.01652
4621.24000	0.01641
4619.31127	0.01674
4617.38254	0.01717
4615.45381	0.01727
4613.52508	0.01704
4611.59635	0.01679
4609.66761	0.01678
4607.73888	0.01694
4605.81015	0.01706
4603.88142	0.01718
4601.95269	0.01728
4600.02396	0.01720
4598.09523	0.01711
4596.16650	0.01714
4594.23776	0.01715
4592.30903	0.01706
4590.38030	0.01693
4588.45157	0.01692
4586.52284	0.01704
4584.59411	0.01719
4582.66538	0.01728
4580.73665	0.01719
4578.80792	0.01704
4576.87918	0.01708
4574.95045	0.01727
4573.02172	0.01740
4571.09299	0.01732
4569.16426	0.01713
4567.23553	0.01712
4565.30680	0.01726
4563.37807	0.01723
4561.44933	0.01711
4559.52060	0.01708
4557.59187	0.01707
4555.66314	0.01711
4553.73441	0.01722
4551.80568	0.01729
4549.87695	0.01724
4547.94822	0.01711
4546.01948	0.01704
4544.09075	0.01710
4542.16202	0.01723
4540.23329	0.01736
4538.30456	0.01741
4536.37583	0.01734
4534.44710	0.01732
4532.51837	0.01741
4530.58963	0.01751
4528.66090	0.01760
4526.73217	0.01771
4524.80344	0.01779
4522.87471	0.01787
4520.94598	0.01782
4519.01725	0.01770
4517.08852	0.01774
4515.15978	0.01776
4513.23105	0.01764
4511.30232	0.01753
4509.37359	0.01746
4507.44486	0.01737
4505.51613	0.01736
4503.58740	0.01742
4501.65867	0.01747
4499.72994	0.01739
4497.80120	0.01727
4495.87247	0.01729
4493.94374	0.01734
4492.01501	0.01734
4490.08628	0.01734
4488.15755	0.01727
4486.22882	0.01718
4484.30009	0.01722
4482.37135	0.01739
4480.44262	0.01752
4478.51389	0.01744
4476.58516	0.01729
4474.65643	0.01732
4472.72770	0.01756
4470.79897	0.01781
4468.87024	0.01789
4466.94150	0.01782
4465.01277	0.01778
4463.08404	0.01778
4461.15531	0.01773
4459.22658	0.01767
4457.29785	0.01768
4455.36912	0.01773
4453.44039	0.01774
4451.51165	0.01766
4449.58292	0.01764
4447.65419	0.01770
4445.72546	0.01766
4443.79673	0.01749
4441.86800	0.01749
4439.93927	0.01764
4438.01054	0.01772
4436.08180	0.01775
4434.15307	0.01783
4432.22434	0.01783
4430.29561	0.01769
4428.36688	0.01754
4426.43815	0.01740
4424.50942	0.01736
4422.58069	0.01754
4420.65196	0.01776
4418.72322	0.01776
4416.79449	0.01770
4414.86576	0.01777
4412.93703	0.01783
4411.00830	0.01779
4409.07957	0.01775
4407.15084	0.01776
4405.22211	0.01780
4403.29337	0.01785
4401.36464	0.01791
4399.43591	0.01797
4397.50718	0.01805
4395.57845	0.01812
4393.64972	0.01813
4391.72099	0.01811
4389.79226	0.01818
4387.86352	0.01827
4385.93479	0.01827
4384.00606	0.01834
4382.07733	0.01849
4380.14860	0.01848
4378.21987	0.01839
4376.29114	0.01837
4374.36241	0.01835
4372.43367	0.01831
4370.50494	0.01838
4368.57621	0.01846
4366.64748	0.01842
4364.71875	0.01844
4362.79002	0.01863
4360.86129	0.01877
4358.93256	0.01869
4357.00382	0.01854
4355.07509	0.01848
4353.14636	0.01854
4351.21763	0.01867
4349.28890	0.01879
4347.36017	0.01883
4345.43144	0.01878
4343.50271	0.01861
4341.57398	0.01847
4339.64524	0.01850
4337.71651	0.01855
4335.78778	0.01841
4333.85905	0.01815
4331.93032	0.01808
4330.00159	0.01826
4328.07286	0.01846
4326.14413	0.01857
4324.21539	0.01855
4322.28666	0.01839
4320.35793	0.01825
4318.42920	0.01833
4316.50047	0.01850
4314.57174	0.01850
4312.64301	0.01828
4310.71428	0.01798
4308.78554	0.01784
4306.85681	0.01797
4304.92808	0.01823
4302.99935	0.01837
4301.07062	0.01834
4299.14189	0.01824
4297.21316	0.01818
4295.28443	0.01817
4293.35569	0.01821
4291.42696	0.01819
4289.49823	0.01806
4287.56950	0.01800
4285.64077	0.01817
4283.71204	0.01830
4281.78331	0.01817
4279.85458	0.01801
4277.92584	0.01808
4275.99711	0.01828
4274.06838	0.01840
4272.13965	0.01842
4270.21092	0.01844
4268.28219	0.01845
4266.35346	0.01836
4264.42473	0.01827
4262.49600	0.01823
4260.56726	0.01822
4258.63853	0.01828
4256.70980	0.01829
4254.78107	0.01811
4252.85234	0.01791
4250.92361	0.01793
4248.99488	0.01798
4247.06615	0.01795
4245.13741	0.01793
4243.20868	0.01788
4241.27995	0.01789
4239.35122	0.01805
4237.42249	0.01823
4235.49376	0.01829
4233.56503	0.01825
4231.63630	0.01820
4229.70756	0.01814
4227.77883	0.01810
4225.85010	0.01810
4223.92137	0.01809
4221.99264	0.01811
4220.06391	0.01829
4218.13518	0.01856
4216.20645	0.01872
4214.27771	0.01878
4212.34898	0.01882
4210.42025	0.01874
4208.49152	0.01863
4206.56279	0.01858
4204.63406	0.01847
4202.70533	0.01830
4200.77660	0.01819
4198.84786	0.01822
4196.91913	0.01840
4194.99040	0.01859
4193.06167	0.01867
4191.13294	0.01853
4189.20421	0.01826
4187.27548	0.01809
4185.34675	0.01819
4183.41802	0.01837
4181.48928	0.01839
4179.56055	0.01837
4177.63182	0.01850
4175.70309	0.01858
4173.77436	0.01849
4171.84563	0.01840
4169.91690	0.01831
4167.98817	0.01818
4166.05943	0.01806
4164.13070	0.01800
4162.20197	0.01800
4160.27324	0.01804
4158.34451	0.01807
4156.41578	0.01802
4154.48705	0.01786
4152.55832	0.01768
4150.62958	0.01760
4148.70085	0.01763
4146.77212	0.01766
4144.84339	0.01765
4142.91466	0.01771
4140.98593	0.01783
4139.05720	0.01789
4137.12847	0.01783
4135.19973	0.01765
4133.27100	0.01760
4131.34227	0.01772
4129.41354	0.01781
4127.48481	0.01783
4125.55608	0.01787
4123.62735	0.01795
4121.69862	0.01798
4119.76988	0.01788
4117.84115	0.01770
4115.91242	0.01753
4113.98369	0.01746
4112.05496	0.01753
4110.12623	0.01764
4108.19750	0.01764
4106.26877	0.01762
4104.34004	0.01769
4102.41130	0.01775
4100.48257	0.01770
4098.55384	0.01766
4096.62511	0.01771
4094.69638	0.01773
4092.76765	0.01770
4090.83892	0.01769
4088.91019	0.01767
4086.98145	0.01760
4085.05272	0.01757
4083.12399	0.01770
4081.19526	0.01787
4079.26653	0.01787
4077.33780	0.01777
4075.40907	0.01775
4073.48034	0.01781
4071.55160	0.01786
4069.62287	0.01776
4067.69414	0.01754
4065.76541	0.01741
4063.83668	0.01748
4061.90795	0.01765
4059.97922	0.01775
4058.05049	0.01780
4056.12175	0.01782
4054.19302	0.01783
4052.26429	0.01783
4050.33556	0.01784
4048.40683	0.01785
4046.47810	0.01780
4044.54937	0.01773
4042.62064	0.01771
4040.69190	0.01774
4038.76317	0.01780
4036.83444	0.01790
4034.90571	0.01795
4032.97698	0.01790
4031.04825	0.01791
4029.11952	0.01796
4027.19079	0.01793
4025.26206	0.01790
4023.33332	0.01791
4021.40459	0.01793
4019.47586	0.01797
4017.54713	0.01798
4015.61840	0.01794
4013.68967	0.01795
4011.76094	0.01801
4009.83221	0.01801
4007.90347	0.01790
4005.97474	0.01770
4004.04601	0.01753
4002.11728	0.01750
4000.18855	0.01757
3998.25982	0.01770
3996.33109	0.01783
3994.40236	0.01789
3992.47362	0.01787
3990.54489	0.01783
3988.61616	0.01777
3986.68743	0.01773
3984.75870	0.01772
3982.82997	0.01769
3980.90124	0.01758
3978.97251	0.01751
3977.04377	0.01762
3975.11504	0.01783
3973.18631	0.01789
3971.25758	0.01777
3969.32885	0.01760
3967.40012	0.01742
3965.47139	0.01731
3963.54266	0.01734
3961.61392	0.01745
3959.68519	0.01752
3957.75646	0.01751
3955.82773	0.01748
3953.89900	0.01750
3951.97027	0.01763
3950.04154	0.01775
3948.11281	0.01776
3946.18408	0.01771
3944.25534	0.01766
3942.32661	0.01753
3940.39788	0.01736
3938.46915	0.01727
3936.54042	0.01730
3934.61169	0.01734
3932.68296	0.01726
3930.75423	0.01712
3928.82549	0.01713
3926.89676	0.01735
3924.96803	0.01753
3923.03930	0.01752
3921.11057	0.01751
3919.18184	0.01756
3917.25311	0.01750
3915.32438	0.01726
3913.39564	0.01702
3911.46691	0.01690
3909.53818	0.01691
3907.60945	0.01709
3905.68072	0.01740
3903.75199	0.01763
3901.82326	0.01758
3899.89453	0.01734
3897.96579	0.01709
3896.03706	0.01703
3894.10833	0.01709
3892.17960	0.01705
3890.25087	0.01689
3888.32214	0.01685
3886.39341	0.01697
3884.46468	0.01703
3882.53594	0.01705
3880.60721	0.01713
3878.67848	0.01714
3876.74975	0.01706
3874.82102	0.01706
3872.89229	0.01719
3870.96356	0.01730
3869.03483	0.01722
3867.10610	0.01714
3865.17736	0.01719
3863.24863	0.01708
3861.31990	0.01677
3859.39117	0.01668
3857.46244	0.01702
3855.53371	0.01751
3853.60498	0.01769
3851.67625	0.01726
3849.74751	0.01664
3847.81878	0.01630
3845.89005	0.01639
3843.96132	0.01671
3842.03259	0.01702
3840.10386	0.01732
3838.17513	0.01755
3836.24640	0.01750
3834.31766	0.01723
3832.38893	0.01692
3830.46020	0.01666
3828.53147	0.01655
3826.60274	0.01664
3824.67401	0.01687
3822.74528	0.01713
3820.81655	0.01722
3818.88781	0.01710
3816.95908	0.01698
3815.03035	0.01685
3813.10162	0.01668
3811.17289	0.01656
3809.24416	0.01653
3807.31543	0.01660
3805.38670	0.01677
3803.45796	0.01702
3801.52923	0.01716
3799.60050	0.01704
3797.67177	0.01691
3795.74304	0.01687
3793.81431	0.01684
3791.88558	0.01683
3789.95685	0.01686
3788.02812	0.01695
3786.09938	0.01709
3784.17065	0.01720
3782.24192	0.01730
3780.31319	0.01745
3778.38446	0.01755
3776.45573	0.01756
3774.52700	0.01757
3772.59827	0.01768
3770.66953	0.01785
3768.74080	0.01796
3766.81207	0.01800
3764.88334	0.01806
3762.95461	0.01825
3761.02588	0.01859
3759.09715	0.01898
3757.16842	0.01929
3755.23968	0.01959
3753.31095	0.02006
3751.38222	0.02057
3749.45349	0.02083
3747.52476	0.02095
3745.59603	0.02122
3743.66730	0.02151
3741.73857	0.02173
3739.80983	0.02208
3737.88110	0.02272
3735.95237	0.02351
3734.02364	0.02405
3732.09491	0.02435
3730.16618	0.02475
3728.23745	0.02547
3726.30872	0.02649
3724.37998	0.02771
3722.45125	0.02908
3720.52252	0.03053
3718.59379	0.03203
3716.66506	0.03355
3714.73633	0.03529
3712.80760	0.03749
3710.87887	0.03999
3708.95014	0.04232
3707.02140	0.04443
3705.09267	0.04655
3703.16394	0.04884
3701.23521	0.05131
3699.30648	0.05380
3697.37775	0.05624
3695.44902	0.05862
3693.52029	0.06092
3691.59155	0.06324
3689.66282	0.06564
3687.73409	0.06782
3685.80536	0.06978
3683.87663	0.07209
3681.94790	0.07524
3680.01917	0.07912
3678.09044	0.08328
3676.16170	0.08720
3674.23297	0.09024
3672.30424	0.09245
3670.37551	0.09473
3668.44678	0.09727
3666.51805	0.09974
3664.58932	0.10227
3662.66059	0.10475
3660.73185	0.10682
3658.80312	0.10859
3656.87439	0.11047
3654.94566	0.11243
3653.01693	0.11438
3651.08820	0.11687
3649.15947	0.12012
3647.23074	0.12311
3645.30200	0.12509
3643.37327	0.12656
3641.44454	0.12819
3639.51581	0.13009
3637.58708	0.13217
3635.65835	0.13433
3633.72962	0.13644
3631.80089	0.13856
3629.87216	0.14108
3627.94342	0.14385
3626.01469	0.14600
3624.08596	0.14758
3622.15723	0.14913
3620.22850	0.15074
3618.29977	0.15208
3616.37104	0.15290
3614.44231	0.15344
3612.51357	0.15408
3610.58484	0.15506
3608.65611	0.15625
3606.72738	0.15724
3604.79865	0.15792
3602.86992	0.15872
3600.94119	0.15982
3599.01246	0.16096
3597.08372	0.16202
3595.15499	0.16316
3593.22626	0.16435
3591.29753	0.16542
3589.36880	0.16653
3587.44007	0.16789
3585.51134	0.16918
3583.58261	0.17014
3581.65387	0.17102
3579.72514	0.17215
3577.79641	0.17346
3575.86768	0.17467
3573.93895	0.17564
3572.01022	0.17646
3570.08149	0.17742
3568.15276	0.17868
3566.22402	0.18003
3564.29529	0.18112
3562.36656	0.18195
3560.43783	0.18270
3558.50910	0.18337
3556.58037	0.18404
3554.65164	0.18488
3552.72291	0.18588
3550.79418	0.18678
3548.86544	0.18749
3546.93671	0.18819
3545.00798	0.18892
3543.07925	0.18964
3541.15052	0.19030
3539.22179	0.19093
3537.29306	0.19158
3535.36433	0.19221
3533.43559	0.19273
3531.50686	0.19315
3529.57813	0.19357
3527.64940	0.19405
3525.72067	0.19457
3523.79194	0.19515
3521.86321	0.19581
3519.93448	0.19635
3518.00574	0.19665
3516.07701	0.19688
3514.14828	0.19727
3512.21955	0.19783
3510.29082	0.19849
3508.36209	0.19914
3506.43336	0.19970
3504.50463	0.20022
3502.57589	0.20076
3500.64716	0.20123
3498.71843	0.20162
3496.78970	0.20209
3494.86097	0.20269
3492.93224	0.20331
3491.00351	0.20383
3489.07478	0.20428
3487.14604	0.20476
3485.21731	0.20533
3483.28858	0.20594
3481.35985	0.20644
3479.43112	0.20679
3477.50239	0.20713
3475.57366	0.20756
3473.64493	0.20802
3471.71620	0.20839
3469.78746	0.20871
3467.85873	0.20902
3465.93000	0.20936
3464.00127	0.20980
3462.07254	0.21021
3460.14381	0.21047
3458.21508	0.21077
3456.28635	0.21118
3454.35761	0.21147
3452.42888	0.21162
3450.50015	0.21185
3448.57142	0.21226
3446.64269	0.21275
3444.71396	0.21309
3442.78523	0.21320
3440.85650	0.21326
3438.92776	0.21339
3436.99903	0.21359
3435.07030	0.21383
3433.14157	0.21411
3431.21284	0.21430
3429.28411	0.21426
3427.35538	0.21409
3425.42665	0.21403
3423.49791	0.21427
3421.56918	0.21462
3419.64045	0.21468
3417.71172	0.21455
3415.78299	0.21457
3413.85426	0.21474
3411.92553	0.21483
3409.99680	0.21480
3408.06806	0.21470
3406.13933	0.21447
3404.21060	0.21416
3402.28187	0.21402
3400.35314	0.21402
3398.42441	0.21398
3396.49568	0.21380
3394.56695	0.21351
3392.63822	0.21327
3390.70948	0.21309
3388.78075	0.21281
3386.85202	0.21239
3384.92329	0.21200
3382.99456	0.21160
3381.06583	0.21115
3379.13710	0.21075
3377.20837	0.21046
3375.27963	0.21029
3373.35090	0.21010
3371.42217	0.20975
3369.49344	0.20930
3367.56471	0.20884
3365.63598	0.20831
3363.70725	0.20765
3361.77852	0.20698
3359.84978	0.20636
3357.92105	0.20579
3355.99232	0.20526
3354.06359	0.20470
3352.13486	0.20416
3350.20613	0.20368
3348.27740	0.20317
3346.34867	0.20260
3344.41993	0.20196
3342.49120	0.20133
3340.56247	0.20085
3338.63374	0.20040
3336.70501	0.19970
3334.77628	0.19883
3332.84755	0.19803
3330.91882	0.19728
3328.99008	0.19650
3327.06135	0.19575
3325.13262	0.19509
3323.20389	0.19453
3321.27516	0.19386
3319.34643	0.19295
3317.41770	0.19194
3315.48897	0.19110
3313.56024	0.19045
3311.63150	0.18975
3309.70277	0.18876
3307.77404	0.18759
3305.84531	0.18666
3303.91658	0.18605
3301.98785	0.18538
3300.05912	0.18443
3298.13039	0.18338
3296.20165	0.18241
3294.27292	0.18159
3292.34419	0.18090
3290.41546	0.18009
3288.48673	0.17904
3286.55800	0.17804
3284.62927	0.17727
3282.70054	0.17646
3280.77180	0.17546
3278.84307	0.17444
3276.91434	0.17345
3274.98561	0.17239
3273.05688	0.17122
3271.12815	0.17007
3269.19942	0.16901
3267.27069	0.16801
3265.34195	0.16693
3263.41322	0.16574
3261.48449	0.16459
3259.55576	0.16355
3257.62703	0.16257
3255.69830	0.16156
3253.76957	0.16052
3251.84084	0.15954
3249.91210	0.15859
3247.98337	0.15754
3246.05464	0.15641
3244.12591	0.15529
3242.19718	0.15422
3240.26845	0.15314
3238.33972	0.15196
3236.41099	0.15073
3234.48226	0.14963
3232.55352	0.14863
3230.62479	0.14759
3228.69606	0.14652
3226.76733	0.14544
3224.83860	0.14428
3222.90987	0.14296
3220.98114	0.14168
3219.05241	0.14064
3217.12367	0.13964
3215.19494	0.13846
3213.26621	0.13732
3211.33748	0.13643
3209.40875	0.13561
3207.48002	0.13459
3205.55129	0.13342
3203.62256	0.13234
3201.69382	0.13136
3199.76509	0.13030
3197.83636	0.12912
3195.90763	0.12791
3193.97890	0.12677
3192.05017	0.12564
3190.12144	0.12448
3188.19271	0.12338
3186.26397	0.12240
3184.33524	0.12135
3182.40651	0.12031
3180.47778	0.11944
3178.54905	0.11862
3176.62032	0.11759
3174.69159	0.11643
3172.76286	0.11533
3170.83412	0.11427
3168.90539	0.11318
3166.97666	0.11225
3165.04793	0.11159
3163.11920	0.11094
3161.19047	0.11006
3159.26174	0.10899
3157.33301	0.10786
3155.40428	0.10679
3153.47554	0.10588
3151.54681	0.10509
3149.61808	0.10436
3147.68935	0.10365
3145.76062	0.10292
3143.83189	0.10211
3141.90316	0.10132
3139.97443	0.10062
3138.04569	0.09984
3136.11696	0.09895
3134.18823	0.09815
3132.25950	0.09739
3130.33077	0.09653
3128.40204	0.09569
3126.47331	0.09504
3124.54458	0.09457
3122.61584	0.09412
3120.68711	0.09364
3118.75838	0.09313
3116.82965	0.09263
3114.90092	0.09219
3112.97219	0.09183
3111.04346	0.09160
3109.11473	0.09146
3107.18599	0.09135
3105.25726	0.09132
3103.32853	0.09136
3101.39980	0.09142
3099.47107	0.09150
3097.54234	0.09168
3095.61361	0.09192
3093.68488	0.09206
3091.75614	0.09214
3089.82741	0.09231
3087.89868	0.09252
3085.96995	0.09262
3084.04122	0.09273
3082.11249	0.09295
3080.18376	0.09319
3078.25503	0.09334
3076.32630	0.09337
3074.39756	0.09337
3072.46883	0.09344
3070.54010	0.09358
3068.61137	0.09371
3066.68264	0.09375
3064.75391	0.09369
3062.82518	0.09359
3060.89645	0.09355
3058.96771	0.09355
3057.03898	0.09340
3055.11025	0.09310
3053.18152	0.09283
3051.25279	0.09263
3049.32406	0.09242
3047.39533	0.09213
3045.46660	0.09172
3043.53786	0.09124
3041.60913	0.09076
3039.68040	0.09031
3037.75167	0.08989
3035.82294	0.08953
3033.89421	0.08915
3031.96548	0.08870
3030.03675	0.08818
3028.10801	0.08757
3026.17928	0.08693
3024.25055	0.08638
3022.32182	0.08591
3020.39309	0.08542
3018.46436	0.08487
3016.53563	0.08436
3014.60690	0.08399
3012.67816	0.08368
3010.74943	0.08339
3008.82070	0.08310
3006.89197	0.08279
3004.96324	0.08257
3003.03451	0.08254
3001.10578	0.08264
2999.17705	0.08270
2997.24832	0.08260
2995.31958	0.08241
2993.39085	0.08230
2991.46212	0.08235
2989.53339	0.08252
2987.60466	0.08270
2985.67593	0.08282
2983.74720	0.08296
2981.81847	0.08322
2979.88973	0.08355
2977.96100	0.08383
2976.03227	0.08408
2974.10354	0.08437
2972.17481	0.08475
2970.24608	0.08524
2968.31735	0.08580
2966.38862	0.08640
2964.45988	0.08694
2962.53115	0.08731
2960.60242	0.08751
2958.67369	0.08759
2956.74496	0.08750
2954.81623	0.08737
2952.88750	0.08741
2950.95877	0.08762
2949.03003	0.08796
2947.10130	0.08841
2945.17257	0.08902
2943.24384	0.08978
2941.31511	0.09063
2939.38638	0.09154
2937.45765	0.09249
2935.52892	0.09346
2933.60018	0.09440
2931.67145	0.09527
2929.74272	0.09604
2927.81399	0.09657
2925.88526	0.09670
2923.95653	0.09633
2922.02780	0.09546
2920.09907	0.09414
2918.17034	0.09262
2916.24160	0.09112
2914.31287	0.08966
2912.38414	0.08823
2910.45541	0.08688
2908.52668	0.08562
2906.59795	0.08453
2904.66922	0.08369
2902.74049	0.08294
2900.81175	0.08206
2898.88302	0.08116
2896.95429	0.08040
2895.02556	0.07972
2893.09683	0.07907
2891.16810	0.07845
2889.23937	0.07784
2887.31064	0.07728
2885.38190	0.07685
2883.45317	0.07645
2881.52444	0.07607
2879.59571	0.07582
2877.66698	0.07562
2875.73825	0.07536
2873.80952	0.07515
2871.88079	0.07503
2869.95205	0.07495
2868.02332	0.07491
2866.09459	0.07491
2864.16586	0.07494
2862.23713	0.07507
2860.30840	0.07543
2858.37967	0.07591
2856.45094	0.07629
2854.52220	0.07634
2852.59347	0.07582
2850.66474	0.07465
2848.73601	0.07301
2846.80728	0.07117
2844.87855	0.06932
2842.94982	0.06761
2841.02109	0.06617
2839.09236	0.06497
2837.16362	0.06399
2835.23489	0.06322
2833.30616	0.06262
2831.37743	0.06214
2829.44870	0.06162
2827.51997	0.06103
2825.59124	0.06046
2823.66251	0.05994
2821.73377	0.05946
2819.80504	0.05899
2817.87631	0.05853
2815.94758	0.05810
2814.01885	0.05770
2812.09012	0.05724
2810.16139	0.05672
2808.23266	0.05624
2806.30392	0.05587
2804.37519	0.05553
2802.44646	0.05515
2800.51773	0.05473
2798.58900	0.05432
2796.66027	0.05392
2794.73154	0.05349
2792.80281	0.05307
2790.87407	0.05276
2788.94534	0.05246
2787.01661	0.05210
2785.08788	0.05175
2783.15915	0.05141
2781.23042	0.05105
2779.30169	0.05068
2777.37296	0.05033
2775.44422	0.05006
2773.51549	0.04987
2771.58676	0.04969
2769.65803	0.04945
2767.72930	0.04918
2765.80057	0.04892
2763.87184	0.04875
2761.94311	0.04865
2760.01438	0.04849
2758.08564	0.04823
2756.15691	0.04796
2754.22818	0.04772
2752.29945	0.04750
2750.37072	0.04732
2748.44199	0.04716
2746.51326	0.04694
2744.58453	0.04665
2742.65579	0.04636
2740.72706	0.04614
2738.79833	0.04589
2736.86960	0.04561
2734.94087	0.04537
2733.01214	0.04512
2731.08341	0.04476
2729.15468	0.04438
2727.22594	0.04407
2725.29721	0.04380
2723.36848	0.04353
2721.43975	0.04323
2719.51102	0.04291
2717.58229	0.04263
2715.65356	0.04237
2713.72483	0.04211
2711.79609	0.04188
2709.86736	0.04164
2707.93863	0.04130
2706.00990	0.04093
2704.08117	0.04064
2702.15244	0.04042
2700.22371	0.04022
2698.29498	0.03995
2696.36624	0.03962
2694.43751	0.03930
2692.50878	0.03901
2690.58005	0.03880
2688.65132	0.03865
2686.72259	0.03844
2684.79386	0.03813
2682.86513	0.03780
2680.93640	0.03752
2679.00766	0.03728
2677.07893	0.03706
2675.15020	0.03684
2673.22147	0.03657
2671.29274	0.03633
2669.36401	0.03617
2667.43528	0.03599
2665.50655	0.03569
2663.57781	0.03535
2661.64908	0.03505
2659.72035	0.03474
2657.79162	0.03445
2655.86289	0.03422
2653.93416	0.03400
2652.00543	0.03380
2650.07670	0.03362
2648.14796	0.03349
2646.21923	0.03334
2644.29050	0.03306
2642.36177	0.03271
2640.43304	0.03244
2638.50431	0.03229
2636.57558	0.03219
2634.64685	0.03206
2632.71811	0.03185
2630.78938	0.03160
2628.86065	0.03133
2626.93192	0.03112
2625.00319	0.03098
2623.07446	0.03084
2621.14573	0.03063
2619.21700	0.03040
2617.28826	0.03019
2615.35953	0.03001
2613.43080	0.02981
2611.50207	0.02961
2609.57334	0.02939
2607.64461	0.02913
2605.71588	0.02889
2603.78715	0.02868
2601.85842	0.02840
2599.92968	0.02813
2598.00095	0.02794
2596.07222	0.02785
2594.14349	0.02776
2592.21476	0.02758
2590.28603	0.02731
2588.35730	0.02707
2586.42857	0.02689
2584.49983	0.02678
2582.57110	0.02671
2580.64237	0.02663
2578.71364	0.02648
2576.78491	0.02631
2574.85618	0.02616
2572.92745	0.02601
2570.99872	0.02584
2569.06998	0.02565
2567.14125	0.02546
2565.21252	0.02529
2563.28379	0.02514
2561.35506	0.02500
2559.42633	0.02482
2557.49760	0.02463
2555.56887	0.02446
2553.64013	0.02431
2551.71140	0.02413
2549.78267	0.02397
2547.85394	0.02388
2545.92521	0.02387
2543.99648	0.02387
2542.06775	0.02382
2540.13902	0.02376
2538.21028	0.02369
2536.28155	0.02362
2534.35282	0.02355
2532.42409	0.02346
2530.49536	0.02336
2528.56663	0.02328
2526.63790	0.02323
2524.70917	0.02323
2522.78044	0.02320
2520.85170	0.02313
2518.92297	0.02304
2516.99424	0.02296
2515.06551	0.02285
2513.13678	0.02274
2511.20805	0.02270
2509.27932	0.02271
2507.35059	0.02270
2505.42185	0.02267
2503.49312	0.02262
2501.56439	0.02260
2499.63566	0.02262
2497.70693	0.02263
2495.77820	0.02258
2493.84947	0.02248
2491.92074	0.02240
2489.99200	0.02240
2488.06327	0.02245
2486.13454	0.02244
2484.20581	0.02238
2482.27708	0.02236
2480.34835	0.02238
2478.41962	0.02234
2476.49089	0.02223
2474.56215	0.02215
2472.63342	0.02216
2470.70469	0.02219
2468.77596	0.02219
2466.84723	0.02216
2464.91850	0.02209
2462.98977	0.02200
2461.06104	0.02189
2459.13230	0.02185
2457.20357	0.02187
2455.27484	0.02187
2453.34611	0.02181
2451.41738	0.02175
2449.48865	0.02171
2447.55992	0.02165
2445.63119	0.02164
2443.70246	0.02169
2441.77372	0.02171
2439.84499	0.02167
2437.91626	0.02160
2435.98753	0.02156
2434.05880	0.02148
2432.13007	0.02131
2430.20134	0.02109
2428.27261	0.02094
2426.34387	0.02085
2424.41514	0.02086
2422.48641	0.02105
2420.55768	0.02131
2418.62895	0.02146
2416.70022	0.02146
2414.77149	0.02143
2412.84276	0.02149
2410.91402	0.02161
2408.98529	0.02172
2407.05656	0.02180
2405.12783	0.02184
2403.19910	0.02183
2401.27037	0.02181
2399.34164	0.02182
2397.41291	0.02184
2395.48417	0.02183
2393.55544	0.02177
2391.62671	0.02172
2389.69798	0.02171
2387.76925	0.02174
2385.84052	0.02175
2383.91179	0.02171
2381.98306	0.02166
2380.05432	0.02164
2378.12559	0.02168
2376.19686	0.02173
2374.26813	0.02173
2372.33940	0.02166
2370.41067	0.02157
2368.48194	0.02151
2366.55321	0.02149
2364.62448	0.02158
2362.69574	0.02168
2360.76701	0.02167
2358.83828	0.02174
2356.90955	0.02198
2354.98082	0.02221
2353.05209	0.02216
2351.12336	0.02181
2349.19463	0.02164
2347.26589	0.02199
2345.33716	0.02241
2343.40843	0.02252
2341.47970	0.02251
2339.55097	0.02246
2337.62224	0.02234
2335.69351	0.02221
2333.76478	0.02207
2331.83604	0.02194
2329.90731	0.02193
2327.97858	0.02206
2326.04985	0.02219
2324.12112	0.02219
2322.19239	0.02210
2320.26366	0.02202
2318.33493	0.02199
2316.40619	0.02200
2314.47746	0.02201
2312.54873	0.02198
2310.62000	0.02190
2308.69127	0.02181
2306.76254	0.02172
2304.83381	0.02169
2302.90508	0.02175
2300.97634	0.02185
2299.04761	0.02189
2297.11888	0.02183
2295.19015	0.02178
2293.26142	0.02180
2291.33269	0.02185
2289.40396	0.02189
2287.47523	0.02193
2285.54650	0.02193
2283.61776	0.02191
2281.68903	0.02195
2279.76030	0.02202
2277.83157	0.02204
2275.90284	0.02200
2273.97411	0.02193
2272.04538	0.02187
2270.11665	0.02188
2268.18791	0.02194
2266.25918	0.02197
2264.33045	0.02194
2262.40172	0.02192
2260.47299	0.02194
2258.54426	0.02196
2256.61553	0.02196
2254.68680	0.02195
2252.75806	0.02195
2250.82933	0.02199
2248.90060	0.02206
2246.97187	0.02208
2245.04314	0.02208
2243.11441	0.02206
2241.18568	0.02208
2239.25695	0.02213
2237.32821	0.02218
2235.39948	0.02220
2233.47075	0.02219
2231.54202	0.02221
2229.61329	0.02223
2227.68456	0.02218
2225.75583	0.02210
2223.82710	0.02208
2221.89836	0.02214
2219.96963	0.02212
2218.04090	0.02202
2216.11217	0.02187
2214.18344	0.02172
2212.25471	0.02159
2210.32598	0.02147
2208.39725	0.02136
2206.46852	0.02130
2204.53978	0.02126
2202.61105	0.02116
2200.68232	0.02104
2198.75359	0.02095
2196.82486	0.02092
2194.89613	0.02088
2192.96740	0.02082
2191.03867	0.02075
2189.10993	0.02064
2187.18120	0.02050
2185.25247	0.02039
2183.32374	0.02030
2181.39501	0.02022
2179.46628	0.02013
2177.53755	0.02002
2175.60882	0.01995
2173.68008	0.01991
2171.75135	0.01990
2169.82262	0.01988
2167.89389	0.01985
2165.96516	0.01985
2164.03643	0.01986
2162.10770	0.01984
2160.17897	0.01982
2158.25023	0.01977
2156.32150	0.01974
2154.39277	0.01972
2152.46404	0.01969
2150.53531	0.01969
2148.60658	0.01967
2146.67785	0.01957
2144.74912	0.01947
2142.82038	0.01943
2140.89165	0.01941
2138.96292	0.01939
2137.03419	0.01940
2135.10546	0.01940
2133.17673	0.01936
2131.24800	0.01930
2129.31927	0.01921
2127.39054	0.01911
2125.46180	0.01901
2123.53307	0.01896
2121.60434	0.01896
2119.67561	0.01893
2117.74688	0.01886
2115.81815	0.01882
2113.88942	0.01882
2111.96069	0.01882
2110.03195	0.01879
2108.10322	0.01873
2106.17449	0.01867
2104.24576	0.01866
2102.31703	0.01866
2100.38830	0.01861
2098.45957	0.01851
2096.53084	0.01841
2094.60210	0.01836
2092.67337	0.01841
2090.74464	0.01841
2088.81591	0.01829
2086.88718	0.01804
2084.95845	0.01771
2083.02972	0.01734
2081.10099	0.01697
2079.17225	0.01661
2077.24352	0.01625
2075.31479	0.01591
2073.38606	0.01555
2071.45733	0.01523
2069.52860	0.01502
2067.59987	0.01491
2065.67114	0.01487
2063.74240	0.01486
2061.81367	0.01486
2059.88494	0.01493
2057.95621	0.01514
2056.02748	0.01544
2054.09875	0.01572
2052.17002	0.01603
2050.24129	0.01644
2048.31256	0.01697
2046.38382	0.01754
2044.45509	0.01808
2042.52636	0.01856
2040.59763	0.01899
2038.66890	0.01940
2036.74017	0.01976
2034.81144	0.01999
2032.88271	0.02012
2030.95397	0.02027
2029.02524	0.02047
2027.09651	0.02070
2025.16778	0.02097
2023.23905	0.02127
2021.31032	0.02154
2019.38159	0.02176
2017.45286	0.02192
2015.52412	0.02205
2013.59539	0.02221
2011.66666	0.02243
2009.73793	0.02266
2007.80920	0.02284
2005.88047	0.02295
2003.95174	0.02300
2002.02301	0.02306
2000.09427	0.02318
1998.16554	0.02333
1996.23681	0.02346
1994.30808	0.02355
1992.37935	0.02362
1990.45062	0.02363
1988.52189	0.02357
1986.59316	0.02345
1984.66442	0.02334
1982.73569	0.02329
1980.80696	0.02326
1978.87823	0.02327
1976.94950	0.02328
1975.02077	0.02332
1973.09204	0.02336
1971.16331	0.02339
1969.23458	0.02338
1967.30584	0.02337
1965.37711	0.02335
1963.44838	0.02331
1961.51965	0.02326
1959.59092	0.02325
1957.66219	0.02331
1955.73346	0.02335
1953.80473	0.02333
1951.87599	0.02329
1949.94726	0.02336
1948.01853	0.02349
1946.08980	0.02364
1944.16107	0.02381
1942.23234	0.02395
1940.30361	0.02393
1938.37488	0.02384
1936.44614	0.02379
1934.51741	0.02382
1932.58868	0.02389
1930.65995	0.02396
1928.73122	0.02401
1926.80249	0.02396
1924.87376	0.02394
1922.94503	0.02393
1921.01629	0.02392
1919.08756	0.02396
1917.15883	0.02405
1915.23010	0.02416
1913.30137	0.02430
1911.37264	0.02446
1909.44391	0.02460
1907.51518	0.02470
1905.58644	0.02480
1903.65771	0.02497
1901.72898	0.02523
1899.80025	0.02552
1897.87152	0.02580
1895.94279	0.02605
1894.01406	0.02627
1892.08533	0.02647
1890.15660	0.02667
1888.22786	0.02683
1886.29913	0.02692
1884.37040	0.02695
1882.44167	0.02695
1880.51294	0.02695
1878.58421	0.02695
1876.65548	0.02693
1874.72675	0.02688
1872.79801	0.02681
1870.86928	0.02678
1868.94055	0.02671
1867.01182	0.02645
1865.08309	0.02603
1863.15436	0.02552
1861.22563	0.02499
1859.29690	0.02446
1857.36816	0.02393
1855.43943	0.02339
1853.51070	0.02290
1851.58197	0.02255
1849.65324	0.02229
1847.72451	0.02206
1845.79578	0.02180
1843.86705	0.02146
1841.93831	0.02112
1840.00958	0.02089
1838.08085	0.02074
1836.15212	0.02059
1834.22339	0.02048
1832.29466	0.02049
1830.36593	0.02053
1828.43720	0.02048
1826.50846	0.02041
1824.57973	0.02040
1822.65100	0.02039
1820.72227	0.02037
1818.79354	0.02041
1816.86481	0.02051
1814.93608	0.02068
1813.00735	0.02090
1811.07862	0.02106
1809.14988	0.02108
1807.22115	0.02110
1805.29242	0.02124
1803.36369	0.02147
1801.43496	0.02167
1799.50623	0.02182
1797.57750	0.02198
1795.64877	0.02221
1793.72003	0.02247
1791.79130	0.02267
1789.86257	0.02271
1787.93384	0.02272
1786.00511	0.02282
1784.07638	0.02298
1782.14765	0.02315
1780.21892	0.02329
1778.29018	0.02336
1776.36145	0.02348
1774.43272	0.02373
1772.50399	0.02401
1770.57526	0.02410
1768.64653	0.02399
1766.71780	0.02390
1764.78907	0.02398
1762.86033	0.02421
1760.93160	0.02440
1759.00287	0.02445
1757.07414	0.02450
1755.14541	0.02465
1753.21668	0.02498
1751.28795	0.02551
1749.35922	0.02612
1747.43048	0.02660
1745.50175	0.02696
1743.57302	0.02729
1741.64429	0.02767
1739.71556	0.02810
1737.78683	0.02856
1735.85810	0.02908
1733.92937	0.02964
1732.00064	0.03005
1730.07190	0.03035
1728.14317	0.03067
1726.21444	0.03106
1724.28571	0.03150
1722.35698	0.03205
1720.42825	0.03279
1718.49952	0.03383
1716.57079	0.03484
1714.64205	0.03546
1712.71332	0.03587
1710.78459	0.03641
1708.85586	0.03719
1706.92713	0.03818
1704.99840	0.03923
1703.06967	0.04029
1701.14094	0.04157
1699.21220	0.04309
1697.28347	0.04457
1695.35474	0.04599
1693.42601	0.04735
1691.49728	0.04870
1689.56855	0.05022
1687.63982	0.05191
1685.71109	0.05398
1683.78235	0.05642
1681.85362	0.05839
1679.92489	0.05980
1677.99616	0.06128
1676.06743	0.06318
1674.13870	0.06529
1672.20997	0.06730
1670.28124	0.06937
1668.35250	0.07137
1666.42377	0.07300
1664.49504	0.07456
1662.56631	0.07629
1660.63758	0.07780
1658.70885	0.07887
1656.78012	0.07970
1654.85139	0.08058
1652.92266	0.08150
1650.99392	0.08214
1649.06519	0.08262
1647.13646	0.08320
1645.20773	0.08367
1643.27900	0.08388
1641.35027	0.08405
1639.42154	0.08422
1637.49281	0.08402
1635.56407	0.08298
1633.63534	0.08135
1631.70661	0.08000
1629.77788	0.07913
1627.84915	0.07830
1625.92042	0.07697
1623.99169	0.07492
1622.06296	0.07244
1620.13422	0.07005
1618.20549	0.06763
1616.27676	0.06464
1614.34803	0.06145
1612.41930	0.05857
1610.49057	0.05583
1608.56184	0.05298
1606.63311	0.05005
1604.70437	0.04718
1602.77564	0.04443
1600.84691	0.04194
1598.91818	0.03995
1596.98945	0.03852
1595.06072	0.03747
1593.13199	0.03658
1591.20326	0.03579
1589.27452	0.03511
1587.34579	0.03460
1585.41706	0.03424
1583.48833	0.03405
1581.55960	0.03412
1579.63087	0.03453
1577.70214	0.03524
1575.77341	0.03589
1573.84468	0.03621
1571.91594	0.03646
1569.98721	0.03688
1568.05848	0.03741
1566.12975	0.03802
1564.20102	0.03877
1562.27229	0.03967
1560.34356	0.04081
1558.41483	0.04188
1556.48609	0.04227
1554.55736	0.04235
1552.62863	0.04254
1550.69990	0.04284
1548.77117	0.04313
1546.84244	0.04339
1544.91371	0.04369
1542.98498	0.04395
1541.05624	0.04383
1539.12751	0.04313
1537.19878	0.04234
1535.27005	0.04180
1533.34132	0.04131
1531.41259	0.04066
1529.48386	0.04000
1527.55513	0.03941
1525.62639	0.03878
1523.69766	0.03807
1521.76893	0.03720
1519.84020	0.03621
1517.91147	0.03519
1515.98274	0.03403
1514.05401	0.03280
1512.12528	0.03177
1510.19654	0.03114
1508.26781	0.03053
1506.33908	0.02920
1504.41035	0.02745
1502.48162	0.02617
1500.55289	0.02535
1498.62416	0.02463
1496.69543	0.02384
1494.76670	0.02313
1492.83796	0.02273
1490.90923	0.02249
1488.98050	0.02207
1487.05177	0.02145
1485.12304	0.02096
1483.19431	0.02077
1481.26558	0.02073
1479.33685	0.02076
1477.40811	0.02100
1475.47938	0.02167
1473.55065	0.02270
1471.62192	0.02368
1469.69319	0.02428
1467.76446	0.02466
1465.83573	0.02496
1463.90700	0.02504
1461.97826	0.02496
1460.04953	0.02501
1458.12080	0.02527
1456.19207	0.02531
1454.26334	0.02492
1452.33461	0.02437
1450.40588	0.02387
1448.47715	0.02338
1446.54841	0.02280
1444.61968	0.02214
1442.69095	0.02143
1440.76222	0.02073
1438.83349	0.02006
1436.90476	0.01940
1434.97603	0.01875
1433.04730	0.01814
1431.11856	0.01736
1429.18983	0.01613
1427.26110	0.01447
1425.33237	0.01249
1423.40364	0.01022
1421.47491	0.00768
1419.54618	0.00463
1417.61745	0.00121
1415.68872	-0.00188
1413.75998	-0.00452
1411.83125	-0.00700
1409.90252	-0.00940
1407.97379	-0.01168
1406.04506	-0.01381
1404.11633	-0.01557
1402.18760	-0.01667
1400.25887	-0.01705
1398.33013	-0.01676
1396.40140	-0.01579
1394.47267	-0.01421
1392.54394	-0.01252
1390.61521	-0.01184
1388.68648	-0.01359
1386.75775	-0.01755
1384.82902	-0.01954
1382.90028	-0.01552
1380.97155	-0.00708
1379.04282	0.00104
1377.11409	0.00659
1375.18536	0.01030
1373.25663	0.01314
1371.32790	0.01536
1369.39917	0.01714
1367.47043	0.01858
1365.54170	0.01969
1363.61297	0.02052
1361.68424	0.02106
1359.75551	0.02122
1357.82678	0.02117
1355.89805	0.02117
1353.96932	0.02145
1352.04058	0.02204
1350.11185	0.02284
1348.18312	0.02354
1346.25439	0.02385
1344.32566	0.02381
1342.39693	0.02381
1340.46820	0.02390
1338.53947	0.02386
1336.61074	0.02371
1334.68200	0.02366
1332.75327	0.02376
1330.82454	0.02388
1328.89581	0.02362
1326.96708	0.02309
1325.03835	0.02249
1323.10962	0.02211
1321.18089	0.02216
1319.25215	0.02253
1317.32342	0.02300
1315.39469	0.02353
1313.46596	0.02417
1311.53723	0.02490
1309.60850	0.02561
1307.67977	0.02628
1305.75104	0.02694
1303.82230	0.02766
1301.89357	0.02845
1299.96484	0.02921
1298.03611	0.02990
1296.10738	0.03058
1294.17865	0.03136
1292.24992	0.03233
1290.32119	0.03336
1288.39245	0.03433
1286.46372	0.03539
1284.53499	0.03686
1282.60626	0.03876
1280.67753	0.04089
1278.74880	0.04316
1276.82007	0.04569
1274.89134	0.04852
1272.96260	0.05166
1271.03387	0.05524
1269.10514	0.05943
1267.17641	0.06426
1265.24768	0.06972
1263.31895	0.07582
1261.39022	0.08266
1259.46149	0.09031
1257.53276	0.09872
1255.60402	0.10773
1253.67529	0.11708
1251.74656	0.12651
1249.81783	0.13568
1247.88910	0.14447
1245.96037	0.15286
1244.03164	0.16076
1242.10291	0.16801
1240.17417	0.17446
1238.24544	0.18023
1236.31671	0.18546
1234.38798	0.19019
1232.45925	0.19441
1230.53052	0.19816
1228.60179	0.20152
1226.67306	0.20462
1224.74432	0.20769
1222.81559	0.21075
1220.88686	0.21362
1218.95813	0.21637
1217.02940	0.21909
1215.10067	0.22179
1213.17194	0.22462
1211.24321	0.22759
1209.31447	0.23039
1207.38574	0.23303
1205.45701	0.23575
1203.52828	0.23862
1201.59955	0.24163
1199.67082	0.24477
1197.74209	0.24788
1195.81336	0.25096
1193.88462	0.25416
1191.95589	0.25744
1190.02716	0.26068
1188.09843	0.26381
1186.16970	0.26689
1184.24097	0.27026
1182.31224	0.27391
1180.38351	0.27728
1178.45478	0.28028
1176.52604	0.28321
1174.59731	0.28621
1172.66858	0.28915
1170.73985	0.29189
1168.81112	0.29450
1166.88239	0.29704
1164.95366	0.29951
1163.02493	0.30201
1161.09619	0.30435
1159.16746	0.30601
1157.23873	0.30711
1155.31000	0.30833
1153.38127	0.30986
1151.45254	0.31127
1149.52381	0.31237
1147.59508	0.31349
1145.66634	0.31490
1143.73761	0.31623
1141.80888	0.31722
1139.88015	0.31834
1137.95142	0.31989
1136.02269	0.32172
1134.09396	0.32383
1132.16523	0.32628
1130.23649	0.32913
1128.30776	0.33249
1126.37903	0.33598
1124.45030	0.33912
1122.52157	0.34217
1120.59284	0.34593
1118.66411	0.35054
1116.73538	0.35583
1114.80664	0.36169
1112.87791	0.36758
1110.94918	0.37327
1109.02045	0.37925
1107.09172	0.38569
1105.16299	0.39195
1103.23426	0.39760
1101.30553	0.40263
1099.37680	0.40693
1097.44806	0.41046
1095.51933	0.41343
1093.59060	0.41575
1091.66187	0.41734
1089.73314	0.41848
1087.80441	0.41898
1085.87568	0.41898
1083.94695	0.41928
1082.01821	0.41937
1080.08948	0.41827
1078.16075	0.41682
1076.23202	0.41636
1074.30329	0.41666
1072.37456	0.41679
1070.44583	0.41600
1068.51710	0.41440
1066.58836	0.41339
1064.65963	0.41333
1062.73090	0.41320
1060.80217	0.41252
1058.87344	0.41124
1056.94471	0.40965
1055.01598	0.40858
1053.08725	0.40820
1051.15851	0.40790
1049.22978	0.40730
1047.30105	0.40656
1045.37232	0.40625
1043.44359	0.40629
1041.51486	0.40602
1039.58613	0.40572
1037.65740	0.40573
1035.72866	0.40577
1033.79993	0.40555
1031.87120	0.40520
1029.94247	0.40525
1028.01374	0.40578
1026.08501	0.40610
1024.15628	0.40608
1022.22755	0.40614
1020.29882	0.40604
1018.37008	0.40530
1016.44135	0.40435
1014.51262	0.40356
1012.58389	0.40237
1010.65516	0.40037
1008.72643	0.39761
1006.79770	0.39406
1004.86897	0.38973
1002.94023	0.38469
1001.01150	0.37905
999.08277	0.37319
997.15404	0.36688
995.22531	0.35944
993.29658	0.35096
991.36785	0.34232
989.43912	0.33417
987.51038	0.32657
985.58165	0.31921
983.65292	0.31188
981.72419	0.30469
979.79546	0.29789
977.86673	0.29156
975.93800	0.28539
974.00927	0.27895
972.08053	0.27273
970.15180	0.26643
968.22307	0.26004
966.29434	0.25353
964.36561	0.24702
962.43688	0.24082
960.50815	0.23511
958.57942	0.22956
956.65068	0.22372
954.72195	0.21787
952.79322	0.21250
950.86449	0.20736
948.93576	0.20200
947.00703	0.19662
945.07830	0.19139
943.14957	0.18619
941.22084	0.18114
939.29210	0.17636
937.36337	0.17148
935.43464	0.16617
933.50591	0.16071
931.57718	0.15553
929.64845	0.15082
927.71972	0.14659
925.79099	0.14264
923.86225	0.13882
921.93352	0.13492
920.00479	0.13072
918.07606	0.12644
916.14733	0.12208
914.21860	0.11752
912.28987	0.11299
910.36114	0.10850
908.43240	0.10353
906.50367	0.09810
904.57494	0.09279
902.64621	0.08759
900.71748	0.08235
898.78875	0.07739
896.86002	0.07275
894.93129	0.06810
893.00255	0.06330
891.07382	0.05863
889.14509	0.05427
887.21636	0.05003
885.28763	0.04585
883.35890	0.04193
881.43017	0.03843
879.50144	0.03530
877.57270	0.03238
875.64397	0.02939
873.71524	0.02626
871.78651	0.02325
869.85778	0.02056
867.92905	0.01799
866.00032	0.01544
864.07159	0.01294
862.14286	0.01046
860.21412	0.00781
858.28539	0.00513
856.35666	0.00290
854.42793	0.00103
852.49920	-0.00111
850.57047	-0.00334
848.64174	-0.00495
846.71301	-0.00598
844.78427	-0.00693
842.85554	-0.00767
840.92681	-0.00789
838.99808	-0.00774
837.06935	-0.00721
835.14062	-0.00616
833.21189	-0.00467
831.28316	-0.00313
829.35442	-0.00173
827.42569	-0.00009
825.49696	0.00200
823.56823	0.00424
821.63950	0.00639
819.71077	0.00845
817.78204	0.01073
815.85331	0.01370
813.92457	0.01728
811.99584	0.02074
810.06711	0.02419
808.13838	0.02854
806.20965	0.03324
804.28092	0.03706
802.35219	0.03997
800.42346	0.04237
798.49472	0.04406
796.56599	0.04476
794.63726	0.04446
792.70853	0.04364
790.77980	0.04303
788.85107	0.04270
786.92234	0.04223
784.99361	0.04151
783.06488	0.04061
781.13614	0.03941
779.20741	0.03750
777.27868	0.03492
775.34995	0.03237
773.42122	0.03007
771.49249	0.02795
769.56376	0.02637
767.63503	0.02546
765.70629	0.02505
763.77756	0.02482
761.84883	0.02493
759.92010	0.02511
757.99137	0.02519
756.06264	0.02516
754.13391	0.02510
752.20518	0.02495
750.27644	0.02477
748.34771	0.02484
746.41898	0.02495
744.49025	0.02468
742.56152	0.02423
740.63279	0.02402
738.70406	0.02407
736.77533	0.02403
734.84659	0.02345
732.91786	0.02266
730.98913	0.02223
729.06040	0.02210
727.13167	0.02211
725.20294	0.02191
723.27421	0.02117
721.34548	0.02041
719.41674	0.01997
717.48801	0.01924
715.55928	0.01815
713.63055	0.01742
711.70182	0.01716
709.77309	0.01690
707.84436	0.01667
705.91563	0.01707
703.98690	0.01805
702.05816	0.01897
700.12943	0.01986
698.20070	0.02110
696.27197	0.02227
694.34324	0.02269
692.41451	0.02258
690.48578	0.02269
688.55705	0.02334
686.62831	0.02415
684.69958	0.02450
682.77085	0.02448
680.84212	0.02463
678.91339	0.02473
676.98466	0.02424
675.05593	0.02304
673.12720	0.02146
671.19846	0.02007
669.26973	0.01939
667.34100	0.01820
665.41227	0.01605
663.48354	0.01439
661.55481	0.01327
659.62608	0.01221
657.69735	0.01124
655.76861	0.01051
653.83988	0.01066
651.91115	0.01194
649.98242	0.01340
648.05369	0.01396
646.12496	0.01405
644.19623	0.01496
642.26750	0.01702
640.33876	0.01939
638.41003	0.02099
636.48130	0.02118
634.55257	0.02021
632.62384	0.01890
630.69511	0.01742
628.76638	0.01512
626.83765	0.01205
624.90892	0.00936
622.98018	0.00737
621.05145	0.00598
619.12272	0.00542
617.19399	0.00551
615.26526	0.00660
613.33653	0.00932
611.40780	0.01298
609.47907	0.01640
607.55033	0.01883
605.62160	0.02033
603.69287	0.02188
601.76414	0.02428
599.83541	0.02722
597.90668	0.02964
595.97795	0.03092
594.04922	0.03134
592.12048	0.03131
590.19175	0.03138
588.26302	0.03210
586.33429	0.03296
584.40556	0.03290
582.47683	0.03173
580.54810	0.03033
578.61937	0.02916
576.69063	0.02792
574.76190	0.02680
572.83317	0.02616
570.90444	0.02524
568.97571	0.02169
567.04698	0.01758
565.11825	0.01247
563.18952	0.00698
561.26078	0.00281
559.33205	0.00025
557.40332	-0.00136
555.47459	-0.00236
553.54586	-0.00327
551.61713	-0.00454
549.68840	-0.00598
547.75967	-0.00695
545.83094	-0.00678
543.90220	-0.00571
541.97347	-0.00550
540.04474	-0.00776
538.11601	-0.01165
536.18728	-0.01465
534.25855	-0.01617
532.32982	-0.01804
530.40109	-0.02126
528.47235	-0.02475
526.54362	-0.02736
524.61489	-0.02961
522.68616	-0.03231
520.75743	-0.03533
518.82870	-0.03807
516.89997	-0.04038
514.97124	-0.04218
513.04250	-0.04302
511.11377	-0.04372
509.18504	-0.04502
507.25631	-0.04526
505.32758	-0.04341
503.39885	-0.04062
501.47012	-0.03727
499.54139	-0.03229
497.61265	-0.02590
495.68392	-0.02069
493.75519	-0.01754
491.82646	-0.01469
489.89773	-0.01159
487.96900	-0.00835
486.04027	-0.00337
484.11154	0.00461
482.18280	0.01376
480.25407	0.02172
478.32534	0.02799
476.39661	0.03281
474.46788	0.03685
472.53915	0.03977
470.61042	0.04052
468.68169	0.04100
466.75296	0.04325
464.82422	0.04387
462.89549	0.03757
460.96676	0.02678
459.03803	0.02184
457.10930	0.02351
455.18057	0.02863
453.25184	0.03312
451.32311	0.03620
449.39437	0.03726
447.46564	0.03579
445.53691	0.03615
443.60818	0.04170
441.67945	0.04847
439.75072	0.05093
437.82199	0.04757
435.89326	0.04176
433.96452	0.03794
432.03579	0.03530
430.10706	0.03122
428.17833	0.02659
426.24960	0.02342
424.32087	0.02290
422.39214	0.02453
420.46341	0.02592
418.53467	0.02439
416.60594	0.01749
414.67721	0.00640
412.74848	-0.00395
410.81975	-0.01104
408.89102	-0.00929
406.96229	-0.00273
405.03356	-0.00233
403.10482	-0.00054
401.17609	0.01149
399.24736	0.02246
397.31863	0.01457
395.38990	-0.00427
393.46117	-0.01351
391.53244	-0.00960
389.60371	0.00418
387.67498	0.02484
385.74624	0.03871
383.81751	0.03201
381.88878	0.01968
379.96005	0.02592
378.03132	0.04687
376.10259	0.05576
374.17386	0.03733
372.24513	0.01344
370.31639	0.00346
368.38766	-0.00037
