7496.97825	-0.00188
7495.04952	-0.00207
7493.12079	-0.00079
7491.19206	0.00018
7489.26333	0.00123
7487.33459	0.00350
7485.40586	0.00593
7483.47713	0.00627
7481.54840	0.00566
7479.61967	0.00674
7477.69094	0.00746
7475.76221	0.00583
7473.83348	0.00483
7471.90474	0.00594
7469.97601	0.00652
7468.04728	0.00490
7466.11855	0.00233
7464.18982	0.00076
7462.26109	-0.00002
7460.33236	-0.00089
7458.40363	-0.00024
7456.47489	0.00224
7454.54616	0.00326
7452.61743	0.00241
7450.68870	0.00260
7448.75997	0.00290
7446.83124	0.00178
7444.90251	0.00208
7442.97378	0.00319
7441.04504	0.00173
7439.11631	-0.00036
7437.18758	-0.00044
7435.25885	0.00017
7433.33012	0.00006
7431.40139	-0.00008
7429.47266	0.00050
7427.54393	0.00185
7425.61520	0.00343
7423.68646	0.00405
7421.75773	0.00472
7419.82900	0.00667
7417.90027	0.00668
7415.97154	0.00357
7414.04281	0.00192
7412.11408	0.00289
7410.18535	0.00309
7408.25661	0.00302
7406.32788	0.00447
7404.39915	0.00371
7402.47042	-0.00130
7400.54169	-0.00486
7398.61296	-0.00332
7396.68423	-0.00054
7394.75550	-0.00054
7392.82676	-0.00199
7390.89803	-0.00131
7388.96930	0.00068
7387.04057	0.00039
7385.11184	-0.00056
7383.18311	0.00057
7381.25438	0.00117
7379.32565	0.00002
7377.39691	-0.00014
7375.46818	0.00109
7373.53945	0.00135
7371.61072	-0.00073
7369.68199	-0.00371
7367.75326	-0.00526
7365.82453	-0.00522
7363.89580	-0.00391
7361.96706	-0.00151
7360.03833	0.00011
7358.10960	-0.00086
7356.18087	-0.00266
7354.25214	-0.00085
7352.32341	0.00309
7350.39468	0.00280
7348.46595	-0.00071
7346.53722	-0.00140
7344.60848	0.00106
7342.67975	0.00349
7340.75102	0.00400
7338.82229	0.00282
7336.89356	0.00153
7334.96483	-0.00010
7333.03610	-0.00269
7331.10737	-0.00441
7329.17863	-0.00463
7327.24990	-0.00538
7325.32117	-0.00609
7323.39244	-0.00453
7321.46371	-0.00212
7319.53498	-0.00062
7317.60625	0.00093
7315.67752	0.00145
7313.74878	0.00020
7311.82005	-0.00025
7309.89132	0.00029
7307.96259	-0.00029
7306.03386	-0.00170
7304.10513	-0.00304
7302.17640	-0.00421
7300.24767	-0.00508
7298.31893	-0.00533
7296.39020	-0.00503
7294.46147	-0.00516
7292.53274	-0.00589
7290.60401	-0.00531
7288.67528	-0.00306
7286.74655	-0.00208
7284.81782	-0.00263
7282.88908	-0.00195
7280.96035	-0.00043
7279.03162	0.00024
7277.10289	0.00011
7275.17416	-0.00057
7273.24543	-0.00171
7271.31670	-0.00355
7269.38797	-0.00567
7267.45924	-0.00733
7265.53050	-0.00812
7263.60177	-0.00678
7261.67304	-0.00339
7259.74431	-0.00017
7257.81558	0.00135
7255.88685	0.00042
7253.95812	-0.00269
7252.02939	-0.00583
7250.10065	-0.00732
7248.17192	-0.00820
7246.24319	-0.00853
7244.31446	-0.00557
7242.38573	-0.00046
7240.45700	0.00158
7238.52827	0.00096
7236.59954	0.00179
7234.67080	0.00321
7232.74207	0.00183
7230.81334	-0.00152
7228.88461	-0.00296
7226.95588	-0.00158
7225.02715	0.00018
7223.09842	-0.00007
7221.16969	-0.00245
7219.24095	-0.00465
7217.31222	-0.00473
7215.38349	-0.00313
7213.45476	-0.00088
7211.52603	0.00074
7209.59730	0.00040
7207.66857	-0.00134
7205.73984	-0.00196
7203.81110	-0.00058
7201.88237	0.00034
7199.95364	-0.00098
7198.02491	-0.00339
7196.09618	-0.00539
7194.16745	-0.00621
7192.23872	-0.00624
7190.30999	-0.00647
7188.38126	-0.00603
7186.45252	-0.00392
7184.52379	-0.00173
7182.59506	-0.00067
7180.66633	-0.00008
7178.73760	-0.00033
7176.80887	-0.00158
7174.88014	-0.00254
7172.95141	-0.00313
7171.02267	-0.00397
7169.09394	-0.00358
7167.16521	-0.00123
7165.23648	0.00012
7163.30775	-0.00098
7161.37902	-0.00159
7159.45029	-0.00027
7157.52156	0.00006
7155.59282	-0.00164
7153.66409	-0.00281
7151.73536	-0.00203
7149.80663	-0.00152
7147.87790	-0.00358
7145.94917	-0.00654
7144.02044	-0.00705
7142.09171	-0.00479
7140.16297	-0.00263
7138.23424	-0.00200
7136.30551	-0.00206
7134.37678	-0.00227
7132.44805	-0.00270
7130.51932	-0.00290
7128.59059	-0.00226
7126.66186	-0.00157
7124.73312	-0.00176
7122.80439	-0.00247
7120.87566	-0.00361
7118.94693	-0.00459
7117.01820	-0.00299
7115.08947	0.00027
7113.16074	0.00111
7111.23201	-0.00050
7109.30328	-0.00244
7107.37454	-0.00434
7105.44581	-0.00561
7103.51708	-0.00550
7101.58835	-0.00523
7099.65962	-0.00550
7097.73089	-0.00470
7095.80216	-0.00219
7093.87343	-0.00013
7091.94469	-0.00011
7090.01596	-0.00121
7088.08723	-0.00256
7086.15850	-0.00397
7084.22977	-0.00450
7082.30104	-0.00439
7080.37231	-0.00464
7078.44358	-0.00402
7076.51484	-0.00205
7074.58611	-0.00109
7072.65738	-0.00235
7070.72865	-0.00411
7068.79992	-0.00406
7066.87119	-0.00219
7064.94246	-0.00084
7063.01373	-0.00166
7061.08499	-0.00355
7059.15626	-0.00503
7057.22753	-0.00578
7055.29880	-0.00536
7053.37007	-0.00358
7051.44134	-0.00129
7049.51261	-0.00028
7047.58388	-0.00098
7045.65514	-0.00141
7043.72641	-0.00151
7041.79768	-0.00342
7039.86895	-0.00654
7037.94022	-0.00806
7036.01149	-0.00695
7034.08276	-0.00454
7032.15403	-0.00274
7030.22530	-0.00146
7028.29656	0.00036
7026.36783	0.00087
7024.43910	-0.00155
7022.51037	-0.00387
7020.58164	-0.00370
7018.65291	-0.00291
7016.72418	-0.00278
7014.79545	-0.00231
7012.86671	-0.00170
7010.93798	-0.00249
7009.00925	-0.00422
7007.08052	-0.00487
7005.15179	-0.00453
7003.22306	-0.00475
7001.29433	-0.00407
6999.36560	-0.00124
6997.43686	0.00007
6995.50813	-0.00233
6993.57940	-0.00561
6991.65067	-0.00665
6989.72194	-0.00508
6987.79321	-0.00318
6985.86448	-0.00266
6983.93575	-0.00271
6982.00701	-0.00227
6980.07828	-0.00177
6978.14955	-0.00240
6976.22082	-0.00414
6974.29209	-0.00579
6972.36336	-0.00665
6970.43463	-0.00703
6968.50590	-0.00733
6966.57716	-0.00659
6964.64843	-0.00411
6962.71970	-0.00180
6960.79097	-0.00180
6958.86224	-0.00329
6956.93351	-0.00388
6955.00478	-0.00319
6953.07605	-0.00283
6951.14732	-0.00313
6949.21858	-0.00366
6947.28985	-0.00488
6945.36112	-0.00603
6943.43239	-0.00586
6941.50366	-0.00463
6939.57493	-0.00268
6937.64620	-0.00100
6935.71747	-0.00090
6933.78873	-0.00162
6931.86000	-0.00175
6929.93127	-0.00133
6928.00254	-0.00148
6926.07381	-0.00283
6924.14508	-0.00451
6922.21635	-0.00517
6920.28762	-0.00479
6918.35888	-0.00472
6916.43015	-0.00509
6914.50142	-0.00485
6912.57269	-0.00448
6910.64396	-0.00456
6908.71523	-0.00462
6906.78650	-0.00510
6904.85777	-0.00627
6902.92903	-0.00663
6901.00030	-0.00507
6899.07157	-0.00291
6897.14284	-0.00269
6895.21411	-0.00407
6893.28538	-0.00401
6891.35665	-0.00257
6889.42792	-0.00281
6887.49918	-0.00474
6885.57045	-0.00559
6883.64172	-0.00485
6881.71299	-0.00362
6879.78426	-0.00260
6877.85553	-0.00288
6875.92680	-0.00407
6873.99807	-0.00425
6872.06934	-0.00357
6870.14060	-0.00349
6868.21187	-0.00399
6866.28314	-0.00446
6864.35441	-0.00458
6862.42568	-0.00397
6860.49695	-0.00295
6858.56822	-0.00241
6856.63949	-0.00239
6854.71075	-0.00300
6852.78202	-0.00429
6850.85329	-0.00546
6848.92456	-0.00592
6846.99583	-0.00528
6845.06710	-0.00433
6843.13837	-0.00523
6841.20964	-0.00738
6839.28090	-0.00740
6837.35217	-0.00471
6835.42344	-0.00169
6833.49471	-0.00056
6831.56598	-0.00143
6829.63725	-0.00211
6827.70852	-0.00167
6825.77979	-0.00136
6823.85105	-0.00168
6821.92232	-0.00173
6819.99359	-0.00147
6818.06486	-0.00241
6816.13613	-0.00473
6814.20740	-0.00644
6812.27867	-0.00596
6810.34994	-0.00340
6808.42120	-0.00076
6806.49247	-0.00012
6804.56374	-0.00160
6802.63501	-0.00330
6800.70628	-0.00344
6798.77755	-0.00279
6796.84882	-0.00298
6794.92009	-0.00311
6792.99136	-0.00212
6791.06262	-0.00204
6789.13389	-0.00389
6787.20516	-0.00515
6785.27643	-0.00455
6783.34770	-0.00329
6781.41897	-0.00222
6779.49024	-0.00160
6777.56151	-0.00230
6775.63277	-0.00420
6773.70404	-0.00495
6771.77531	-0.00381
6769.84658	-0.00253
6767.91785	-0.00187
6765.98912	-0.00257
6764.06039	-0.00428
6762.13166	-0.00486
6760.20292	-0.00432
6758.27419	-0.00409
6756.34546	-0.00446
6754.41673	-0.00529
6752.48800	-0.00595
6750.55927	-0.00563
6748.63054	-0.00482
6746.70181	-0.00491
6744.77307	-0.00579
6742.84434	-0.00582
6740.91561	-0.00511
6738.98688	-0.00441
6737.05815	-0.00308
6735.12942	-0.00204
6733.20069	-0.00276
6731.27196	-0.00426
6729.34322	-0.00525
6727.41449	-0.00597
6725.48576	-0.00706
6723.55703	-0.00758
6721.62830	-0.00679
6719.69957	-0.00611
6717.77084	-0.00632
6715.84211	-0.00685
6713.91338	-0.00727
6711.98464	-0.00678
6710.05591	-0.00516
6708.12718	-0.00372
6706.19845	-0.00302
6704.26972	-0.00270
6702.34099	-0.00310
6700.41226	-0.00483
6698.48353	-0.00709
6696.55479	-0.00739
6694.62606	-0.00576
6692.69733	-0.00474
6690.76860	-0.00461
6688.83987	-0.00505
6686.91114	-0.00627
6684.98241	-0.00739
6683.05368	-0.00762
6681.12494	-0.00734
6679.19621	-0.00723
6677.26748	-0.00673
6675.33875	-0.00595
6673.41002	-0.00615
6671.48129	-0.00669
6669.55256	-0.00625
6667.62383	-0.00566
6665.69509	-0.00609
6663.76636	-0.00654
6661.83763	-0.00626
6659.90890	-0.00612
6657.98017	-0.00619
6656.05144	-0.00586
6654.12271	-0.00523
6652.19398	-0.00475
6650.26524	-0.00488
6648.33651	-0.00502
6646.40778	-0.00432
6644.47905	-0.00359
6642.55032	-0.00345
6640.62159	-0.00371
6638.69286	-0.00447
6636.76413	-0.00558
6634.83540	-0.00696
6632.90666	-0.00826
6630.97793	-0.00812
6629.04920	-0.00619
6627.12047	-0.00419
6625.19174	-0.00373
6623.26301	-0.00455
6621.33428	-0.00501
6619.40555	-0.00484
6617.47681	-0.00537
6615.54808	-0.00598
6613.61935	-0.00553
6611.69062	-0.00533
6609.76189	-0.00605
6607.83316	-0.00693
6605.90443	-0.00696
6603.97570	-0.00564
6602.04696	-0.00480
6600.11823	-0.00584
6598.18950	-0.00670
6596.26077	-0.00599
6594.33204	-0.00536
6592.40331	-0.00531
6590.47458	-0.00491
6588.54585	-0.00467
6586.61711	-0.00510
6584.68838	-0.00563
6582.75965	-0.00589
6580.83092	-0.00574
6578.90219	-0.00526
6576.97346	-0.00490
6575.04473	-0.00511
6573.11600	-0.00608
6571.18726	-0.00690
6569.25853	-0.00617
6567.32980	-0.00483
6565.40107	-0.00534
6563.47234	-0.00710
6561.54361	-0.00745
6559.61488	-0.00623
6557.68615	-0.00464
6555.75742	-0.00347
6553.82868	-0.00357
6551.89995	-0.00430
6549.97122	-0.00466
6548.04249	-0.00497
6546.11376	-0.00491
6544.18503	-0.00398
6542.25630	-0.00284
6540.32757	-0.00271
6538.39883	-0.00381
6536.47010	-0.00495
6534.54137	-0.00527
6532.61264	-0.00514
6530.68391	-0.00529
6528.75518	-0.00568
6526.82645	-0.00550
6524.89772	-0.00448
6522.96898	-0.00353
6521.04025	-0.00304
6519.11152	-0.00246
6517.18279	-0.00216
6515.25406	-0.00247
6513.32533	-0.00267
6511.39660	-0.00312
6509.46787	-0.00403
6507.53913	-0.00377
6505.61040	-0.00267
6503.68167	-0.00264
6501.75294	-0.00357
6499.82421	-0.00429
6497.89548	-0.00416
6495.96675	-0.00394
6494.03802	-0.00452
6492.10928	-0.00475
6490.18055	-0.00417
6488.25182	-0.00418
6486.32309	-0.00485
6484.39436	-0.00512
6482.46563	-0.00550
6480.53690	-0.00655
6478.60817	-0.00727
6476.67944	-0.00707
6474.75070	-0.00627
6472.82197	-0.00515
6470.89324	-0.00390
6468.96451	-0.00307
6467.03578	-0.00315
6465.10705	-0.00379
6463.17832	-0.00462
6461.24959	-0.00579
6459.32085	-0.00699
6457.39212	-0.00711
6455.46339	-0.00594
6453.53466	-0.00494
6451.60593	-0.00471
6449.67720	-0.00452
6447.74847	-0.00452
6445.81974	-0.00520
6443.89100	-0.00610
6441.96227	-0.00665
6440.03354	-0.00621
6438.10481	-0.00486
6436.17608	-0.00440
6434.24735	-0.00537
6432.31862	-0.00603
6430.38989	-0.00549
6428.46115	-0.00423
6426.53242	-0.00320
6424.60369	-0.00343
6422.67496	-0.00463
6420.74623	-0.00531
6418.81750	-0.00487
6416.88877	-0.00418
6414.96004	-0.00436
6413.03130	-0.00507
6411.10257	-0.00507
6409.17384	-0.00430
6407.24511	-0.00369
6405.31638	-0.00352
6403.38765	-0.00364
6401.45892	-0.00403
6399.53019	-0.00459
6397.60146	-0.00477
6395.67272	-0.00413
6393.74399	-0.00315
6391.81526	-0.00261
6389.88653	-0.00291
6387.95780	-0.00381
6386.02907	-0.00434
6384.10034	-0.00449
6382.17161	-0.00509
6380.24287	-0.00548
6378.31414	-0.00505
6376.38541	-0.00432
6374.45668	-0.00363
6372.52795	-0.00318
6370.59922	-0.00300
6368.67049	-0.00327
6366.74176	-0.00414
6364.81302	-0.00501
6362.88429	-0.00498
6360.95556	-0.00378
6359.02683	-0.00278
6357.09810	-0.00345
6355.16937	-0.00453
6353.24064	-0.00440
6351.31191	-0.00369
6349.38317	-0.00358
6347.45444	-0.00405
6345.52571	-0.00468
6343.59698	-0.00521
6341.66825	-0.00526
6339.73952	-0.00498
6337.81079	-0.00490
6335.88206	-0.00449
6333.95332	-0.00323
6332.02459	-0.00253
6330.09586	-0.00316
6328.16713	-0.00342
6326.23840	-0.00284
6324.30967	-0.00293
6322.38094	-0.00412
6320.45221	-0.00566
6318.52348	-0.00700
6316.59474	-0.00786
6314.66601	-0.00755
6312.73728	-0.00594
6310.80855	-0.00418
6308.87982	-0.00312
6306.95109	-0.00257
6305.02236	-0.00246
6303.09363	-0.00301
6301.16489	-0.00345
6299.23616	-0.00306
6297.30743	-0.00290
6295.37870	-0.00375
6293.44997	-0.00476
6291.52124	-0.00495
6289.59251	-0.00462
6287.66378	-0.00466
6285.73504	-0.00492
6283.80631	-0.00490
6281.87758	-0.00430
6279.94885	-0.00281
6278.02012	-0.00088
6276.09139	-0.00039
6274.16266	-0.00185
6272.23393	-0.00272
6270.30519	-0.00190
6268.37646	-0.00122
6266.44773	-0.00162
6264.51900	-0.00193
6262.59027	-0.00139
6260.66154	-0.00139
6258.73281	-0.00264
6256.80408	-0.00352
6254.87534	-0.00316
6252.94661	-0.00252
6251.01788	-0.00259
6249.08915	-0.00333
6247.16042	-0.00416
6245.23169	-0.00475
6243.30296	-0.00459
6241.37423	-0.00383
6239.44550	-0.00376
6237.51676	-0.00447
6235.58803	-0.00444
6233.65930	-0.00362
6231.73057	-0.00393
6229.80184	-0.00524
6227.87311	-0.00538
6225.94438	-0.00423
6224.01565	-0.00329
6222.08691	-0.00315
6220.15818	-0.00362
6218.22945	-0.00385
6216.30072	-0.00314
6214.37199	-0.00244
6212.44326	-0.00273
6210.51453	-0.00330
6208.58580	-0.00361
6206.65706	-0.00374
6204.72833	-0.00340
6202.79960	-0.00279
6200.87087	-0.00251
6198.94214	-0.00252
6197.01341	-0.00265
6195.08468	-0.00290
6193.15595	-0.00308
6191.22721	-0.00340
6189.29848	-0.00407
6187.36975	-0.00447
6185.44102	-0.00453
6183.51229	-0.00492
6181.58356	-0.00506
6179.65483	-0.00411
6177.72610	-0.00300
6175.79736	-0.00267
6173.86863	-0.00279
6171.93990	-0.00352
6170.01117	-0.00443
6168.08244	-0.00433
6166.15371	-0.00383
6164.22498	-0.00378
6162.29625	-0.00346
6160.36752	-0.00314
6158.43878	-0.00378
6156.51005	-0.00396
6154.58132	-0.00266
6152.65259	-0.00182
6150.72386	-0.00258
6148.79513	-0.00372
6146.86640	-0.00403
6144.93767	-0.00351
6143.00893	-0.00333
6141.08020	-0.00386
6139.15147	-0.00425
6137.22274	-0.00437
6135.29401	-0.00449
6133.36528	-0.00438
6131.43655	-0.00427
6129.50782	-0.00438
6127.57908	-0.00411
6125.65035	-0.00356
6123.72162	-0.00384
6121.79289	-0.00485
6119.86416	-0.00505
6117.93543	-0.00405
6116.00670	-0.00314
6114.07797	-0.00328
6112.14923	-0.00394
6110.22050	-0.00399
6108.29177	-0.00339
6106.36304	-0.00298
6104.43431	-0.00303
6102.50558	-0.00319
6100.57685	-0.00346
6098.64812	-0.00401
6096.71938	-0.00451
6094.79065	-0.00450
6092.86192	-0.00399
6090.93319	-0.00344
6089.00446	-0.00355
6087.07573	-0.00445
6085.14700	-0.00549
6083.21827	-0.00599
6081.28954	-0.00580
6079.36080	-0.00530
6077.43207	-0.00523
6075.50334	-0.00545
6073.57461	-0.00524
6071.64588	-0.00491
6069.71715	-0.00465
6067.78842	-0.00412
6065.85969	-0.00368
6063.93095	-0.00349
6062.00222	-0.00328
6060.07349	-0.00336
6058.14476	-0.00369
6056.21603	-0.00395
6054.28730	-0.00423
6052.35857	-0.00433
6050.42984	-0.00425
6048.50110	-0.00424
6046.57237	-0.00405
6044.64364	-0.00338
6042.71491	-0.00255
6040.78618	-0.00206
6038.85745	-0.00198
6036.92872	-0.00218
6034.99999	-0.00254
6033.07125	-0.00304
6031.14252	-0.00350
6029.21379	-0.00368
6027.28506	-0.00375
6025.35633	-0.00368
6023.42760	-0.00324
6021.49887	-0.00291
6019.57014	-0.00332
6017.64140	-0.00402
6015.71267	-0.00424
6013.78394	-0.00412
6011.85521	-0.00372
6009.92648	-0.00340
6007.99775	-0.00412
6006.06902	-0.00535
6004.14029	-0.00573
6002.21156	-0.00520
6000.28282	-0.00427
5998.35409	-0.00328
5996.42536	-0.00263
5994.49663	-0.00254
5992.56790	-0.00280
5990.63917	-0.00278
5988.71044	-0.00244
5986.78171	-0.00270
5984.85297	-0.00369
5982.92424	-0.00441
5980.99551	-0.00440
5979.06678	-0.00385
5977.13805	-0.00328
5975.20932	-0.00322
5973.28059	-0.00347
5971.35186	-0.00374
5969.42312	-0.00407
5967.49439	-0.00411
5965.56566	-0.00391
5963.63693	-0.00395
5961.70820	-0.00416
5959.77947	-0.00440
5957.85074	-0.00467
5955.92201	-0.00479
5953.99327	-0.00452
5952.06454	-0.00385
5950.13581	-0.00332
5948.20708	-0.00313
5946.27835	-0.00304
5944.34962	-0.00323
5942.42089	-0.00364
5940.49216	-0.00382
5938.56342	-0.00369
5936.63469	-0.00363
5934.70596	-0.00406
5932.77723	-0.00441
5930.84850	-0.00389
5928.91977	-0.00305
5926.99104	-0.00284
5925.06231	-0.00350
5923.13358	-0.00445
5921.20484	-0.00467
5919.27611	-0.00412
5917.34738	-0.00369
5915.41865	-0.00347
5913.48992	-0.00353
5911.56119	-0.00417
5909.63246	-0.00433
5907.70373	-0.00358
5905.77499	-0.00332
5903.84626	-0.00383
5901.91753	-0.00392
5899.98880	-0.00324
5898.06007	-0.00265
5896.13134	-0.00283
5894.20261	-0.00343
5892.27388	-0.00366
5890.34514	-0.00365
5888.41641	-0.00384
5886.48768	-0.00384
5884.55895	-0.00363
5882.63022	-0.00384
5880.70149	-0.00432
5878.77276	-0.00454
5876.84403	-0.00438
5874.91529	-0.00409
5872.98656	-0.00406
5871.05783	-0.00427
5869.12910	-0.00442
5867.20037	-0.00453
5865.27164	-0.00460
5863.34291	-0.00447
5861.41418	-0.00441
5859.48544	-0.00474
5857.55671	-0.00509
5855.62798	-0.00495
5853.69925	-0.00432
5851.77052	-0.00374
5849.84179	-0.00348
5847.91306	-0.00343
5845.98433	-0.00363
5844.05560	-0.00388
5842.12686	-0.00396
5840.19813	-0.00393
5838.26940	-0.00373
5836.34067	-0.00355
5834.41194	-0.00379
5832.48321	-0.00433
5830.55448	-0.00473
5828.62575	-0.00459
5826.69701	-0.00403
5824.76828	-0.00371
5822.83955	-0.00399
5820.91082	-0.00413
5818.98209	-0.00352
5817.05336	-0.00311
5815.12463	-0.00359
5813.19590	-0.00422
5811.26716	-0.00439
5809.33843	-0.00423
5807.40970	-0.00422
5805.48097	-0.00449
5803.55224	-0.00467
5801.62351	-0.00441
5799.69478	-0.00393
5797.76605	-0.00399
5795.83731	-0.00477
5793.90858	-0.00548
5791.97985	-0.00551
5790.05112	-0.00510
5788.12239	-0.00480
5786.19366	-0.00482
5784.26493	-0.00508
5782.33620	-0.00503
5780.40746	-0.00449
5778.47873	-0.00424
5776.55000	-0.00466
5774.62127	-0.00519
5772.69254	-0.00480
5770.76381	-0.00360
5768.83508	-0.00310
5766.90635	-0.00387
5764.97762	-0.00463
5763.04888	-0.00437
5761.12015	-0.00376
5759.19142	-0.00380
5757.26269	-0.00426
5755.33396	-0.00442
5753.40523	-0.00427
5751.47650	-0.00434
5749.54777	-0.00478
5747.61903	-0.00531
5745.69030	-0.00552
5743.76157	-0.00533
5741.83284	-0.00495
5739.90411	-0.00426
5737.97538	-0.00348
5736.04665	-0.00342
5734.11792	-0.00432
5732.18918	-0.00536
5730.26045	-0.00563
5728.33172	-0.00529
5726.40299	-0.00503
5724.47426	-0.00493
5722.54553	-0.00463
5720.61680	-0.00413
5718.68807	-0.00383
5716.75933	-0.00377
5714.83060	-0.00388
5712.90187	-0.00422
5710.97314	-0.00458
5709.04441	-0.00482
5707.11568	-0.00515
5705.18695	-0.00547
5703.25822	-0.00543
5701.32948	-0.00502
5699.40075	-0.00465
5697.47202	-0.00464
5695.54329	-0.00483
5693.61456	-0.00504
5691.68583	-0.00518
5689.75710	-0.00501
5687.82837	-0.00465
5685.89964	-0.00463
5683.97090	-0.00478
5682.04217	-0.00455
5680.11344	-0.00430
5678.18471	-0.00443
5676.25598	-0.00437
5674.32725	-0.00391
5672.39852	-0.00367
5670.46979	-0.00410
5668.54105	-0.00476
5666.61232	-0.00492
5664.68359	-0.00470
5662.75486	-0.00459
5660.82613	-0.00458
5658.89740	-0.00481
5656.96867	-0.00526
5655.03994	-0.00524
5653.11120	-0.00481
5651.18247	-0.00483
5649.25374	-0.00508
5647.32501	-0.00477
5645.39628	-0.00407
5643.46755	-0.00374
5641.53882	-0.00391
5639.61009	-0.00439
5637.68135	-0.00505
5635.75262	-0.00531
5633.82389	-0.00494
5631.89516	-0.00442
5629.96643	-0.00419
5628.03770	-0.00449
5626.10897	-0.00487
5624.18024	-0.00479
5622.25150	-0.00456
5620.32277	-0.00447
5618.39404	-0.00445
5616.46531	-0.00449
5614.53658	-0.00469
5612.60785	-0.00487
5610.67912	-0.00467
5608.75039	-0.00440
5606.82166	-0.00437
5604.89292	-0.00425
5602.96419	-0.00399
5601.03546	-0.00409
5599.10673	-0.00448
5597.17800	-0.00463
5595.24927	-0.00457
5593.32054	-0.00456
5591.39181	-0.00457
5589.46307	-0.00467
5587.53434	-0.00486
5585.60561	-0.00487
5583.67688	-0.00477
5581.74815	-0.00474
5579.81942	-0.00466
5577.89069	-0.00445
5575.96196	-0.00440
5574.03322	-0.00460
5572.10449	-0.00480
5570.17576	-0.00513
5568.24703	-0.00553
5566.31830	-0.00553
5564.38957	-0.00513
5562.46084	-0.00463
5560.53211	-0.00425
5558.60337	-0.00419
5556.67464	-0.00462
5554.74591	-0.00495
5552.81718	-0.00455
5550.88845	-0.00410
5548.95972	-0.00428
5547.03099	-0.00441
5545.10226	-0.00415
5543.17352	-0.00405
5541.24479	-0.00429
5539.31606	-0.00456
5537.38733	-0.00472
5535.45860	-0.00484
5533.52987	-0.00506
5531.60114	-0.00512
5529.67241	-0.00477
5527.74368	-0.00440
5525.81494	-0.00445
5523.88621	-0.00478
5521.95748	-0.00494
5520.02875	-0.00482
5518.10002	-0.00479
5516.17129	-0.00487
5514.24256	-0.00468
5512.31383	-0.00433
5510.38509	-0.00414
5508.45636	-0.00399
5506.52763	-0.00379
5504.59890	-0.00388
5502.67017	-0.00433
5500.74144	-0.00481
5498.81271	-0.00499
5496.88398	-0.00469
5494.95524	-0.00442
5493.02651	-0.00443
5491.09778	-0.00446
5489.16905	-0.00451
5487.24032	-0.00448
5485.31159	-0.00449
5483.38286	-0.00466
5481.45413	-0.00470
5479.52539	-0.00444
5477.59666	-0.00436
5475.66793	-0.00442
5473.73920	-0.00403
5471.81047	-0.00366
5469.88174	-0.00377
5467.95301	-0.00383
5466.02428	-0.00379
5464.09554	-0.00401
5462.16681	-0.00449
5460.23808	-0.00481
5458.30935	-0.00487
5456.38062	-0.00470
5454.45189	-0.00426
5452.52316	-0.00402
5450.59443	-0.00400
5448.66570	-0.00354
5446.73696	-0.00329
5444.80823	-0.00394
5442.87950	-0.00507
5440.95077	-0.00555
5439.02204	-0.00479
5437.09331	-0.00418
5435.16458	-0.00447
5433.23585	-0.00469
5431.30711	-0.00479
5429.37838	-0.00497
5427.44965	-0.00456
5425.52092	-0.00401
5423.59219	-0.00388
5421.66346	-0.00393
5419.73473	-0.00394
5417.80600	-0.00388
5415.87726	-0.00417
5413.94853	-0.00465
5412.01980	-0.00466
5410.09107	-0.00440
5408.16234	-0.00402
5406.23361	-0.00372
5404.30488	-0.00369
5402.37615	-0.00380
5400.44741	-0.00391
5398.51868	-0.00402
5396.58995	-0.00420
5394.66122	-0.00446
5392.73249	-0.00434
5390.80376	-0.00376
5388.87503	-0.00345
5386.94630	-0.00377
5385.01756	-0.00403
5383.08883	-0.00380
5381.16010	-0.00354
5379.23137	-0.00357
5377.30264	-0.00367
5375.37391	-0.00344
5373.44518	-0.00342
5371.51645	-0.00385
5369.58772	-0.00412
5367.65898	-0.00393
5365.73025	-0.00368
5363.80152	-0.00370
5361.87279	-0.00383
5359.94406	-0.00385
5358.01533	-0.00372
5356.08660	-0.00376
5354.15787	-0.00403
5352.22913	-0.00388
5350.30040	-0.00341
5348.37167	-0.00324
5346.44294	-0.00359
5344.51421	-0.00375
5342.58548	-0.00301
5340.65675	-0.00269
5338.72802	-0.00319
5336.79928	-0.00340
5334.87055	-0.00347
5332.94182	-0.00381
5331.01309	-0.00394
5329.08436	-0.00396
5327.15563	-0.00400
5325.22690	-0.00394
5323.29817	-0.00401
5321.36943	-0.00416
5319.44070	-0.00422
5317.51197	-0.00428
5315.58324	-0.00431
5313.65451	-0.00416
5311.72578	-0.00385
5309.79705	-0.00378
5307.86832	-0.00402
5305.93958	-0.00398
5304.01085	-0.00367
5302.08212	-0.00351
5300.15339	-0.00355
5298.22466	-0.00361
5296.29593	-0.00358
5294.36720	-0.00360
5292.43847	-0.00390
5290.50974	-0.00429
5288.58100	-0.00429
5286.65227	-0.00420
5284.72354	-0.00418
5282.79481	-0.00398
5280.86608	-0.00376
5278.93735	-0.00356
5277.00862	-0.00346
5275.07989	-0.00337
5273.15115	-0.00304
5271.22242	-0.00284
5269.29369	-0.00293
5267.36496	-0.00296
5265.43623	-0.00313
5263.50750	-0.00328
5261.57877	-0.00307
5259.65004	-0.00294
5257.72130	-0.00320
5255.79257	-0.00362
5253.86384	-0.00355
5251.93511	-0.00319
5250.00638	-0.00322
5248.07765	-0.00312
5246.14892	-0.00250
5244.22019	-0.00217
5242.29145	-0.00222
5240.36272	-0.00242
5238.43399	-0.00269
5236.50526	-0.00284
5234.57653	-0.00292
5232.64780	-0.00309
5230.71907	-0.00327
5228.79034	-0.00324
5226.86160	-0.00326
5224.93287	-0.00340
5223.00414	-0.00345
5221.07541	-0.00337
5219.14668	-0.00328
5217.21795	-0.00335
5215.28922	-0.00337
5213.36049	-0.00308
5211.43176	-0.00290
5209.50302	-0.00328
5207.57429	-0.00386
5205.64556	-0.00384
5203.71683	-0.00338
5201.78810	-0.00310
5199.85937	-0.00296
5197.93064	-0.00294
5196.00191	-0.00308
5194.07317	-0.00325
5192.14444	-0.00337
5190.21571	-0.00338
5188.28698	-0.00332
5186.35825	-0.00344
5184.42952	-0.00362
5182.50079	-0.00364
5180.57206	-0.00373
5178.64332	-0.00386
5176.71459	-0.00385
5174.78586	-0.00371
5172.85713	-0.00357
5170.92840	-0.00361
5168.99967	-0.00376
5167.07094	-0.00387
5165.14221	-0.00393
5163.21347	-0.00406
5161.28474	-0.00429
5159.35601	-0.00444
5157.42728	-0.00427
5155.49855	-0.00387
5153.56982	-0.00364
5151.64109	-0.00364
5149.71236	-0.00355
5147.78362	-0.00341
5145.85489	-0.00349
5143.92616	-0.00379
5141.99743	-0.00410
5140.06870	-0.00412
5138.13997	-0.00398
5136.21124	-0.00395
5134.28251	-0.00400
5132.35378	-0.00399
5130.42504	-0.00400
5128.49631	-0.00404
5126.56758	-0.00392
5124.63885	-0.00381
5122.71012	-0.00390
5120.78139	-0.00401
5118.85266	-0.00389
5116.92393	-0.00361
5114.99519	-0.00349
5113.06646	-0.00368
5111.13773	-0.00402
5109.20900	-0.00423
5107.28027	-0.00429
5105.35154	-0.00435
5103.42281	-0.00444
5101.49408	-0.00448
5099.56534	-0.00451
5097.63661	-0.00452
5095.70788	-0.00439
5093.77915	-0.00418
5091.85042	-0.00406
5089.92169	-0.00407
5087.99296	-0.00418
5086.06423	-0.00419
5084.13549	-0.00397
5082.20676	-0.00368
5080.27803	-0.00354
5078.34930	-0.00360
5076.42057	-0.00365
5074.49184	-0.00369
5072.56311	-0.00382
5070.63438	-0.00383
5068.70564	-0.00357
5066.77691	-0.00336
5064.84818	-0.00350
5062.91945	-0.00378
5060.99072	-0.00391
5059.06199	-0.00391
5057.13326	-0.00379
5055.20453	-0.00359
5053.27580	-0.00357
5051.34706	-0.00378
5049.41833	-0.00399
5047.48960	-0.00399
5045.56087	-0.00385
5043.63214	-0.00369
5041.70341	-0.00348
5039.77468	-0.00329
5037.84595	-0.00330
5035.91721	-0.00335
5033.98848	-0.00319
5032.05975	-0.00304
5030.13102	-0.00315
5028.20229	-0.00332
5026.27356	-0.00331
5024.34483	-0.00328
5022.41610	-0.00339
5020.48736	-0.00353
5018.55863	-0.00353
5016.62990	-0.00347
5014.70117	-0.00351
5012.77244	-0.00359
5010.84371	-0.00361
5008.91498	-0.00364
5006.98625	-0.00370
5005.05751	-0.00361
5003.12878	-0.00340
5001.20005	-0.00332
4999.27132	-0.00350
4997.34259	-0.00369
4995.41386	-0.00373
4993.48513	-0.00375
4991.55640	-0.00403
4989.62766	-0.00433
4987.69893	-0.00410
4985.77020	-0.00356
4983.84147	-0.00337
4981.91274	-0.00356
4979.98401	-0.00376
4978.05528	-0.00380
4976.12655	-0.00367
4974.19782	-0.00349
4972.26908	-0.00352
4970.34035	-0.00375
4968.41162	-0.00394
4966.48289	-0.00394
4964.55416	-0.00375
4962.62543	-0.00342
4960.69670	-0.00321
4958.76797	-0.00341
4956.83923	-0.00372
4954.91050	-0.00364
4952.98177	-0.00329
4951.05304	-0.00305
4949.12431	-0.00301
4947.19558	-0.00328
4945.26685	-0.00375
4943.33812	-0.00379
4941.40938	-0.00339
4939.48065	-0.00321
4937.55192	-0.00332
4935.62319	-0.00336
4933.69446	-0.00328
4931.76573	-0.00332
4929.83700	-0.00356
4927.90827	-0.00381
4925.97953	-0.00387
4924.05080	-0.00368
4922.12207	-0.00351
4920.19334	-0.00359
4918.26461	-0.00367
4916.33588	-0.00366
4914.40715	-0.00367
4912.47842	-0.00360
4910.54968	-0.00356
4908.62095	-0.00358
4906.69222	-0.00346
4904.76349	-0.00324
4902.83476	-0.00311
4900.90603	-0.00315
4898.97730	-0.00339
4897.04857	-0.00366
4895.11984	-0.00366
4893.19110	-0.00342
4891.26237	-0.00330
4889.33364	-0.00344
4887.40491	-0.00360
4885.47618	-0.00350
4883.54745	-0.00336
4881.61872	-0.00359
4879.68999	-0.00397
4877.76125	-0.00407
4875.83252	-0.00396
4873.90379	-0.00379
4871.97506	-0.00353
4870.04633	-0.00339
4868.11760	-0.00348
4866.18887	-0.00357
4864.26014	-0.00353
4862.33140	-0.00358
4860.40267	-0.00368
4858.47394	-0.00359
4856.54521	-0.00338
4854.61648	-0.00326
4852.68775	-0.00340
4850.75902	-0.00363
4848.83029	-0.00362
4846.90155	-0.00349
4844.97282	-0.00355
4843.04409	-0.00382
4841.11536	-0.00404
4839.18663	-0.00398
4837.25790	-0.00378
4835.32917	-0.00364
4833.40044	-0.00358
4831.47170	-0.00360
4829.54297	-0.00371
4827.61424	-0.00394
4825.68551	-0.00413
4823.75678	-0.00393
4821.82805	-0.00357
4819.89932	-0.00343
4817.97059	-0.00342
4816.04186	-0.00340
4814.11312	-0.00338
4812.18439	-0.00338
4810.25566	-0.00349
4808.32693	-0.00371
4806.39820	-0.00386
4804.46947	-0.00386
4802.54074	-0.00387
4800.61201	-0.00397
4798.68327	-0.00400
4796.75454	-0.00393
4794.82581	-0.00390
4792.89708	-0.00393
4790.96835	-0.00396
4789.03962	-0.00401
4787.11089	-0.00408
4785.18216	-0.00404
4783.25342	-0.00385
4781.32469	-0.00365
4779.39596	-0.00348
4777.46723	-0.00335
4775.53850	-0.00342
4773.60977	-0.00368
4771.68104	-0.00388
4769.75231	-0.00391
4767.82357	-0.00398
4765.89484	-0.00412
4763.96611	-0.00415
4762.03738	-0.00405
4760.10865	-0.00399
4758.17992	-0.00397
4756.25119	-0.00392
4754.32246	-0.00398
4752.39372	-0.00407
4750.46499	-0.00387
4748.53626	-0.00360
4746.60753	-0.00368
4744.67880	-0.00401
4742.75007	-0.00421
4740.82134	-0.00415
4738.89261	-0.00401
4736.96388	-0.00389
4735.03514	-0.00383
4733.10641	-0.00393
4731.17768	-0.00410
4729.24895	-0.00422
4727.32022	-0.00425
4725.39149	-0.00426
4723.46276	-0.00431
4721.53403	-0.00426
4719.60529	-0.00403
4717.67656	-0.00380
4715.74783	-0.00377
4713.81910	-0.00394
4711.89037	-0.00414
4709.96164	-0.00420
4708.03291	-0.00415
4706.10418	-0.00406
4704.17544	-0.00400
4702.24671	-0.00401
4700.31798	-0.00401
4698.38925	-0.00391
4696.46052	-0.00384
4694.53179	-0.00388
4692.60306	-0.00393
4690.67433	-0.00387
4688.74559	-0.00372
4686.81686	-0.00360
4684.88813	-0.00355
4682.95940	-0.00364
4681.03067	-0.00388
4679.10194	-0.00394
4677.17321	-0.00374
4675.24448	-0.00366
4673.31574	-0.00376
4671.38701	-0.00376
4669.45828	-0.00374
4667.52955	-0.00387
4665.60082	-0.00409
4663.67209	-0.00419
4661.74336	-0.00411
4659.81463	-0.00399
4657.88590	-0.00395
4655.95716	-0.00394
4654.02843	-0.00378
4652.09970	-0.00351
4650.17097	-0.00344
4648.24224	-0.00346
4646.31351	-0.00338
4644.38478	-0.00344
4642.45605	-0.00360
4640.52731	-0.00354
4638.59858	-0.00332
4636.66985	-0.00319
4634.74112	-0.00323
4632.81239	-0.00339
4630.88366	-0.00345
4628.95493	-0.00337
4627.02620	-0.00338
4625.09746	-0.00349
4623.16873	-0.00357
4621.24000	-0.00359
4619.31127	-0.00344
4617.38254	-0.00325
4615.45381	-0.00328
4613.52508	-0.00341
4611.59635	-0.00351
4609.66761	-0.00356
4607.73888	-0.00352
4605.81015	-0.00342
4603.88142	-0.00326
4601.95269	-0.00323
4600.02396	-0.00345
4598.09523	-0.00353
4596.16650	-0.00347
4594.23776	-0.00357
4592.30903	-0.00369
4590.38030	-0.00362
4588.45157	-0.00344
4586.52284	-0.00327
4584.59411	-0.00314
4582.66538	-0.00307
4580.73665	-0.00319
4578.80792	-0.00338
4576.87918	-0.00332
4574.95045	-0.00307
4573.02172	-0.00298
4571.09299	-0.00313
4569.16426	-0.00331
4567.23553	-0.00330
4565.30680	-0.00327
4563.37807	-0.00346
4561.44933	-0.00368
4559.52060	-0.00376
4557.59187	-0.00373
4555.66314	-0.00356
4553.73441	-0.00331
4551.80568	-0.00318
4549.87695	-0.00327
4547.94822	-0.00351
4546.01948	-0.00368
4544.09075	-0.00354
4542.16202	-0.00325
4540.23329	-0.00312
4538.30456	-0.00320
4536.37583	-0.00342
4534.44710	-0.00358
4532.51837	-0.00360
4530.58963	-0.00350
4528.66090	-0.00336
4526.73217	-0.00331
4524.80344	-0.00329
4522.87471	-0.00313
4520.94598	-0.00309
4519.01725	-0.00328
4517.08852	-0.00341
4515.15978	-0.00337
4513.23105	-0.00332
4511.30232	-0.00336
4509.37359	-0.00356
4507.44486	-0.00375
4505.51613	-0.00373
4503.58740	-0.00355
4501.65867	-0.00342
4499.72994	-0.00356
4497.80120	-0.00379
4495.87247	-0.00376
4493.94374	-0.00360
4492.01501	-0.00360
4490.08628	-0.00379
4488.15755	-0.00405
4486.22882	-0.00416
4484.30009	-0.00404
4482.37135	-0.00386
4480.44262	-0.00374
4478.51389	-0.00366
4476.58516	-0.00373
4474.65643	-0.00378
4472.72770	-0.00355
4470.79897	-0.00326
4468.87024	-0.00310
4466.94150	-0.00302
4465.01277	-0.00311
4463.08404	-0.00334
4461.15531	-0.00348
4459.22658	-0.00346
4457.29785	-0.00343
4455.36912	-0.00349
4453.44039	-0.00358
4451.51165	-0.00362
4449.58292	-0.00360
4447.65419	-0.00355
4445.72546	-0.00353
4443.79673	-0.00347
4441.86800	-0.00336
4439.93927	-0.00336
4438.01054	-0.00349
4436.08180	-0.00351
4434.15307	-0.00341
4432.22434	-0.00336
4430.29561	-0.00337
4428.36688	-0.00344
4426.43815	-0.00356
4424.50942	-0.00363
4422.58069	-0.00355
4420.65196	-0.00340
4418.72322	-0.00338
4416.79449	-0.00338
4414.86576	-0.00332
4412.93703	-0.00337
4411.00830	-0.00349
4409.07957	-0.00350
4407.15084	-0.00343
4405.22211	-0.00346
4403.29337	-0.00354
4401.36464	-0.00352
4399.43591	-0.00338
4397.50718	-0.00318
4395.57845	-0.00307
4393.64972	-0.00312
4391.72099	-0.00323
4389.79226	-0.00330
4387.86352	-0.00341
4385.93479	-0.00349
4384.00606	-0.00340
4382.07733	-0.00319
4380.14860	-0.00303
4378.21987	-0.00294
4376.29114	-0.00290
4374.36241	-0.00293
4372.43367	-0.00297
4370.50494	-0.00292
4368.57621	-0.00283
4366.64748	-0.00279
4364.71875	-0.00271
4362.79002	-0.00259
4360.86129	-0.00257
4358.93256	-0.00256
4357.00382	-0.00250
4355.07509	-0.00243
4353.14636	-0.00245
4351.21763	-0.00258
4349.28890	-0.00277
4347.36017	-0.00287
4345.43144	-0.00287
4343.50271	-0.00282
4341.57398	-0.00269
4339.64524	-0.00260
4337.71651	-0.00264
4335.78778	-0.00280
4333.85905	-0.00302
4331.93032	-0.00306
4330.00159	-0.00282
4328.07286	-0.00252
4326.14413	-0.00239
4324.21539	-0.00241
4322.28666	-0.00253
4320.35793	-0.00261
4318.42920	-0.00263
4316.50047	-0.00279
4314.57174	-0.00304
4312.64301	-0.00313
4310.71428	-0.00314
4308.78554	-0.00322
4306.85681	-0.00329
4304.92808	-0.00314
4302.99935	-0.00290
4301.07062	-0.00286
4299.14189	-0.00302
4297.21316	-0.00308
4295.28443	-0.00294
4293.35569	-0.00273
4291.42696	-0.00261
4289.49823	-0.00269
4287.56950	-0.00287
4285.64077	-0.00297
4283.71204	-0.00303
4281.78331	-0.00313
4279.85458	-0.00320
4277.92584	-0.00311
4275.99711	-0.00281
4274.06838	-0.00248
4272.13965	-0.00236
4270.21092	-0.00240
4268.28219	-0.00253
4266.35346	-0.00273
4264.42473	-0.00289
4262.49600	-0.00299
4260.56726	-0.00305
4258.63853	-0.00296
4256.70980	-0.00284
4254.78107	-0.00293
4252.85234	-0.00312
4250.92361	-0.00312
4248.99488	-0.00300
4247.06615	-0.00311
4245.13741	-0.00339
4243.20868	-0.00353
4241.27995	-0.00348
4239.35122	-0.00336
4237.42249	-0.00328
4235.49376	-0.00332
4233.56503	-0.00345
4231.63630	-0.00348
4229.70756	-0.00337
4227.77883	-0.00330
4225.85010	-0.00333
4223.92137	-0.00330
4221.99264	-0.00313
4220.06391	-0.00297
4218.13518	-0.00293
4216.20645	-0.00300
4214.27771	-0.00306
4212.34898	-0.00308
4210.42025	-0.00305
4208.49152	-0.00304
4206.56279	-0.00312
4204.63406	-0.00323
4202.70533	-0.00327
4200.77660	-0.00325
4198.84786	-0.00321
4196.91913	-0.00313
4194.99040	-0.00309
4193.06167	-0.00302
4191.13294	-0.00293
4189.20421	-0.00299
4187.27548	-0.00318
4185.34675	-0.00326
4183.41802	-0.00321
4181.48928	-0.00322
4179.56055	-0.00323
4177.63182	-0.00305
4175.70309	-0.00288
4173.77436	-0.00293
4171.84563	-0.00308
4169.91690	-0.00311
4167.98817	-0.00310
4166.05943	-0.00320
4164.13070	-0.00327
4162.20197	-0.00320
4160.27324	-0.00319
4158.34451	-0.00325
4156.41578	-0.00328
4154.48705	-0.00334
4152.55832	-0.00359
4150.62958	-0.00391
4148.70085	-0.00404
4146.77212	-0.00392
4144.84339	-0.00373
4142.91466	-0.00355
4140.98593	-0.00341
4139.05720	-0.00337
4137.12847	-0.00341
4135.19973	-0.00359
4133.27100	-0.00383
4131.34227	-0.00395
4129.41354	-0.00393
4127.48481	-0.00387
4125.55608	-0.00385
4123.62735	-0.00379
4121.69862	-0.00366
4119.76988	-0.00362
4117.84115	-0.00374
4115.91242	-0.00392
4113.98369	-0.00407
4112.05496	-0.00414
4110.12623	-0.00416
4108.19750	-0.00422
4106.26877	-0.00436
4104.34004	-0.00439
4102.41130	-0.00418
4100.48257	-0.00401
4098.55384	-0.00410
4096.62511	-0.00426
4094.69638	-0.00430
4092.76765	-0.00417
4090.83892	-0.00399
4088.91019	-0.00394
4086.98145	-0.00401
4085.05272	-0.00405
4083.12399	-0.00406
4081.19526	-0.00404
4079.26653	-0.00401
4077.33780	-0.00403
4075.40907	-0.00408
4073.48034	-0.00413
4071.55160	-0.00417
4069.62287	-0.00423
4067.69414	-0.00433
4065.76541	-0.00441
4063.83668	-0.00432
4061.90795	-0.00416
4059.97922	-0.00413
4058.05049	-0.00419
4056.12175	-0.00423
4054.19302	-0.00419
4052.26429	-0.00411
4050.33556	-0.00409
4048.40683	-0.00425
4046.47810	-0.00444
4044.54937	-0.00445
4042.62064	-0.00432
4040.69190	-0.00424
4038.76317	-0.00419
4036.83444	-0.00408
4034.90571	-0.00403
4032.97698	-0.00403
4031.04825	-0.00403
4029.11952	-0.00409
4027.19079	-0.00422
4025.26206	-0.00434
4023.33332	-0.00440
4021.40459	-0.00434
4019.47586	-0.00423
4017.54713	-0.00412
4015.61840	-0.00400
4013.68967	-0.00401
4011.76094	-0.00417
4009.83221	-0.00428
4007.90347	-0.00427
4005.97474	-0.00430
4004.04601	-0.00443
4002.11728	-0.00451
4000.18855	-0.00447
3998.25982	-0.00443
3996.33109	-0.00444
3994.40236	-0.00435
3992.47362	-0.00427
3990.54489	-0.00438
3988.61616	-0.00453
3986.68743	-0.00455
3984.75870	-0.00450
3982.82997	-0.00449
3980.90124	-0.00455
3978.97251	-0.00466
3977.04377	-0.00475
3975.11504	-0.00467
3973.18631	-0.00454
3971.25758	-0.00458
3969.32885	-0.00475
3967.40012	-0.00488
3965.47139	-0.00493
3963.54266	-0.00491
3961.61392	-0.00476
3959.68519	-0.00464
3957.75646	-0.00474
3955.82773	-0.00486
3953.89900	-0.00477
3951.97027	-0.00465
3950.04154	-0.00470
3948.11281	-0.00471
3946.18408	-0.00458
3944.25534	-0.00466
3942.32661	-0.00480
3940.39788	-0.00474
3938.46915	-0.00470
3936.54042	-0.00471
3934.61169	-0.00490
3932.68296	-0.00523
3930.75423	-0.00519
3928.82549	-0.00479
3926.89676	-0.00465
3924.96803	-0.00483
3923.03930	-0.00481
3921.11057	-0.00471
3919.18184	-0.00477
3917.25311	-0.00488
3915.32438	-0.00492
3913.39564	-0.00506
3911.46691	-0.00523
3909.53818	-0.00508
3907.60945	-0.00486
3905.68072	-0.00488
3903.75199	-0.00483
3901.82326	-0.00474
3899.89453	-0.00494
3897.96579	-0.00489
3896.03706	-0.00471
3894.10833	-0.00515
3892.17960	-0.00583
3890.25087	-0.00549
3888.32214	-0.00492
3886.39341	-0.00512
3884.46468	-0.00491
3882.53594	-0.00480
3880.60721	-0.00526
3878.67848	-0.00512
3876.74975	-0.00501
3874.82102	-0.00527
3872.89229	-0.00517
3870.96356	-0.00526
3869.03483	-0.00504
3867.10610	-0.00463
3865.17736	-0.00503
3863.24863	-0.00538
3861.31990	-0.00516
3859.39117	-0.00449
3857.46244	-0.00402
3855.53371	-0.00481
3853.60498	-0.00591
3851.67625	-0.00534
3849.74751	-0.00471
3847.81878	-0.00489
3845.89005	-0.00521
3843.96132	-0.00513
3842.03259	-0.00474
3840.10386	-0.00480
3838.17513	-0.00513
3836.24640	-0.00493
3834.31766	-0.00487
3832.38893	-0.00539
3830.46020	-0.00573
3828.53147	-0.00581
3826.60274	-0.00559
3824.67401	-0.00508
3822.74528	-0.00527
3820.81655	-0.00516
3818.88781	-0.00444
3816.95908	-0.00507
3815.03035	-0.00565
3813.10162	-0.00522
3811.17289	-0.00501
3809.24416	-0.00544
3807.31543	-0.00566
3805.38670	-0.00473
3803.45796	-0.00445
3801.52923	-0.00508
3799.60050	-0.00494
3797.67177	-0.00503
3795.74304	-0.00536
3793.81431	-0.00524
3791.88558	-0.00515
3789.95685	-0.00512
3788.02812	-0.00505
3786.09938	-0.00503
3784.17065	-0.00484
3782.24192	-0.00469
3780.31319	-0.00494
3778.38446	-0.00490
3776.45573	-0.00446
3774.52700	-0.00416
3772.59827	-0.00417
3770.66953	-0.00438
3768.74080	-0.00421
3766.81207	-0.00408
3764.88334	-0.00403
3762.95461	-0.00377
3761.02588	-0.00387
3759.09715	-0.00384
3757.16842	-0.00313
3755.23968	-0.00248
3753.31095	-0.00271
3751.38222	-0.00307
3749.45349	-0.00213
3747.52476	-0.00124
3745.59603	-0.00217
3743.66730	-0.00234
3741.73857	-0.00081
3739.80983	-0.00000
3737.88110	-0.00021
3735.95237	-0.00037
3734.02364	0.00010
3732.09491	0.00095
3730.16618	0.00205
3728.23745	0.00279
3726.30872	0.00343
3724.37998	0.00468
3722.45125	0.00625
3720.52252	0.00810
3718.59379	0.01026
3716.66506	0.01255
3714.73633	0.01451
3712.80760	0.01627
3710.87887	0.01873
3708.95014	0.02179
3707.02140	0.02459
3705.09267	0.02680
3703.16394	0.02866
3701.23521	0.03102
3699.30648	0.03390
3697.37775	0.03653
3695.44902	0.03907
3693.52029	0.04146
3691.59155	0.04322
3689.66282	0.04467
3687.73409	0.04674
3685.80536	0.04922
3683.87663	0.05157
3681.94790	0.05466
3680.01917	0.05906
3678.09044	0.06353
3676.16170	0.06709
3674.23297	0.07064
3672.30424	0.07290
3670.37551	0.07378
3668.44678	0.07613
3666.51805	0.07933
3664.58932	0.08202
3662.66059	0.08439
3660.73185	0.08639
3658.80312	0.08771
3656.87439	0.08893
3654.94566	0.09117
3653.01693	0.09336
3651.08820	0.09481
3649.15947	0.09723
3647.23074	0.10059
3645.30200	0.10325
3643.37327	0.10473
3641.44454	0.10594
3639.51581	0.10763
3637.58708	0.10968
3635.65835	0.11180
3633.72962	0.11400
3631.80089	0.11584
3629.87216	0.11701
3627.94342	0.11921
3626.01469	0.12197
3624.08596	0.12356
3622.15723	0.12429
3620.22850	0.12480
3618.29977	0.12559
3616.37104	0.12614
3614.44231	0.12583
3612.51357	0.12561
3610.58484	0.12594
3608.65611	0.12633
3606.72738	0.12686
3604.79865	0.12728
3602.86992	0.12734
3600.94119	0.12751
3599.01246	0.12804
3597.08372	0.12860
3595.15499	0.12913
3593.22626	0.12994
3591.29753	0.13071
3589.36880	0.13086
3587.44007	0.13107
3585.51134	0.13194
3583.58261	0.13274
3581.65387	0.13316
3579.72514	0.13366
3577.79641	0.13444
3575.86768	0.13527
3573.93895	0.13599
3572.01022	0.13655
3570.08149	0.13688
3568.15276	0.13727
3566.22402	0.13829
3564.29529	0.13946
3562.36656	0.14006
3560.43783	0.14044
3558.50910	0.14089
3556.58037	0.14123
3554.65164	0.14138
3552.72291	0.14157
3550.79418	0.14199
3548.86544	0.14227
3546.93671	0.14235
3545.00798	0.14269
3543.07925	0.14323
3541.15052	0.14349
3539.22179	0.14345
3537.29306	0.14351
3535.36433	0.14394
3533.43559	0.14441
3531.50686	0.14454
3529.57813	0.14443
3527.64940	0.14431
3525.72067	0.14427
3523.79194	0.14431
3521.86321	0.14456
3519.93448	0.14480
3518.00574	0.14477
3516.07701	0.14459
3514.14828	0.14447
3512.21955	0.14448
3510.29082	0.14458
3508.36209	0.14491
3506.43336	0.14523
3504.50463	0.14529
3502.57589	0.14548
3500.64716	0.14582
3498.71843	0.14588
3496.78970	0.14578
3494.86097	0.14586
3492.93224	0.14602
3491.00351	0.14619
3489.07478	0.14650
3487.14604	0.14701
3485.21731	0.14745
3483.28858	0.14758
3481.35985	0.14765
3479.43112	0.14783
3477.50239	0.14799
3475.57366	0.14814
3473.64493	0.14826
3471.71620	0.14824
3469.78746	0.14832
3467.85873	0.14877
3465.93000	0.14934
3464.00127	0.14963
3462.07254	0.14960
3460.14381	0.14956
3458.21508	0.14967
3456.28635	0.14990
3454.35761	0.15012
3452.42888	0.15026
3450.50015	0.15034
3448.57142	0.15033
3446.64269	0.15044
3444.71396	0.15074
3442.78523	0.15093
3440.85650	0.15108
3438.92776	0.15124
3436.99903	0.15133
3435.07030	0.15129
3433.14157	0.15128
3431.21284	0.15135
3429.28411	0.15133
3427.35538	0.15134
3425.42665	0.15162
3423.49791	0.15200
3421.56918	0.15218
3419.64045	0.15222
3417.71172	0.15223
3415.78299	0.15225
3413.85426	0.15226
3411.92553	0.15211
3409.99680	0.15190
3408.06806	0.15184
3406.13933	0.15177
3404.21060	0.15162
3402.28187	0.15160
3400.35314	0.15169
3398.42441	0.15164
3396.49568	0.15154
3394.56695	0.15122
3392.63822	0.15083
3390.70948	0.15067
3388.78075	0.15055
3386.85202	0.15029
3384.92329	0.15002
3382.99456	0.14982
3381.06583	0.14970
3379.13710	0.14972
3377.20837	0.14970
3375.27963	0.14950
3373.35090	0.14913
3371.42217	0.14863
3369.49344	0.14803
3367.56471	0.14748
3365.63598	0.14715
3363.70725	0.14691
3361.77852	0.14654
3359.84978	0.14604
3357.92105	0.14548
3355.99232	0.14501
3354.06359	0.14470
3352.13486	0.14436
3350.20613	0.14390
3348.27740	0.14346
3346.34867	0.14307
3344.41993	0.14248
3342.49120	0.14172
3340.56247	0.14117
3338.63374	0.14090
3336.70501	0.14055
3334.77628	0.13997
3332.84755	0.13936
3330.91882	0.13880
3328.99008	0.13817
3327.06135	0.13748
3325.13262	0.13684
3323.20389	0.13620
3321.27516	0.13551
3319.34643	0.13485
3317.41770	0.13425
3315.48897	0.13365
3313.56024	0.13303
3311.63150	0.13237
3309.70277	0.13167
3307.77404	0.13102
3305.84531	0.13041
3303.91658	0.12980
3301.98785	0.12914
3300.05912	0.12849
3298.13039	0.12791
3296.20165	0.12725
3294.27292	0.12651
3292.34419	0.12587
3290.41546	0.12527
3288.48673	0.12449
3286.55800	0.12358
3284.62927	0.12276
3282.70054	0.12209
3280.77180	0.12152
3278.84307	0.12092
3276.91434	0.12021
3274.98561	0.11938
3273.05688	0.11852
3271.12815	0.11777
3269.19942	0.11711
3267.27069	0.11646
3265.34195	0.11568
3263.41322	0.11476
3261.48449	0.11385
3259.55576	0.11300
3257.62703	0.11217
3255.69830	0.11133
3253.76957	0.11059
3251.84084	0.11002
3249.91210	0.10942
3247.98337	0.10857
3246.05464	0.10764
3244.12591	0.10689
3242.19718	0.10624
3240.26845	0.10540
3238.33972	0.10436
3236.41099	0.10345
3234.48226	0.10279
3232.55352	0.10210
3230.62479	0.10122
3228.69606	0.10035
3226.76733	0.09962
3224.83860	0.09890
3222.90987	0.09798
3220.98114	0.09696
3219.05241	0.09611
3217.12367	0.09539
3215.19494	0.09448
3213.26621	0.09349
3211.33748	0.09267
3209.40875	0.09193
3207.48002	0.09115
3205.55129	0.09032
3203.62256	0.08958
3201.69382	0.08895
3199.76509	0.08828
3197.83636	0.08748
3195.90763	0.08662
3193.97890	0.08578
3192.05017	0.08495
3190.12144	0.08402
3188.19271	0.08307
3186.26397	0.08225
3184.33524	0.08152
3182.40651	0.08083
3180.47778	0.08010
3178.54905	0.07929
3176.62032	0.07850
3174.69159	0.07770
3172.76286	0.07689
3170.83412	0.07610
3168.90539	0.07538
3166.97666	0.07471
3165.04793	0.07406
3163.11920	0.07337
3161.19047	0.07272
3159.26174	0.07208
3157.33301	0.07138
3155.40428	0.07070
3153.47554	0.07010
3151.54681	0.06943
3149.61808	0.06873
3147.68935	0.06816
3145.76062	0.06761
3143.83189	0.06695
3141.90316	0.06631
3139.97443	0.06584
3138.04569	0.06531
3136.11696	0.06457
3134.18823	0.06381
3132.25950	0.06318
3130.33077	0.06255
3128.40204	0.06191
3126.47331	0.06145
3124.54458	0.06109
3122.61584	0.06060
3120.68711	0.06013
3118.75838	0.05979
3116.82965	0.05952
3114.90092	0.05936
3112.97219	0.05925
3111.04346	0.05904
3109.11473	0.05880
3107.18599	0.05860
3105.25726	0.05848
3103.32853	0.05843
3101.39980	0.05842
3099.47107	0.05846
3097.54234	0.05853
3095.61361	0.05862
3093.68488	0.05866
3091.75614	0.05861
3089.82741	0.05861
3087.89868	0.05872
3085.96995	0.05881
3084.04122	0.05882
3082.11249	0.05880
3080.18376	0.05894
3078.25503	0.05919
3076.32630	0.05929
3074.39756	0.05917
3072.46883	0.05907
3070.54010	0.05910
3068.61137	0.05912
3066.68264	0.05908
3064.75391	0.05900
3062.82518	0.05892
3060.89645	0.05886
3058.96771	0.05878
3057.03898	0.05859
3055.11025	0.05832
3053.18152	0.05811
3051.25279	0.05796
3049.32406	0.05776
3047.39533	0.05746
3045.46660	0.05713
3043.53786	0.05683
3041.60913	0.05649
3039.68040	0.05602
3037.75167	0.05558
3035.82294	0.05533
3033.89421	0.05511
3031.96548	0.05473
3030.03675	0.05424
3028.10801	0.05369
3026.17928	0.05317
3024.25055	0.05277
3022.32182	0.05244
3020.39309	0.05205
3018.46436	0.05155
3016.53563	0.05108
3014.60690	0.05076
3012.67816	0.05047
3010.74943	0.05020
3008.82070	0.05000
3006.89197	0.04980
3004.96324	0.04956
3003.03451	0.04944
3001.10578	0.04951
2999.17705	0.04965
2997.24832	0.04965
2995.31958	0.04952
2993.39085	0.04937
2991.46212	0.04932
2989.53339	0.04939
2987.60466	0.04954
2985.67593	0.04965
2983.74720	0.04968
2981.81847	0.04981
2979.88973	0.05009
2977.96100	0.05037
2976.03227	0.05057
2974.10354	0.05080
2972.17481	0.05111
2970.24608	0.05144
2968.31735	0.05181
2966.38862	0.05229
2964.45988	0.05282
2962.53115	0.05321
2960.60242	0.05337
2958.67369	0.05339
2956.74496	0.05334
2954.81623	0.05322
2952.88750	0.05311
2950.95877	0.05316
2949.03003	0.05341
2947.10130	0.05387
2945.17257	0.05446
2943.24384	0.05516
2941.31511	0.05592
2939.38638	0.05672
2937.45765	0.05751
2935.52892	0.05828
2933.60018	0.05912
2931.67145	0.05997
2929.74272	0.06063
2927.81399	0.06100
2925.88526	0.06107
2923.95653	0.06071
2922.02780	0.05987
2920.09907	0.05868
2918.17034	0.05734
2916.24160	0.05603
2914.31287	0.05479
2912.38414	0.05355
2910.45541	0.05229
2908.52668	0.05104
2906.59795	0.04997
2904.66922	0.04917
2902.74049	0.04848
2900.81175	0.04778
2898.88302	0.04711
2896.95429	0.04645
2895.02556	0.04582
2893.09683	0.04524
2891.16810	0.04469
2889.23937	0.04418
2887.31064	0.04370
2885.38190	0.04327
2883.45317	0.04295
2881.52444	0.04274
2879.59571	0.04258
2877.66698	0.04245
2875.73825	0.04228
2873.80952	0.04210
2871.88079	0.04196
2869.95205	0.04188
2868.02332	0.04184
2866.09459	0.04185
2864.16586	0.04192
2862.23713	0.04212
2860.30840	0.04253
2858.37967	0.04305
2856.45094	0.04346
2854.52220	0.04354
2852.59347	0.04312
2850.66474	0.04212
2848.73601	0.04062
2846.80728	0.03883
2844.87855	0.03705
2842.94982	0.03553
2841.02109	0.03433
2839.09236	0.03333
2837.16362	0.03251
2835.23489	0.03191
2833.30616	0.03147
2831.37743	0.03101
2829.44870	0.03046
2827.51997	0.02991
2825.59124	0.02944
2823.66251	0.02900
2821.73377	0.02856
2819.80504	0.02813
2817.87631	0.02773
2815.94758	0.02740
2814.01885	0.02709
2812.09012	0.02673
2810.16139	0.02629
2808.23266	0.02588
2806.30392	0.02555
2804.37519	0.02526
2802.44646	0.02490
2800.51773	0.02453
2798.58900	0.02424
2796.66027	0.02394
2794.73154	0.02352
2792.80281	0.02314
2790.87407	0.02290
2788.94534	0.02266
2787.01661	0.02234
2785.08788	0.02200
2783.15915	0.02168
2781.23042	0.02141
2779.30169	0.02117
2777.37296	0.02093
2775.44422	0.02071
2773.51549	0.02053
2771.58676	0.02033
2769.65803	0.02008
2767.72930	0.01980
2765.80057	0.01956
2763.87184	0.01944
2761.94311	0.01941
2760.01438	0.01931
2758.08564	0.01912
2756.15691	0.01893
2754.22818	0.01873
2752.29945	0.01850
2750.37072	0.01832
2748.44199	0.01817
2746.51326	0.01798
2744.58453	0.01775
2742.65579	0.01754
2740.72706	0.01738
2738.79833	0.01722
2736.86960	0.01699
2734.94087	0.01672
2733.01214	0.01649
2731.08341	0.01624
2729.15468	0.01595
2727.22594	0.01568
2725.29721	0.01547
2723.36848	0.01521
2721.43975	0.01487
2719.51102	0.01457
2717.58229	0.01434
2715.65356	0.01416
2713.72483	0.01400
2711.79609	0.01384
2709.86736	0.01360
2707.93863	0.01334
2706.00990	0.01311
2704.08117	0.01293
2702.15244	0.01275
2700.22371	0.01253
2698.29498	0.01225
2696.36624	0.01199
2694.43751	0.01172
2692.50878	0.01142
2690.58005	0.01121
2688.65132	0.01110
2686.72259	0.01096
2684.79386	0.01076
2682.86513	0.01054
2680.93640	0.01031
2679.00766	0.01011
2677.07893	0.00992
2675.15020	0.00972
2673.22147	0.00951
2671.29274	0.00932
2669.36401	0.00919
2667.43528	0.00905
2665.50655	0.00882
2663.57781	0.00854
2661.64908	0.00828
2659.72035	0.00806
2657.79162	0.00786
2655.86289	0.00765
2653.93416	0.00743
2652.00543	0.00722
2650.07670	0.00707
2648.14796	0.00700
2646.21923	0.00689
2644.29050	0.00664
2642.36177	0.00638
2640.43304	0.00623
2638.50431	0.00612
2636.57558	0.00601
2634.64685	0.00589
2632.71811	0.00576
2630.78938	0.00560
2628.86065	0.00538
2626.93192	0.00513
2625.00319	0.00496
2623.07446	0.00490
2621.14573	0.00487
2619.21700	0.00476
2617.28826	0.00457
2615.35953	0.00438
2613.43080	0.00417
2611.50207	0.00396
2609.57334	0.00377
2607.64461	0.00360
2605.71588	0.00342
2603.78715	0.00325
2601.85842	0.00306
2599.92968	0.00286
2598.00095	0.00270
2596.07222	0.00259
2594.14349	0.00251
2592.21476	0.00239
2590.28603	0.00221
2588.35730	0.00205
2586.42857	0.00198
2584.49983	0.00193
2582.57110	0.00182
2580.64237	0.00167
2578.71364	0.00155
2576.78491	0.00146
2574.85618	0.00135
2572.92745	0.00119
2570.99872	0.00100
2569.06998	0.00085
2567.14125	0.00077
2565.21252	0.00069
2563.28379	0.00054
2561.35506	0.00037
2559.42633	0.00027
2557.49760	0.00018
2555.56887	0.00002
2553.64013	-0.00017
2551.71140	-0.00030
2549.78267	-0.00031
2547.85394	-0.00032
2545.92521	-0.00037
2543.99648	-0.00044
2542.06775	-0.00043
2540.13902	-0.00038
2538.21028	-0.00037
2536.28155	-0.00045
2534.35282	-0.00055
2532.42409	-0.00060
2530.49536	-0.00065
2528.56663	-0.00071
2526.63790	-0.00076
2524.70917	-0.00077
2522.78044	-0.00077
2520.85170	-0.00081
2518.92297	-0.00088
2516.99424	-0.00096
2515.06551	-0.00106
2513.13678	-0.00117
2511.20805	-0.00119
2509.27932	-0.00116
2507.35059	-0.00114
2505.42185	-0.00114
2503.49312	-0.00114
2501.56439	-0.00114
2499.63566	-0.00117
2497.70693	-0.00123
2495.77820	-0.00127
2493.84947	-0.00133
2491.92074	-0.00137
2489.99200	-0.00133
2488.06327	-0.00127
2486.13454	-0.00127
2484.20581	-0.00129
2482.27708	-0.00126
2480.34835	-0.00123
2478.41962	-0.00124
2476.49089	-0.00129
2474.56215	-0.00132
2472.63342	-0.00134
2470.70469	-0.00139
2468.77596	-0.00149
2466.84723	-0.00157
2464.91850	-0.00161
2462.98977	-0.00161
2461.06104	-0.00159
2459.13230	-0.00160
2457.20357	-0.00165
2455.27484	-0.00172
2453.34611	-0.00182
2451.41738	-0.00187
2449.48865	-0.00187
2447.55992	-0.00192
2445.63119	-0.00199
2443.70246	-0.00207
2441.77372	-0.00211
2439.84499	-0.00207
2437.91626	-0.00206
2435.98753	-0.00209
2434.05880	-0.00215
2432.13007	-0.00229
2430.20134	-0.00250
2428.27261	-0.00263
2426.34387	-0.00264
2424.41514	-0.00255
2422.48641	-0.00240
2420.55768	-0.00223
2418.62895	-0.00213
2416.70022	-0.00213
2414.77149	-0.00215
2412.84276	-0.00213
2410.91402	-0.00207
2408.98529	-0.00197
2407.05656	-0.00188
2405.12783	-0.00187
2403.19910	-0.00193
2401.27037	-0.00194
2399.34164	-0.00188
2397.41291	-0.00185
2395.48417	-0.00193
2393.55544	-0.00204
2391.62671	-0.00209
2389.69798	-0.00205
2387.76925	-0.00198
2385.84052	-0.00193
2383.91179	-0.00190
2381.98306	-0.00190
2380.05432	-0.00193
2378.12559	-0.00196
2376.19686	-0.00199
2374.26813	-0.00205
2372.33940	-0.00213
2370.41067	-0.00220
2368.48194	-0.00223
2366.55321	-0.00219
2364.62448	-0.00210
2362.69574	-0.00201
2360.76701	-0.00200
2358.83828	-0.00207
2356.90955	-0.00212
2354.98082	-0.00211
2353.05209	-0.00212
2351.12336	-0.00216
2349.19463	-0.00210
2347.26589	-0.00196
2345.33716	-0.00186
2343.40843	-0.00187
2341.47970	-0.00196
2339.55097	-0.00207
2337.62224	-0.00220
2335.69351	-0.00232
2333.76478	-0.00238
2331.83604	-0.00239
2329.90731	-0.00233
2327.97858	-0.00230
2326.04985	-0.00237
2324.12112	-0.00247
2322.19239	-0.00254
2320.26366	-0.00254
2318.33493	-0.00248
2316.40619	-0.00244
2314.47746	-0.00250
2312.54873	-0.00260
2310.62000	-0.00268
2308.69127	-0.00272
2306.76254	-0.00273
2304.83381	-0.00270
2302.90508	-0.00263
2300.97634	-0.00260
2299.04761	-0.00261
2297.11888	-0.00267
2295.19015	-0.00270
2293.26142	-0.00269
2291.33269	-0.00268
2289.40396	-0.00266
2287.47523	-0.00263
2285.54650	-0.00262
2283.61776	-0.00261
2281.68903	-0.00258
2279.76030	-0.00256
2277.83157	-0.00254
2275.90284	-0.00254
2273.97411	-0.00253
2272.04538	-0.00250
2270.11665	-0.00248
2268.18791	-0.00247
2266.25918	-0.00247
2264.33045	-0.00245
2262.40172	-0.00240
2260.47299	-0.00231
2258.54426	-0.00227
2256.61553	-0.00232
2254.68680	-0.00238
2252.75806	-0.00240
2250.82933	-0.00237
2248.90060	-0.00229
2246.97187	-0.00216
2245.04314	-0.00208
2243.11441	-0.00205
2241.18568	-0.00201
2239.25695	-0.00197
2237.32821	-0.00194
2235.39948	-0.00195
2233.47075	-0.00196
2231.54202	-0.00191
2229.61329	-0.00184
2227.68456	-0.00184
2225.75583	-0.00189
2223.82710	-0.00195
2221.89836	-0.00197
2219.96963	-0.00206
2218.04090	-0.00216
2216.11217	-0.00232
2214.18344	-0.00249
2212.25471	-0.00265
2210.32598	-0.00283
2208.39725	-0.00297
2206.46852	-0.00305
2204.53978	-0.00308
2202.61105	-0.00313
2200.68232	-0.00323
2198.75359	-0.00336
2196.82486	-0.00345
2194.89613	-0.00355
2192.96740	-0.00368
2191.03867	-0.00379
2189.10993	-0.00386
2187.18120	-0.00389
2185.25247	-0.00392
2183.32374	-0.00403
2181.39501	-0.00417
2179.46628	-0.00430
2177.53755	-0.00438
2175.60882	-0.00439
2173.68008	-0.00439
2171.75135	-0.00446
2169.82262	-0.00461
2167.89389	-0.00471
2165.96516	-0.00469
2164.03643	-0.00466
2162.10770	-0.00466
2160.17897	-0.00468
2158.25023	-0.00469
2156.32150	-0.00471
2154.39277	-0.00473
2152.46404	-0.00475
2150.53531	-0.00478
2148.60658	-0.00482
2146.67785	-0.00489
2144.74912	-0.00495
2142.82038	-0.00495
2140.89165	-0.00489
2138.96292	-0.00488
2137.03419	-0.00493
2135.10546	-0.00494
2133.17673	-0.00490
2131.24800	-0.00490
2129.31927	-0.00497
2127.39054	-0.00511
2125.46180	-0.00524
2123.53307	-0.00531
2121.60434	-0.00533
2119.67561	-0.00540
2117.74688	-0.00551
2115.81815	-0.00557
2113.88942	-0.00553
2111.96069	-0.00543
2110.03195	-0.00537
2108.10322	-0.00539
2106.17449	-0.00545
2104.24576	-0.00547
2102.31703	-0.00549
2100.38830	-0.00553
2098.45957	-0.00556
2096.53084	-0.00555
2094.60210	-0.00555
2092.67337	-0.00553
2090.74464	-0.00552
2088.81591	-0.00558
2086.88718	-0.00571
2084.95845	-0.00589
2083.02972	-0.00612
2081.10099	-0.00638
2079.17225	-0.00670
2077.24352	-0.00709
2075.31479	-0.00748
2073.38606	-0.00778
2071.45733	-0.00796
2069.52860	-0.00807
2067.59987	-0.00820
2065.67114	-0.00835
2063.74240	-0.00838
2061.81367	-0.00832
2059.88494	-0.00824
2057.95621	-0.00806
2056.02748	-0.00784
2054.09875	-0.00764
2052.17002	-0.00739
2050.24129	-0.00702
2048.31256	-0.00656
2046.38382	-0.00603
2044.45509	-0.00548
2042.52636	-0.00502
2040.59763	-0.00465
2038.66890	-0.00432
2036.74017	-0.00405
2034.81144	-0.00383
2032.88271	-0.00365
2030.95397	-0.00348
2029.02524	-0.00335
2027.09651	-0.00327
2025.16778	-0.00314
2023.23905	-0.00288
2021.31032	-0.00257
2019.38159	-0.00237
2017.45286	-0.00231
2015.52412	-0.00220
2013.59539	-0.00203
2011.66666	-0.00190
2009.73793	-0.00172
2007.80920	-0.00150
2005.88047	-0.00133
2003.95174	-0.00127
2002.02301	-0.00127
2000.09427	-0.00126
1998.16554	-0.00116
1996.23681	-0.00097
1994.30808	-0.00090
1992.37935	-0.00098
1990.45062	-0.00090
1988.52189	-0.00086
1986.59316	-0.00099
1984.66442	-0.00111
1982.73569	-0.00120
1980.80696	-0.00127
1978.87823	-0.00131
1976.94950	-0.00131
1975.02077	-0.00127
1973.09204	-0.00122
1971.16331	-0.00118
1969.23458	-0.00126
1967.30584	-0.00137
1965.37711	-0.00130
1963.44838	-0.00128
1961.51965	-0.00135
1959.59092	-0.00134
1957.66219	-0.00134
1955.73346	-0.00137
1953.80473	-0.00134
1951.87599	-0.00126
1949.94726	-0.00110
1948.01853	-0.00085
1946.08980	-0.00060
1944.16107	-0.00064
1942.23234	-0.00074
1940.30361	-0.00058
1938.37488	-0.00055
1936.44614	-0.00066
1934.51741	-0.00067
1932.58868	-0.00064
1930.65995	-0.00058
1928.73122	-0.00045
1926.80249	-0.00037
1924.87376	-0.00046
1922.94503	-0.00052
1921.01629	-0.00033
1919.08756	-0.00049
1917.15883	-0.00058
1915.23010	-0.00027
1913.30137	-0.00014
1911.37264	-0.00019
1909.44391	-0.00016
1907.51518	0.00005
1905.58644	0.00025
1903.65771	0.00038
1901.72898	0.00056
1899.80025	0.00082
1897.87152	0.00108
1895.94279	0.00125
1894.01406	0.00155
1892.08533	0.00176
1890.15660	0.00167
1888.22786	0.00180
1886.29913	0.00203
1884.37040	0.00203
1882.44167	0.00202
1880.51294	0.00203
1878.58421	0.00201
1876.65548	0.00201
1874.72675	0.00208
1872.79801	0.00218
1870.86928	0.00189
1868.94055	0.00144
1867.01182	0.00141
1865.08309	0.00133
1863.15436	0.00083
1861.22563	0.00026
1859.29690	-0.00019
1857.36816	-0.00064
1855.43943	-0.00116
1853.51070	-0.00166
1851.58197	-0.00198
1849.65324	-0.00215
1847.72451	-0.00229
1845.79578	-0.00282
1843.86705	-0.00332
1841.93831	-0.00313
1840.00958	-0.00305
1838.08085	-0.00337
1836.15212	-0.00348
1834.22339	-0.00329
1832.29466	-0.00331
1830.36593	-0.00351
1828.43720	-0.00326
1826.50846	-0.00310
1824.57973	-0.00319
1822.65100	-0.00297
1820.72227	-0.00283
1818.79354	-0.00290
1816.86481	-0.00277
1814.93608	-0.00238
1813.00735	-0.00213
1811.07862	-0.00204
1809.14988	-0.00179
1807.22115	-0.00141
1805.29242	-0.00110
1803.36369	-0.00100
1801.43496	-0.00101
1799.50623	-0.00066
1797.57750	0.00003
1795.64877	0.00038
1793.72003	0.00009
1791.79130	-0.00003
1789.86257	0.00058
1787.93384	0.00088
1786.00511	0.00066
1784.07638	0.00069
1782.14765	0.00093
1780.21892	0.00115
1778.29018	0.00162
1776.36145	0.00202
1774.43272	0.00190
1772.50399	0.00171
1770.57526	0.00215
1768.64653	0.00247
1766.71780	0.00259
1764.78907	0.00267
1762.86033	0.00239
1760.93160	0.00255
1759.00287	0.00297
1757.07414	0.00314
1755.14541	0.00373
1753.21668	0.00415
1751.28795	0.00417
1749.35922	0.00477
1747.43048	0.00575
1745.50175	0.00650
1743.57302	0.00692
1741.64429	0.00715
1739.71556	0.00778
1737.78683	0.00900
1735.85810	0.00910
1733.92937	0.00883
1732.00064	0.00996
1730.07190	0.01080
1728.14317	0.01101
1726.21444	0.01124
1724.28571	0.01167
1722.35698	0.01260
1720.42825	0.01326
1718.49952	0.01327
1716.57079	0.01396
1714.64205	0.01505
1712.71332	0.01565
1710.78459	0.01596
1708.85586	0.01629
1706.92713	0.01686
1704.99840	0.01815
1703.06967	0.01932
1701.14094	0.01947
1699.21220	0.02064
1697.28347	0.02197
1695.35474	0.02261
1693.42601	0.02399
1691.49728	0.02505
1689.56855	0.02608
1687.63982	0.02751
1685.71109	0.02817
1683.78235	0.02941
1681.85362	0.03206
1679.92489	0.03381
1677.99616	0.03448
1676.06743	0.03513
1674.13870	0.03693
1672.20997	0.03878
1670.28124	0.03956
1668.35250	0.04103
1666.42377	0.04293
1664.49504	0.04367
1662.56631	0.04427
1660.63758	0.04585
1658.70885	0.04756
1656.78012	0.04833
1654.85139	0.04746
1652.92266	0.04741
1650.99392	0.04997
1649.06519	0.05045
1647.13646	0.04908
1645.20773	0.04931
1643.27900	0.05033
1641.35027	0.05068
1639.42154	0.05055
1637.49281	0.04935
1635.56407	0.04767
1633.63534	0.04713
1631.70661	0.04650
1629.77788	0.04499
1627.84915	0.04359
1625.92042	0.04220
1623.99169	0.04015
1622.06296	0.03849
1620.13422	0.03703
1618.20549	0.03410
1616.27676	0.03084
1614.34803	0.02885
1612.41930	0.02671
1610.49057	0.02387
1608.56184	0.02111
1606.63311	0.01868
1604.70437	0.01632
1602.77564	0.01399
1600.84691	0.01198
1598.91818	0.01041
1596.98945	0.00921
1595.06072	0.00832
1593.13199	0.00767
1591.20326	0.00713
1589.27452	0.00666
1587.34579	0.00630
1585.41706	0.00605
1583.48833	0.00603
1581.55960	0.00645
1579.63087	0.00692
1577.70214	0.00663
1575.77341	0.00665
1573.84468	0.00792
1571.91594	0.00822
1569.98721	0.00753
1568.05848	0.00796
1566.12975	0.00896
1564.20102	0.01009
1562.27229	0.01092
1560.34356	0.01023
1558.41483	0.01054
1556.48609	0.01270
1554.55736	0.01331
1552.62863	0.01300
1550.69990	0.01285
1548.77117	0.01324
1546.84244	0.01386
1544.91371	0.01415
1542.98498	0.01404
1541.05624	0.01305
1539.12751	0.01290
1537.19878	0.01398
1535.27005	0.01339
1533.34132	0.01199
1531.41259	0.01187
1529.48386	0.01171
1527.55513	0.01088
1525.62639	0.01037
1523.69766	0.00973
1521.76893	0.00867
1519.84020	0.00829
1517.91147	0.00755
1515.98274	0.00632
1514.05401	0.00557
1512.12528	0.00515
1510.19654	0.00451
1508.26781	0.00245
1506.33908	0.00033
1504.41035	0.00020
1502.48162	-0.00009
1500.55289	-0.00145
1498.62416	-0.00289
1496.69543	-0.00365
1494.76670	-0.00340
1492.83796	-0.00347
1490.90923	-0.00456
1488.98050	-0.00531
1487.05177	-0.00532
1485.12304	-0.00530
1483.19431	-0.00557
1481.26558	-0.00574
1479.33685	-0.00548
1477.40811	-0.00511
1475.47938	-0.00476
1473.55065	-0.00439
1471.62192	-0.00329
1469.69319	-0.00174
1467.76446	-0.00139
1465.83573	-0.00196
1463.90700	-0.00174
1461.97826	-0.00078
1460.04953	-0.00091
1458.12080	-0.00211
1456.19207	-0.00216
1454.26334	-0.00124
1452.33461	-0.00124
1450.40588	-0.00205
1448.47715	-0.00294
1446.54841	-0.00340
1444.61968	-0.00360
1442.69095	-0.00389
1440.76222	-0.00414
1438.83349	-0.00496
1436.90476	-0.00603
1434.97603	-0.00596
1433.04730	-0.00589
1431.11856	-0.00682
1429.18983	-0.00785
1427.26110	-0.00877
1425.33237	-0.01020
1423.40364	-0.01180
1421.47491	-0.01379
1419.54618	-0.01651
1417.61745	-0.01859
1415.68872	-0.02002
1413.75998	-0.02179
1411.83125	-0.02368
1409.90252	-0.02523
1407.97379	-0.02657
1406.04506	-0.02796
1404.11633	-0.02884
1402.18760	-0.02911
1400.25887	-0.02941
1398.33013	-0.02932
1396.40140	-0.02881
1394.47267	-0.02802
1392.54394	-0.02677
1390.61521	-0.02639
1388.68648	-0.02824
1386.75775	-0.03128
1384.82902	-0.03247
1382.90028	-0.02976
1380.97155	-0.02421
1379.04282	-0.01866
1377.11409	-0.01478
1375.18536	-0.01232
1373.25663	-0.01019
1371.32790	-0.00826
1369.39917	-0.00687
1367.47043	-0.00564
1365.54170	-0.00467
1363.61297	-0.00430
1361.68424	-0.00402
1359.75551	-0.00368
1357.82678	-0.00366
1355.89805	-0.00375
1353.96932	-0.00355
1352.04058	-0.00304
1350.11185	-0.00241
1348.18312	-0.00179
1346.25439	-0.00135
1344.32566	-0.00125
1342.39693	-0.00139
1340.46820	-0.00166
1338.53947	-0.00166
1336.61074	-0.00144
1334.68200	-0.00139
1332.75327	-0.00141
1330.82454	-0.00140
1328.89581	-0.00176
1326.96708	-0.00238
1325.03835	-0.00300
1323.10962	-0.00342
1321.18089	-0.00363
1319.25215	-0.00363
1317.32342	-0.00338
1315.39469	-0.00302
1313.46596	-0.00264
1311.53723	-0.00214
1309.60850	-0.00167
1307.67977	-0.00134
1305.75104	-0.00096
1303.82230	-0.00046
1301.89357	0.00008
1299.96484	0.00052
1298.03611	0.00085
1296.10738	0.00116
1294.17865	0.00153
1292.24992	0.00196
1290.32119	0.00233
1288.39245	0.00260
1286.46372	0.00297
1284.53499	0.00370
1282.60626	0.00473
1280.67753	0.00587
1278.74880	0.00704
1276.82007	0.00832
1274.89134	0.00980
1272.96260	0.01150
1271.03387	0.01350
1269.10514	0.01585
1267.17641	0.01854
1265.24768	0.02158
1263.31895	0.02502
1261.39022	0.02881
1259.46149	0.03299
1257.53276	0.03768
1255.60402	0.04288
1253.67529	0.04847
1251.74656	0.05426
1249.81783	0.05995
1247.88910	0.06535
1245.96037	0.07046
1244.03164	0.07527
1242.10291	0.07966
1240.17417	0.08370
1238.24544	0.08749
1236.31671	0.09095
1234.38798	0.09402
1232.45925	0.09679
1230.53052	0.09936
1228.60179	0.10181
1226.67306	0.10417
1224.74432	0.10654
1222.81559	0.10908
1220.88686	0.11178
1218.95813	0.11450
1217.02940	0.11727
1215.10067	0.12021
1213.17194	0.12336
1211.24321	0.12662
1209.31447	0.12997
1207.38574	0.13354
1205.45701	0.13738
1203.52828	0.14138
1201.59955	0.14536
1199.67082	0.14937
1197.74209	0.15356
1195.81336	0.15799
1193.88462	0.16253
1191.95589	0.16696
1190.02716	0.17114
1188.09843	0.17518
1186.16970	0.17923
1184.24097	0.18329
1182.31224	0.18731
1180.38351	0.19129
1178.45478	0.19509
1176.52604	0.19860
1174.59731	0.20187
1172.66858	0.20509
1170.73985	0.20833
1168.81112	0.21151
1166.88239	0.21455
1164.95366	0.21750
1163.02493	0.22017
1161.09619	0.22220
1159.16746	0.22345
1157.23873	0.22416
1155.31000	0.22488
1153.38127	0.22588
1151.45254	0.22684
1149.52381	0.22750
1147.59508	0.22807
1145.66634	0.22873
1143.73761	0.22948
1141.80888	0.23029
1139.88015	0.23103
1137.95142	0.23165
1136.02269	0.23241
1134.09396	0.23340
1132.16523	0.23471
1130.23649	0.23668
1128.30776	0.23921
1126.37903	0.24173
1124.45030	0.24401
1122.52157	0.24653
1120.59284	0.24957
1118.66411	0.25273
1116.73538	0.25616
1114.80664	0.26030
1112.87791	0.26479
1110.94918	0.26920
1109.02045	0.27376
1107.09172	0.27858
1105.16299	0.28326
1103.23426	0.28756
1101.30553	0.29134
1099.37680	0.29467
1097.44806	0.29784
1095.51933	0.30060
1093.59060	0.30278
1091.66187	0.30452
1089.73314	0.30593
1087.80441	0.30713
1085.87568	0.30808
1083.94695	0.30899
1082.01821	0.31024
1080.08948	0.31143
1078.16075	0.31215
1076.23202	0.31298
1074.30329	0.31441
1072.37456	0.31625
1070.44583	0.31823
1068.51710	0.32033
1066.58836	0.32256
1064.65963	0.32482
1062.73090	0.32706
1060.80217	0.32926
1058.87344	0.33141
1056.94471	0.33363
1055.01598	0.33593
1053.08725	0.33812
1051.15851	0.34034
1049.22978	0.34307
1047.30105	0.34638
1045.37232	0.34992
1043.44359	0.35341
1041.51486	0.35665
1039.58613	0.35972
1037.65740	0.36307
1035.72866	0.36672
1033.79993	0.37014
1031.87120	0.37314
1029.94247	0.37592
1028.01374	0.37906
1026.08501	0.38274
1024.15628	0.38613
1022.22755	0.38879
1020.29882	0.39106
1018.37008	0.39319
1016.44135	0.39535
1014.51262	0.39763
1012.58389	0.39980
1010.65516	0.40130
1008.72643	0.40172
1006.79770	0.40121
1004.86897	0.40011
1002.94023	0.39823
1001.01150	0.39514
999.08277	0.39076
997.15404	0.38557
995.22531	0.38013
993.29658	0.37390
991.36785	0.36660
989.43912	0.35932
987.51038	0.35241
985.58165	0.34551
983.65292	0.33886
981.72419	0.33255
979.79546	0.32618
977.86673	0.31971
975.93800	0.31325
974.00927	0.30666
972.08053	0.30002
970.15180	0.29289
968.22307	0.28603
966.29434	0.27933
964.36561	0.27213
962.43688	0.26452
960.50815	0.25674
958.57942	0.24881
956.65068	0.24119
954.72195	0.23414
952.79322	0.22729
950.86449	0.22022
948.93576	0.21287
947.00703	0.20561
945.07830	0.19872
943.14957	0.19198
941.22084	0.18541
939.29210	0.17908
937.36337	0.17274
935.43464	0.16614
933.50591	0.15960
931.57718	0.15360
929.64845	0.14819
927.71972	0.14305
925.79099	0.13804
923.86225	0.13316
921.93352	0.12838
920.00479	0.12363
918.07606	0.11871
916.14733	0.11358
914.21860	0.10832
912.28987	0.10293
910.36114	0.09736
908.43240	0.09140
906.50367	0.08495
904.57494	0.07845
902.64621	0.07234
900.71748	0.06639
898.78875	0.06018
896.86002	0.05395
894.93129	0.04825
893.00255	0.04293
891.07382	0.03752
889.14509	0.03227
887.21636	0.02755
885.28763	0.02301
883.35890	0.01844
881.43017	0.01428
879.50144	0.01069
877.57270	0.00744
875.64397	0.00435
873.71524	0.00110
871.78651	-0.00240
869.85778	-0.00584
867.92905	-0.00908
866.00032	-0.01214
864.07159	-0.01517
862.14286	-0.01833
860.21412	-0.02154
858.28539	-0.02450
856.35666	-0.02714
854.42793	-0.02966
852.49920	-0.03217
850.57047	-0.03433
848.64174	-0.03618
846.71301	-0.03813
844.78427	-0.04014
842.85554	-0.04179
840.92681	-0.04298
838.99808	-0.04372
837.06935	-0.04391
835.14062	-0.04367
833.21189	-0.04318
831.28316	-0.04252
829.35442	-0.04191
827.42569	-0.04152
825.49696	-0.04114
823.56823	-0.04038
821.63950	-0.03909
819.71077	-0.03729
817.78204	-0.03512
815.85331	-0.03268
813.92457	-0.02980
811.99584	-0.02634
810.06711	-0.02224
808.13838	-0.01730
806.20965	-0.01165
804.28092	-0.00612
802.35219	-0.00156
800.42346	0.00142
798.49472	0.00260
796.56599	0.00243
794.63726	0.00172
792.70853	0.00129
790.77980	0.00176
788.85107	0.00282
786.92234	0.00387
784.99361	0.00499
783.06488	0.00609
781.13614	0.00633
779.20741	0.00523
777.27868	0.00329
775.34995	0.00137
773.42122	-0.00021
771.49249	-0.00152
769.56376	-0.00239
767.63503	-0.00260
765.70629	-0.00296
763.77756	-0.00280
761.84883	-0.00265
759.92010	-0.00228
757.99137	-0.00188
756.06264	-0.00186
754.13391	-0.00218
752.20518	-0.00255
750.27644	-0.00272
748.34771	-0.00255
746.41898	-0.00234
744.49025	-0.00242
742.56152	-0.00262
740.63279	-0.00277
738.70406	-0.00306
736.77533	-0.00359
734.84659	-0.00404
732.91786	-0.00435
730.98913	-0.00466
729.06040	-0.00489
727.13167	-0.00496
725.20294	-0.00523
723.27421	-0.00602
721.34548	-0.00703
719.41674	-0.00810
717.48801	-0.00928
715.55928	-0.01023
713.63055	-0.01060
711.70182	-0.01091
709.77309	-0.01158
707.84436	-0.01203
705.91563	-0.01165
703.98690	-0.01067
702.05816	-0.00950
700.12943	-0.00804
698.20070	-0.00617
696.27197	-0.00455
694.34324	-0.00369
692.41451	-0.00339
690.48578	-0.00334
688.55705	-0.00312
686.62831	-0.00228
684.69958	-0.00114
682.77085	-0.00057
680.84212	-0.00076
678.91339	-0.00111
676.98466	-0.00143
675.05593	-0.00211
673.12720	-0.00349
671.19846	-0.00512
669.26973	-0.00608
667.34100	-0.00638
665.41227	-0.00739
663.48354	-0.00936
661.55481	-0.01112
659.62608	-0.01201
657.69735	-0.01252
655.76861	-0.01274
653.83988	-0.01200
651.91115	-0.01020
649.98242	-0.00833
648.05369	-0.00701
646.12496	-0.00575
644.19623	-0.00407
642.26750	-0.00214
640.33876	-0.00022
638.41003	0.00120
636.48130	0.00157
634.55257	0.00090
632.62384	-0.00026
630.69511	-0.00174
628.76638	-0.00412
626.83765	-0.00766
624.90892	-0.01144
622.98018	-0.01427
621.05145	-0.01591
619.12272	-0.01678
617.19399	-0.01685
615.26526	-0.01504
613.33653	-0.01124
611.40780	-0.00704
609.47907	-0.00331
607.55033	0.00017
605.62160	0.00299
603.69287	0.00457
601.76414	0.00561
599.83541	0.00718
597.90668	0.00899
595.97795	0.01024
594.04922	0.01089
592.12048	0.01118
590.19175	0.01130
588.26302	0.01133
586.33429	0.01136
584.40556	0.01143
582.47683	0.01093
580.54810	0.00934
578.61937	0.00696
576.69063	0.00458
574.76190	0.00280
572.83317	0.00126
570.90444	-0.00086
568.97571	-0.00557
567.04698	-0.01006
565.11825	-0.01386
563.18952	-0.01764
561.26078	-0.02136
559.33205	-0.02374
557.40332	-0.02421
555.47459	-0.02436
553.54586	-0.02582
551.61713	-0.02768
549.68840	-0.02803
547.75967	-0.02648
545.83094	-0.02386
543.90220	-0.02151
541.97347	-0.02029
540.04474	-0.01988
538.11601	-0.02054
536.18728	-0.02262
534.25855	-0.02521
532.32982	-0.02765
530.40109	-0.03029
528.47235	-0.03372
526.54362	-0.03763
524.61489	-0.04074
522.68616	-0.04336
520.75743	-0.04666
518.82870	-0.05023
516.89997	-0.05272
514.97124	-0.05421
513.04250	-0.05584
511.11377	-0.05723
509.18504	-0.05751
507.25631	-0.05699
505.32758	-0.05593
503.39885	-0.05473
501.47012	-0.05381
499.54139	-0.05271
497.61265	-0.05103
495.68392	-0.04877
493.75519	-0.04544
491.82646	-0.04042
489.89773	-0.03438
487.96900	-0.02910
486.04027	-0.02484
484.11154	-0.01918
482.18280	-0.01185
480.25407	-0.00632
478.32534	-0.00296
476.39661	0.00223
474.46788	0.00897
472.53915	0.01173
470.61042	0.01030
468.68169	0.01072
466.75296	0.01348
464.82422	0.01257
462.89549	0.00662
460.96676	0.00107
459.03803	0.00130
457.10930	0.00462
455.18057	0.00859
453.25184	0.01036
451.32311	0.01136
449.39437	0.01403
447.46564	0.01755
445.53691	0.02133
443.60818	0.02661
441.67945	0.03239
439.75072	0.03407
437.82199	0.02977
435.89326	0.02409
433.96452	0.02152
432.03579	0.02105
430.10706	0.02028
428.17833	0.01872
426.24960	0.01715
424.32087	0.01455
422.39214	0.00794
420.46341	-0.00100
418.53467	-0.00449
416.60594	0.00023
414.67721	0.00552
412.74848	0.00588
410.81975	0.00296
408.89102	0.00055
406.96229	0.00139
405.03356	0.00439
403.10482	0.00393
401.17609	-0.00115
399.24736	-0.00234
397.31863	0.00738
395.38990	0.01980
393.46117	0.02218
391.53244	0.01267
389.60371	0.00187
387.67498	0.00533
385.74624	0.02499
383.81751	0.04073
381.88878	0.03622
379.96005	0.02365
378.03132	0.01290
376.10259	-0.00725
374.17386	-0.02567
372.24513	-0.01218
370.31639	0.00810
368.38766	0.00366
