7496.97825	-0.00186
7495.04952	-0.00129
7493.12079	0.00241
7491.19206	0.00643
7489.26333	0.00709
7487.33459	0.00592
7485.40586	0.00696
7483.47713	0.01037
7481.54840	0.01244
7479.61967	0.01114
7477.69094	0.00868
7475.76221	0.00824
7473.83348	0.00975
7471.90474	0.00984
7469.97601	0.00712
7468.04728	0.00421
7466.11855	0.00313
7464.18982	0.00437
7462.26109	0.00689
7460.33236	0.00763
7458.40363	0.00590
7456.47489	0.00321
7454.54616	0.00043
7452.61743	-0.00034
7450.68870	0.00217
7448.75997	0.00525
7446.83124	0.00610
7444.90251	0.00554
7442.97378	0.00500
7441.04504	0.00508
7439.11631	0.00560
7437.18758	0.00487
7435.25885	0.00323
7433.33012	0.00290
7431.40139	0.00321
7429.47266	0.00291
7427.54393	0.00439
7425.61520	0.00832
7423.68646	0.01042
7421.75773	0.00967
7419.82900	0.00868
7417.90027	0.00612
7415.97154	0.00169
7414.04281	0.00052
7412.11408	0.00393
7410.18535	0.00719
7408.25661	0.00829
7406.32788	0.00858
7404.39915	0.00885
7402.47042	0.00894
7400.54169	0.00801
7398.61296	0.00616
7396.68423	0.00481
7394.75550	0.00485
7392.82676	0.00524
7390.89803	0.00449
7388.96930	0.00333
7387.04057	0.00332
7385.11184	0.00493
7383.18311	0.00694
7381.25438	0.00721
7379.32565	0.00563
7377.39691	0.00419
7375.46818	0.00435
7373.53945	0.00523
7371.61072	0.00551
7369.68199	0.00526
7367.75326	0.00436
7365.82453	0.00264
7363.89580	0.00154
7361.96706	0.00265
7360.03833	0.00541
7358.10960	0.00771
7356.18087	0.00780
7354.25214	0.00652
7352.32341	0.00629
7350.39468	0.00742
7348.46595	0.00830
7346.53722	0.00817
7344.60848	0.00832
7342.67975	0.00987
7340.75102	0.01149
7338.82229	0.01308
7336.89356	0.01461
7334.96483	0.01329
7333.03610	0.00945
7331.10737	0.00641
7329.17863	0.00444
7327.24990	0.00230
7325.32117	0.00149
7323.39244	0.00426
7321.46371	0.00894
7319.53498	0.01091
7317.60625	0.00882
7315.67752	0.00593
7313.74878	0.00538
7311.82005	0.00604
7309.89132	0.00514
7307.96259	0.00356
7306.03386	0.00360
7304.10513	0.00453
7302.17640	0.00505
7300.24767	0.00521
7298.31893	0.00483
7296.39020	0.00425
7294.46147	0.00414
7292.53274	0.00446
7290.60401	0.00609
7288.67528	0.00914
7286.74655	0.01090
7284.81782	0.01079
7282.88908	0.01100
7280.96035	0.01116
7279.03162	0.00982
7277.10289	0.00806
7275.17416	0.00802
7273.24543	0.00885
7271.31670	0.00713
7269.38797	0.00283
7267.45924	-0.00002
7265.53050	0.00017
7263.60177	0.00171
7261.67304	0.00427
7259.74431	0.00771
7257.81558	0.00946
7255.88685	0.00808
7253.95812	0.00567
7252.02939	0.00457
7250.10065	0.00493
7248.17192	0.00516
7246.24319	0.00425
7244.31446	0.00452
7242.38573	0.00719
7240.45700	0.00879
7238.52827	0.00840
7236.59954	0.00892
7234.67080	0.01005
7232.74207	0.00963
7230.81334	0.00860
7228.88461	0.00934
7226.95588	0.01118
7225.02715	0.01235
7223.09842	0.01296
7221.16969	0.01268
7219.24095	0.01025
7217.31222	0.00684
7215.38349	0.00581
7213.45476	0.00777
7211.52603	0.00908
7209.59730	0.00823
7207.66857	0.00742
7205.73984	0.00717
7203.81110	0.00714
7201.88237	0.00739
7199.95364	0.00696
7198.02491	0.00614
7196.09618	0.00562
7194.16745	0.00524
7192.23872	0.00559
7190.30999	0.00687
7188.38126	0.00851
7186.45252	0.01045
7184.52379	0.01251
7182.59506	0.01402
7180.66633	0.01408
7178.73760	0.01221
7176.80887	0.00973
7174.88014	0.00828
7172.95141	0.00760
7171.02267	0.00760
7169.09394	0.00965
7167.16521	0.01308
7165.23648	0.01438
7163.30775	0.01236
7161.37902	0.01009
7159.45029	0.01034
7157.52156	0.01162
7155.59282	0.01167
7153.66409	0.01121
7151.73536	0.01111
7149.80663	0.00956
7147.87790	0.00609
7145.94917	0.00317
7144.02044	0.00263
7142.09171	0.00450
7140.16297	0.00751
7138.23424	0.01078
7136.30551	0.01390
7134.37678	0.01562
7132.44805	0.01536
7130.51932	0.01416
7128.59059	0.01300
7126.66186	0.01164
7124.73312	0.01013
7122.80439	0.00929
7120.87566	0.00815
7118.94693	0.00581
7117.01820	0.00581
7115.08947	0.00969
7113.16074	0.01237
7111.23201	0.01131
7109.30328	0.00889
7107.37454	0.00541
7105.44581	0.00053
7103.51708	-0.00171
7101.58835	0.00130
7099.65962	0.00667
7097.73089	0.01066
7095.80216	0.01233
7093.87343	0.01281
7091.94469	0.01284
7090.01596	0.01253
7088.08723	0.01196
7086.15850	0.01076
7084.22977	0.00955
7082.30104	0.00929
7080.37231	0.00948
7078.44358	0.01053
7076.51484	0.01316
7074.58611	0.01446
7072.65738	0.01239
7070.72865	0.01056
7068.79992	0.01136
7066.87119	0.01238
7064.94246	0.01213
7063.01373	0.01110
7061.08499	0.00976
7059.15626	0.00920
7057.22753	0.00953
7055.29880	0.00941
7053.37007	0.00921
7051.44134	0.01018
7049.51261	0.01106
7047.58388	0.01009
7045.65514	0.00860
7043.72641	0.00802
7041.79768	0.00720
7039.86895	0.00621
7037.94022	0.00656
7036.01149	0.00810
7034.08276	0.00947
7032.15403	0.01016
7030.22530	0.01090
7028.29656	0.01123
7026.36783	0.00946
7024.43910	0.00690
7022.51037	0.00679
7020.58164	0.00895
7018.65291	0.01060
7016.72418	0.01027
7014.79545	0.00851
7012.86671	0.00775
7010.93798	0.00891
7009.00925	0.00951
7007.08052	0.00860
7005.15179	0.00797
7003.22306	0.00805
7001.29433	0.00861
6999.36560	0.01068
6997.43686	0.01319
6995.50813	0.01309
6993.57940	0.01084
6991.65067	0.00977
6989.72194	0.01011
6987.79321	0.00943
6985.86448	0.00755
6983.93575	0.00672
6982.00701	0.00760
6980.07828	0.00834
6978.14955	0.00762
6976.22082	0.00651
6974.29209	0.00675
6972.36336	0.00788
6970.43463	0.00794
6968.50590	0.00727
6966.57716	0.00781
6964.64843	0.00944
6962.71970	0.01078
6960.79097	0.01056
6958.86224	0.00858
6956.93351	0.00732
6955.00478	0.00772
6953.07605	0.00763
6951.14732	0.00733
6949.21858	0.00801
6947.28985	0.00838
6945.36112	0.00795
6943.43239	0.00737
6941.50366	0.00679
6939.57493	0.00633
6937.64620	0.00648
6935.71747	0.00769
6933.78873	0.00851
6931.86000	0.00746
6929.93127	0.00708
6928.00254	0.00913
6926.07381	0.01049
6924.14508	0.00907
6922.21635	0.00697
6920.28762	0.00625
6918.35888	0.00663
6916.43015	0.00721
6914.50142	0.00796
6912.57269	0.00875
6910.64396	0.00884
6908.71523	0.00822
6906.78650	0.00745
6904.85777	0.00675
6902.92903	0.00684
6901.00030	0.00852
6899.07157	0.01056
6897.14284	0.01077
6895.21411	0.00980
6893.28538	0.00999
6891.35665	0.01050
6889.42792	0.00929
6887.49918	0.00787
6885.57045	0.00772
6883.64172	0.00729
6881.71299	0.00678
6879.78426	0.00794
6877.85553	0.00919
6875.92680	0.00874
6873.99807	0.00755
6872.06934	0.00670
6870.14060	0.00626
6868.21187	0.00588
6866.28314	0.00566
6864.35441	0.00618
6862.42568	0.00790
6860.49695	0.01022
6858.56822	0.01091
6856.63949	0.00933
6854.71075	0.00754
6852.78202	0.00687
6850.85329	0.00696
6848.92456	0.00721
6846.99583	0.00771
6845.06710	0.00769
6843.13837	0.00654
6841.20964	0.00578
6839.28090	0.00726
6837.35217	0.00949
6835.42344	0.01080
6833.49471	0.01158
6831.56598	0.01195
6829.63725	0.01225
6827.70852	0.01224
6825.77979	0.01110
6823.85105	0.00962
6821.92232	0.00859
6819.99359	0.00786
6818.06486	0.00712
6816.13613	0.00619
6814.20740	0.00546
6812.27867	0.00541
6810.34994	0.00594
6808.42120	0.00682
6806.49247	0.00771
6804.56374	0.00833
6802.63501	0.00940
6800.70628	0.01098
6798.77755	0.01186
6796.84882	0.01142
6794.92009	0.00984
6792.99136	0.00868
6791.06262	0.00881
6789.13389	0.00864
6787.20516	0.00750
6785.27643	0.00683
6783.34770	0.00718
6781.41897	0.00769
6779.49024	0.00810
6777.56151	0.00824
6775.63277	0.00812
6773.70404	0.00901
6771.77531	0.01049
6769.84658	0.01097
6767.91785	0.01043
6765.98912	0.00854
6764.06039	0.00644
6762.13166	0.00687
6760.20292	0.00868
6758.27419	0.00907
6756.34546	0.00823
6754.41673	0.00721
6752.48800	0.00634
6750.55927	0.00598
6748.63054	0.00666
6746.70181	0.00754
6744.77307	0.00740
6742.84434	0.00731
6740.91561	0.00760
6738.98688	0.00748
6737.05815	0.00814
6735.12942	0.00961
6733.20069	0.00968
6731.27196	0.00796
6729.34322	0.00591
6727.41449	0.00508
6725.48576	0.00617
6723.55703	0.00690
6721.62830	0.00547
6719.69957	0.00459
6717.77084	0.00573
6715.84211	0.00697
6713.91338	0.00743
6711.98464	0.00722
6710.05591	0.00650
6708.12718	0.00636
6706.19845	0.00730
6704.26972	0.00831
6702.34099	0.00820
6700.41226	0.00701
6698.48353	0.00644
6696.55479	0.00726
6694.62606	0.00759
6692.69733	0.00662
6690.76860	0.00573
6688.83987	0.00532
6686.91114	0.00485
6684.98241	0.00467
6683.05368	0.00518
6681.12494	0.00528
6679.19621	0.00439
6677.26748	0.00415
6675.33875	0.00571
6673.41002	0.00744
6671.48129	0.00731
6669.55256	0.00615
6667.62383	0.00566
6665.69509	0.00524
6663.76636	0.00464
6661.83763	0.00487
6659.90890	0.00497
6657.98017	0.00446
6656.05144	0.00509
6654.12271	0.00664
6652.19398	0.00730
6650.26524	0.00689
6648.33651	0.00663
6646.40778	0.00704
6644.47905	0.00728
6642.55032	0.00721
6640.62159	0.00738
6638.69286	0.00745
6636.76413	0.00671
6634.83540	0.00516
6632.90666	0.00377
6630.97793	0.00335
6629.04920	0.00396
6627.12047	0.00579
6625.19174	0.00771
6623.26301	0.00783
6621.33428	0.00724
6619.40555	0.00775
6617.47681	0.00852
6615.54808	0.00900
6613.61935	0.00928
6611.69062	0.00869
6609.76189	0.00737
6607.83316	0.00608
6605.90443	0.00549
6603.97570	0.00618
6602.04696	0.00719
6600.11823	0.00743
6598.18950	0.00787
6596.26077	0.00882
6594.33204	0.00847
6592.40331	0.00681
6590.47458	0.00561
6588.54585	0.00507
6586.61711	0.00509
6584.68838	0.00632
6582.75965	0.00817
6580.83092	0.00934
6578.90219	0.00955
6576.97346	0.00933
6575.04473	0.00881
6573.11600	0.00740
6571.18726	0.00589
6569.25853	0.00592
6567.32980	0.00686
6565.40107	0.00715
6563.47234	0.00677
6561.54361	0.00620
6559.61488	0.00592
6557.68615	0.00635
6555.75742	0.00718
6553.82868	0.00775
6551.89995	0.00816
6549.97122	0.00865
6548.04249	0.00836
6546.11376	0.00734
6544.18503	0.00746
6542.25630	0.00858
6540.32757	0.00856
6538.39883	0.00745
6536.47010	0.00672
6534.54137	0.00686
6532.61264	0.00743
6530.68391	0.00778
6528.75518	0.00782
6526.82645	0.00818
6524.89772	0.00936
6522.96898	0.01015
6521.04025	0.00920
6519.11152	0.00773
6517.18279	0.00750
6515.25406	0.00848
6513.32533	0.00919
6511.39660	0.00855
6509.46787	0.00769
6507.53913	0.00835
6505.61040	0.00996
6503.68167	0.01064
6501.75294	0.00979
6499.82421	0.00818
6497.89548	0.00708
6495.96675	0.00704
6494.03802	0.00752
6492.10928	0.00821
6490.18055	0.00896
6488.25182	0.00886
6486.32309	0.00807
6484.39436	0.00805
6482.46563	0.00862
6480.53690	0.00863
6478.60817	0.00826
6476.67944	0.00781
6474.75070	0.00763
6472.82197	0.00854
6470.89324	0.01004
6468.96451	0.01057
6467.03578	0.00962
6465.10705	0.00822
6463.17832	0.00776
6461.24959	0.00818
6459.32085	0.00843
6457.39212	0.00837
6455.46339	0.00806
6453.53466	0.00695
6451.60593	0.00611
6449.67720	0.00718
6447.74847	0.00869
6445.81974	0.00865
6443.89100	0.00781
6441.96227	0.00719
6440.03354	0.00708
6438.10481	0.00776
6436.17608	0.00831
6434.24735	0.00772
6432.31862	0.00678
6430.38989	0.00679
6428.46115	0.00808
6426.53242	0.00963
6424.60369	0.00990
6422.67496	0.00933
6420.74623	0.00937
6418.81750	0.00962
6416.88877	0.00932
6414.96004	0.00876
6413.03130	0.00849
6411.10257	0.00885
6409.17384	0.00944
6407.24511	0.00982
6405.31638	0.00987
6403.38765	0.00918
6401.45892	0.00788
6399.53019	0.00717
6397.60146	0.00784
6395.67272	0.00895
6393.74399	0.00942
6391.81526	0.00954
6389.88653	0.00924
6387.95780	0.00833
6386.02907	0.00804
6384.10034	0.00841
6382.17161	0.00814
6380.24287	0.00782
6378.31414	0.00832
6376.38541	0.00886
6374.45668	0.00888
6372.52795	0.00865
6370.59922	0.00870
6368.67049	0.00883
6366.74176	0.00863
6364.81302	0.00834
6362.88429	0.00828
6360.95556	0.00895
6359.02683	0.00958
6357.09810	0.00868
6355.16937	0.00745
6353.24064	0.00763
6351.31191	0.00830
6349.38317	0.00837
6347.45444	0.00805
6345.52571	0.00778
6343.59698	0.00789
6341.66825	0.00858
6339.73952	0.00918
6337.81079	0.00861
6335.88206	0.00764
6333.95332	0.00817
6332.02459	0.00960
6330.09586	0.01000
6328.16713	0.00969
6326.23840	0.00950
6324.30967	0.00890
6322.38094	0.00805
6320.45221	0.00771
6318.52348	0.00751
6316.59474	0.00717
6314.66601	0.00726
6312.73728	0.00776
6310.80855	0.00824
6308.87982	0.00839
6306.95109	0.00810
6305.02236	0.00751
6303.09363	0.00685
6301.16489	0.00716
6299.23616	0.00844
6297.30743	0.00872
6295.37870	0.00761
6293.44997	0.00663
6291.52124	0.00682
6289.59251	0.00747
6287.66378	0.00720
6285.73504	0.00655
6283.80631	0.00711
6281.87758	0.00829
6279.94885	0.00878
6278.02012	0.00893
6276.09139	0.00901
6274.16266	0.00868
6272.23393	0.00861
6270.30519	0.00897
6268.37646	0.00867
6266.44773	0.00778
6264.51900	0.00785
6262.59027	0.00891
6260.66154	0.00935
6258.73281	0.00888
6256.80408	0.00872
6254.87534	0.00904
6252.94661	0.00883
6251.01788	0.00826
6249.08915	0.00824
6247.16042	0.00818
6245.23169	0.00766
6243.30296	0.00784
6241.37423	0.00864
6239.44550	0.00850
6237.51676	0.00759
6235.58803	0.00748
6233.65930	0.00834
6231.73057	0.00875
6229.80184	0.00797
6227.87311	0.00717
6225.94438	0.00731
6224.01565	0.00807
6222.08691	0.00839
6220.15818	0.00760
6218.22945	0.00715
6216.30072	0.00820
6214.37199	0.00912
6212.44326	0.00868
6210.51453	0.00804
6208.58580	0.00788
6206.65706	0.00775
6204.72833	0.00788
6202.79960	0.00862
6200.87087	0.00939
6198.94214	0.00943
6197.01341	0.00894
6195.08468	0.00852
6193.15595	0.00813
6191.22721	0.00803
6189.29848	0.00833
6187.36975	0.00839
6185.44102	0.00790
6183.51229	0.00708
6181.58356	0.00643
6179.65483	0.00659
6177.72610	0.00750
6175.79736	0.00827
6173.86863	0.00798
6171.93990	0.00678
6170.01117	0.00615
6168.08244	0.00691
6166.15371	0.00788
6164.22498	0.00825
6162.29625	0.00839
6160.36752	0.00826
6158.43878	0.00775
6156.51005	0.00764
6154.58132	0.00838
6152.65259	0.00905
6150.72386	0.00874
6148.79513	0.00762
6146.86640	0.00695
6144.93767	0.00768
6143.00893	0.00846
6141.08020	0.00816
6139.15147	0.00759
6137.22274	0.00718
6135.29401	0.00671
6133.36528	0.00648
6131.43655	0.00645
6129.50782	0.00653
6127.57908	0.00718
6125.65035	0.00779
6123.72162	0.00741
6121.79289	0.00665
6119.86416	0.00638
6117.93543	0.00659
6116.00670	0.00633
6114.07797	0.00510
6112.14923	0.00443
6110.22050	0.00541
6108.29177	0.00679
6106.36304	0.00737
6104.43431	0.00704
6102.50558	0.00621
6100.57685	0.00543
6098.64812	0.00494
6096.71938	0.00503
6094.79065	0.00595
6092.86192	0.00726
6090.93319	0.00799
6089.00446	0.00778
6087.07573	0.00702
6085.14700	0.00620
6083.21827	0.00575
6081.28954	0.00575
6079.36080	0.00599
6077.43207	0.00624
6075.50334	0.00640
6073.57461	0.00630
6071.64588	0.00594
6069.71715	0.00618
6067.78842	0.00721
6065.85969	0.00780
6063.93095	0.00772
6062.00222	0.00794
6060.07349	0.00829
6058.14476	0.00800
6056.21603	0.00747
6054.28730	0.00731
6052.35857	0.00714
6050.42984	0.00688
6048.50110	0.00703
6046.57237	0.00726
6044.64364	0.00709
6042.71491	0.00696
6040.78618	0.00711
6038.85745	0.00707
6036.92872	0.00671
6034.99999	0.00643
6033.07125	0.00642
6031.14252	0.00653
6029.21379	0.00643
6027.28506	0.00593
6025.35633	0.00533
6023.42760	0.00521
6021.49887	0.00562
6019.57014	0.00596
6017.64140	0.00602
6015.71267	0.00600
6013.78394	0.00614
6011.85521	0.00670
6009.92648	0.00710
6007.99775	0.00642
6006.06902	0.00561
6004.14029	0.00556
6002.21156	0.00536
6000.28282	0.00518
5998.35409	0.00590
5996.42536	0.00671
5994.49663	0.00690
5992.56790	0.00687
5990.63917	0.00700
5988.71044	0.00724
5986.78171	0.00712
5984.85297	0.00655
5982.92424	0.00622
5980.99551	0.00634
5979.06678	0.00646
5977.13805	0.00677
5975.20932	0.00734
5973.28059	0.00738
5971.35186	0.00683
5969.42312	0.00619
5967.49439	0.00559
5965.56566	0.00542
5963.63693	0.00575
5961.70820	0.00598
5959.77947	0.00600
5957.85074	0.00578
5955.92201	0.00509
5953.99327	0.00471
5952.06454	0.00514
5950.13581	0.00540
5948.20708	0.00540
5946.27835	0.00587
5944.34962	0.00636
5942.42089	0.00635
5940.49216	0.00602
5938.56342	0.00578
5936.63469	0.00580
5934.70596	0.00574
5932.77723	0.00564
5930.84850	0.00583
5928.91977	0.00625
5926.99104	0.00643
5925.06231	0.00594
5923.13358	0.00538
5921.20484	0.00557
5919.27611	0.00609
5917.34738	0.00618
5915.41865	0.00605
5913.48992	0.00578
5911.56119	0.00519
5909.63246	0.00501
5907.70373	0.00559
5905.77499	0.00609
5903.84626	0.00616
5901.91753	0.00627
5899.98880	0.00652
5898.06007	0.00660
5896.13134	0.00626
5894.20261	0.00576
5892.27388	0.00578
5890.34514	0.00625
5888.41641	0.00649
5886.48768	0.00641
5884.55895	0.00620
5882.63022	0.00602
5880.70149	0.00594
5878.77276	0.00604
5876.84403	0.00656
5874.91529	0.00712
5872.98656	0.00676
5871.05783	0.00574
5869.12910	0.00541
5867.20037	0.00598
5865.27164	0.00644
5863.34291	0.00631
5861.41418	0.00595
5859.48544	0.00544
5857.55671	0.00481
5855.62798	0.00478
5853.69925	0.00557
5851.77052	0.00620
5849.84179	0.00623
5847.91306	0.00616
5845.98433	0.00617
5844.05560	0.00614
5842.12686	0.00587
5840.19813	0.00544
5838.26940	0.00535
5836.34067	0.00584
5834.41194	0.00630
5832.48321	0.00605
5830.55448	0.00567
5828.62575	0.00596
5826.69701	0.00646
5824.76828	0.00653
5822.83955	0.00639
5820.91082	0.00637
5818.98209	0.00650
5817.05336	0.00669
5815.12463	0.00665
5813.19590	0.00618
5811.26716	0.00580
5809.33843	0.00592
5807.40970	0.00588
5805.48097	0.00555
5803.55224	0.00569
5801.62351	0.00628
5799.69478	0.00672
5797.76605	0.00676
5795.83731	0.00649
5793.90858	0.00631
5791.97985	0.00644
5790.05112	0.00640
5788.12239	0.00598
5786.19366	0.00547
5784.26493	0.00501
5782.33620	0.00502
5780.40746	0.00569
5778.47873	0.00620
5776.55000	0.00602
5774.62127	0.00580
5772.69254	0.00617
5770.76381	0.00669
5768.83508	0.00656
5766.90635	0.00584
5764.97762	0.00532
5763.04888	0.00556
5761.12015	0.00624
5759.19142	0.00659
5757.26269	0.00632
5755.33396	0.00579
5753.40523	0.00560
5751.47650	0.00583
5749.54777	0.00594
5747.61903	0.00584
5745.69030	0.00582
5743.76157	0.00556
5741.83284	0.00511
5739.90411	0.00542
5737.97538	0.00637
5736.04665	0.00679
5734.11792	0.00627
5732.18918	0.00582
5730.26045	0.00593
5728.33172	0.00592
5726.40299	0.00556
5724.47426	0.00543
5722.54553	0.00589
5720.61680	0.00657
5718.68807	0.00683
5716.75933	0.00684
5714.83060	0.00685
5712.90187	0.00655
5710.97314	0.00626
5709.04441	0.00642
5707.11568	0.00649
5705.18695	0.00597
5703.25822	0.00521
5701.32948	0.00495
5699.40075	0.00532
5697.47202	0.00580
5695.54329	0.00578
5693.61456	0.00539
5691.68583	0.00527
5689.75710	0.00560
5687.82837	0.00570
5685.89964	0.00527
5683.97090	0.00512
5682.04217	0.00565
5680.11344	0.00620
5678.18471	0.00637
5676.25598	0.00626
5674.32725	0.00597
5672.39852	0.00564
5670.46979	0.00543
5668.54105	0.00526
5666.61232	0.00532
5664.68359	0.00577
5662.75486	0.00595
5660.82613	0.00554
5658.89740	0.00493
5656.96867	0.00459
5655.03994	0.00473
5653.11120	0.00496
5651.18247	0.00483
5649.25374	0.00470
5647.32501	0.00490
5645.39628	0.00505
5643.46755	0.00483
5641.53882	0.00459
5639.61009	0.00458
5637.68135	0.00454
5635.75262	0.00445
5633.82389	0.00466
5631.89516	0.00505
5629.96643	0.00513
5628.03770	0.00494
5626.10897	0.00469
5624.18024	0.00455
5622.25150	0.00466
5620.32277	0.00476
5618.39404	0.00472
5616.46531	0.00487
5614.53658	0.00519
5612.60785	0.00515
5610.67912	0.00492
5608.75039	0.00493
5606.82166	0.00494
5604.89292	0.00497
5602.96419	0.00522
5601.03546	0.00517
5599.10673	0.00469
5597.17800	0.00473
5595.24927	0.00544
5593.32054	0.00565
5591.39181	0.00500
5589.46307	0.00449
5587.53434	0.00479
5585.60561	0.00539
5583.67688	0.00558
5581.74815	0.00536
5579.81942	0.00510
5577.89069	0.00486
5575.96196	0.00452
5574.03322	0.00434
5572.10449	0.00446
5570.17576	0.00445
5568.24703	0.00426
5566.31830	0.00430
5564.38957	0.00450
5562.46084	0.00478
5560.53211	0.00526
5558.60337	0.00558
5556.67464	0.00527
5554.74591	0.00485
5552.81718	0.00493
5550.88845	0.00498
5548.95972	0.00451
5547.03099	0.00433
5545.10226	0.00482
5543.17352	0.00519
5541.24479	0.00508
5539.31606	0.00492
5537.38733	0.00500
5535.45860	0.00515
5533.52987	0.00498
5531.60114	0.00466
5529.67241	0.00463
5527.74368	0.00480
5525.81494	0.00483
5523.88621	0.00466
5521.95748	0.00450
5520.02875	0.00452
5518.10002	0.00469
5516.17129	0.00494
5514.24256	0.00531
5512.31383	0.00561
5510.38509	0.00550
5508.45636	0.00501
5506.52763	0.00461
5504.59890	0.00453
5502.67017	0.00469
5500.74144	0.00484
5498.81271	0.00478
5496.88398	0.00473
5494.95524	0.00465
5493.02651	0.00465
5491.09778	0.00494
5489.16905	0.00525
5487.24032	0.00538
5485.31159	0.00531
5483.38286	0.00527
5481.45413	0.00543
5479.52539	0.00553
5477.59666	0.00517
5475.66793	0.00479
5473.73920	0.00510
5471.81047	0.00540
5469.88174	0.00519
5467.95301	0.00513
5466.02428	0.00537
5464.09554	0.00525
5462.16681	0.00434
5460.23808	0.00342
5458.30935	0.00342
5456.38062	0.00411
5454.45189	0.00477
5452.52316	0.00491
5450.59443	0.00487
5448.66570	0.00521
5446.73696	0.00535
5444.80823	0.00499
5442.87950	0.00440
5440.95077	0.00404
5439.02204	0.00456
5437.09331	0.00496
5435.16458	0.00452
5433.23585	0.00426
5431.30711	0.00426
5429.37838	0.00400
5427.44965	0.00412
5425.52092	0.00458
5423.59219	0.00474
5421.66346	0.00468
5419.73473	0.00467
5417.80600	0.00470
5415.87726	0.00437
5413.94853	0.00395
5412.01980	0.00400
5410.09107	0.00424
5408.16234	0.00470
5406.23361	0.00522
5404.30488	0.00537
5402.37615	0.00531
5400.44741	0.00526
5398.51868	0.00509
5396.58995	0.00461
5394.66122	0.00401
5392.73249	0.00415
5390.80376	0.00499
5388.87503	0.00518
5386.94630	0.00435
5385.01756	0.00382
5383.08883	0.00429
5381.16010	0.00494
5379.23137	0.00503
5377.30264	0.00470
5375.37391	0.00463
5373.44518	0.00475
5371.51645	0.00476
5369.58772	0.00479
5367.65898	0.00487
5365.73025	0.00488
5363.80152	0.00483
5361.87279	0.00484
5359.94406	0.00482
5358.01533	0.00461
5356.08660	0.00412
5354.15787	0.00370
5352.22913	0.00402
5350.30040	0.00475
5348.37167	0.00518
5346.44294	0.00511
5344.51421	0.00502
5342.58548	0.00547
5340.65675	0.00536
5338.72802	0.00454
5336.79928	0.00419
5334.87055	0.00414
5332.94182	0.00393
5331.01309	0.00393
5329.08436	0.00407
5327.15563	0.00418
5325.22690	0.00443
5323.29817	0.00456
5321.36943	0.00451
5319.44070	0.00448
5317.51197	0.00460
5315.58324	0.00483
5313.65451	0.00507
5311.72578	0.00533
5309.79705	0.00534
5307.86832	0.00494
5305.93958	0.00479
5304.01085	0.00497
5302.08212	0.00503
5300.15339	0.00494
5298.22466	0.00484
5296.29593	0.00488
5294.36720	0.00504
5292.43847	0.00494
5290.50974	0.00455
5288.58100	0.00456
5286.65227	0.00496
5284.72354	0.00527
5282.79481	0.00525
5280.86608	0.00487
5278.93735	0.00462
5277.00862	0.00475
5275.07989	0.00514
5273.15115	0.00568
5271.22242	0.00602
5269.29369	0.00597
5267.36496	0.00582
5265.43623	0.00552
5263.50750	0.00531
5261.57877	0.00555
5259.65004	0.00595
5257.72130	0.00621
5255.79257	0.00614
5253.86384	0.00600
5251.93511	0.00580
5250.00638	0.00523
5248.07765	0.00505
5246.14892	0.00567
5244.22019	0.00608
5242.29145	0.00600
5240.36272	0.00557
5238.43399	0.00505
5236.50526	0.00494
5234.57653	0.00516
5232.64780	0.00517
5230.71907	0.00489
5228.79034	0.00476
5226.86160	0.00472
5224.93287	0.00479
5223.00414	0.00497
5221.07541	0.00501
5219.14668	0.00500
5217.21795	0.00494
5215.28922	0.00488
5213.36049	0.00516
5211.43176	0.00558
5209.50302	0.00545
5207.57429	0.00477
5205.64556	0.00459
5203.71683	0.00510
5201.78810	0.00539
5199.85937	0.00526
5197.93064	0.00492
5196.00191	0.00465
5194.07317	0.00473
5192.14444	0.00496
5190.21571	0.00501
5188.28698	0.00482
5186.35825	0.00457
5184.42952	0.00458
5182.50079	0.00472
5180.57206	0.00441
5178.64332	0.00402
5176.71459	0.00423
5174.78586	0.00483
5172.85713	0.00518
5170.92840	0.00508
5168.99967	0.00479
5167.07094	0.00463
5165.14221	0.00463
5163.21347	0.00463
5161.28474	0.00444
5159.35601	0.00410
5157.42728	0.00400
5155.49855	0.00432
5153.56982	0.00460
5151.64109	0.00449
5149.71236	0.00438
5147.78362	0.00437
5145.85489	0.00427
5143.92616	0.00410
5141.99743	0.00392
5140.06870	0.00383
5138.13997	0.00397
5136.21124	0.00425
5134.28251	0.00440
5132.35378	0.00432
5130.42504	0.00411
5128.49631	0.00387
5126.56758	0.00387
5124.63885	0.00406
5122.71012	0.00418
5120.78139	0.00416
5118.85266	0.00414
5116.92393	0.00419
5114.99519	0.00415
5113.06646	0.00408
5111.13773	0.00415
5109.20900	0.00426
5107.28027	0.00420
5105.35154	0.00401
5103.42281	0.00391
5101.49408	0.00395
5099.56534	0.00399
5097.63661	0.00393
5095.70788	0.00370
5093.77915	0.00351
5091.85042	0.00361
5089.92169	0.00384
5087.99296	0.00394
5086.06423	0.00400
5084.13549	0.00412
5082.20676	0.00417
5080.27803	0.00407
5078.34930	0.00392
5076.42057	0.00386
5074.49184	0.00392
5072.56311	0.00397
5070.63438	0.00399
5068.70564	0.00403
5066.77691	0.00401
5064.84818	0.00384
5062.91945	0.00370
5060.99072	0.00358
5059.06199	0.00341
5057.13326	0.00342
5055.20453	0.00357
5053.27580	0.00357
5051.34706	0.00350
5049.41833	0.00358
5047.48960	0.00379
5045.56087	0.00403
5043.63214	0.00411
5041.70341	0.00402
5039.77468	0.00393
5037.84595	0.00401
5035.91721	0.00428
5033.98848	0.00455
5032.05975	0.00451
5030.13102	0.00424
5028.20229	0.00398
5026.27356	0.00377
5024.34483	0.00361
5022.41610	0.00357
5020.48736	0.00368
5018.55863	0.00387
5016.62990	0.00403
5014.70117	0.00406
5012.77244	0.00398
5010.84371	0.00396
5008.91498	0.00390
5006.98625	0.00371
5005.05751	0.00362
5003.12878	0.00372
5001.20005	0.00377
4999.27132	0.00370
4997.34259	0.00366
4995.41386	0.00361
4993.48513	0.00341
4991.55640	0.00302
4989.62766	0.00270
4987.69893	0.00285
4985.77020	0.00321
4983.84147	0.00327
4981.91274	0.00314
4979.98401	0.00309
4978.05528	0.00310
4976.12655	0.00326
4974.19782	0.00361
4972.26908	0.00373
4970.34035	0.00338
4968.41162	0.00292
4966.48289	0.00274
4964.55416	0.00295
4962.62543	0.00337
4960.69670	0.00363
4958.76797	0.00354
4956.83923	0.00345
4954.91050	0.00363
4952.98177	0.00385
4951.05304	0.00393
4949.12431	0.00399
4947.19558	0.00398
4945.26685	0.00376
4943.33812	0.00352
4941.40938	0.00336
4939.48065	0.00320
4937.55192	0.00312
4935.62319	0.00325
4933.69446	0.00342
4931.76573	0.00339
4929.83700	0.00320
4927.90827	0.00299
4925.97953	0.00292
4924.05080	0.00304
4922.12207	0.00305
4920.19334	0.00285
4918.26461	0.00285
4916.33588	0.00318
4914.40715	0.00346
4912.47842	0.00346
4910.54968	0.00323
4908.62095	0.00294
4906.69222	0.00291
4904.76349	0.00324
4902.83476	0.00357
4900.90603	0.00356
4898.97730	0.00333
4897.04857	0.00324
4895.11984	0.00344
4893.19110	0.00359
4891.26237	0.00331
4889.33364	0.00284
4887.40491	0.00258
4885.47618	0.00262
4883.54745	0.00280
4881.61872	0.00290
4879.68999	0.00284
4877.76125	0.00259
4875.83252	0.00221
4873.90379	0.00211
4871.97506	0.00241
4870.04633	0.00260
4868.11760	0.00252
4866.18887	0.00260
4864.26014	0.00286
4862.33140	0.00299
4860.40267	0.00309
4858.47394	0.00332
4856.54521	0.00343
4854.61648	0.00314
4852.68775	0.00261
4850.75902	0.00233
4848.83029	0.00247
4846.90155	0.00262
4844.97282	0.00257
4843.04409	0.00241
4841.11536	0.00215
4839.18663	0.00203
4837.25790	0.00229
4835.32917	0.00271
4833.40044	0.00287
4831.47170	0.00258
4829.54297	0.00214
4827.61424	0.00190
4825.68551	0.00200
4823.75678	0.00237
4821.82805	0.00265
4819.89932	0.00261
4817.97059	0.00257
4816.04186	0.00268
4814.11312	0.00277
4812.18439	0.00274
4810.25566	0.00259
4808.32693	0.00238
4806.39820	0.00215
4804.46947	0.00201
4802.54074	0.00204
4800.61201	0.00207
4798.68327	0.00212
4796.75454	0.00223
4794.82581	0.00227
4792.89708	0.00212
4790.96835	0.00189
4789.03962	0.00183
4787.11089	0.00198
4785.18216	0.00211
4783.25342	0.00206
4781.32469	0.00193
4779.39596	0.00197
4777.46723	0.00226
4775.53850	0.00251
4773.60977	0.00258
4771.68104	0.00250
4769.75231	0.00228
4767.82357	0.00212
4765.89484	0.00217
4763.96611	0.00227
4762.03738	0.00225
4760.10865	0.00208
4758.17992	0.00188
4756.25119	0.00195
4754.32246	0.00228
4752.39372	0.00250
4750.46499	0.00256
4748.53626	0.00255
4746.60753	0.00235
4744.67880	0.00197
4742.75007	0.00164
4740.82134	0.00157
4738.89261	0.00167
4736.96388	0.00182
4735.03514	0.00191
4733.10641	0.00185
4731.17768	0.00182
4729.24895	0.00184
4727.32022	0.00176
4725.39149	0.00158
4723.46276	0.00147
4721.53403	0.00161
4719.60529	0.00195
4717.67656	0.00216
4715.74783	0.00203
4713.81910	0.00174
4711.89037	0.00154
4709.96164	0.00157
4708.03291	0.00179
4706.10418	0.00215
4704.17544	0.00239
4702.24671	0.00233
4700.31798	0.00218
4698.38925	0.00219
4696.46052	0.00225
4694.53179	0.00215
4692.60306	0.00202
4690.67433	0.00196
4688.74559	0.00188
4686.81686	0.00189
4684.88813	0.00209
4682.95940	0.00218
4681.03067	0.00207
4679.10194	0.00203
4677.17321	0.00213
4675.24448	0.00211
4673.31574	0.00210
4671.38701	0.00220
4669.45828	0.00217
4667.52955	0.00198
4665.60082	0.00176
4663.67209	0.00166
4661.74336	0.00176
4659.81463	0.00198
4657.88590	0.00213
4655.95716	0.00215
4654.02843	0.00213
4652.09970	0.00218
4650.17097	0.00225
4648.24224	0.00233
4646.31351	0.00252
4644.38478	0.00262
4642.45605	0.00250
4640.52731	0.00250
4638.59858	0.00271
4636.66985	0.00284
4634.74112	0.00277
4632.81239	0.00261
4630.88366	0.00250
4628.95493	0.00252
4627.02620	0.00249
4625.09746	0.00231
4623.16873	0.00212
4621.24000	0.00202
4619.31127	0.00214
4617.38254	0.00249
4615.45381	0.00262
4613.52508	0.00243
4611.59635	0.00221
4609.66761	0.00219
4607.73888	0.00230
4605.81015	0.00245
4603.88142	0.00254
4601.95269	0.00240
4600.02396	0.00212
4598.09523	0.00212
4596.16650	0.00237
4594.23776	0.00249
4592.30903	0.00239
4590.38030	0.00225
4588.45157	0.00218
4586.52284	0.00213
4584.59411	0.00214
4582.66538	0.00226
4580.73665	0.00235
4578.80792	0.00230
4576.87918	0.00223
4574.95045	0.00225
4573.02172	0.00235
4571.09299	0.00246
4569.16426	0.00248
4567.23553	0.00243
4565.30680	0.00234
4563.37807	0.00221
4561.44933	0.00221
4559.52060	0.00231
4557.59187	0.00232
4555.66314	0.00230
4553.73441	0.00231
4551.80568	0.00227
4549.87695	0.00212
4547.94822	0.00191
4546.01948	0.00179
4544.09075	0.00190
4542.16202	0.00215
4540.23329	0.00229
4538.30456	0.00238
4536.37583	0.00250
4534.44710	0.00245
4532.51837	0.00226
4530.58963	0.00218
4528.66090	0.00225
4526.73217	0.00236
4524.80344	0.00239
4522.87471	0.00238
4520.94598	0.00233
4519.01725	0.00228
4517.08852	0.00224
4515.15978	0.00214
4513.23105	0.00200
4511.30232	0.00189
4509.37359	0.00180
4507.44486	0.00177
4505.51613	0.00180
4503.58740	0.00181
4501.65867	0.00183
4499.72994	0.00191
4497.80120	0.00191
4495.87247	0.00179
4493.94374	0.00166
4492.01501	0.00157
4490.08628	0.00156
4488.15755	0.00160
4486.22882	0.00165
4484.30009	0.00169
4482.37135	0.00173
4480.44262	0.00178
4478.51389	0.00181
4476.58516	0.00180
4474.65643	0.00181
4472.72770	0.00191
4470.79897	0.00209
4468.87024	0.00227
4466.94150	0.00235
4465.01277	0.00225
4463.08404	0.00208
4461.15531	0.00194
4459.22658	0.00183
4457.29785	0.00178
4455.36912	0.00173
4453.44039	0.00166
4451.51165	0.00165
4449.58292	0.00170
4447.65419	0.00176
4445.72546	0.00179
4443.79673	0.00185
4441.86800	0.00193
4439.93927	0.00191
4438.01054	0.00185
4436.08180	0.00197
4434.15307	0.00224
4432.22434	0.00236
4430.29561	0.00220
4428.36688	0.00193
4426.43815	0.00176
4424.50942	0.00178
4422.58069	0.00190
4420.65196	0.00192
4418.72322	0.00184
4416.79449	0.00182
4414.86576	0.00191
4412.93703	0.00197
4411.00830	0.00197
4409.07957	0.00195
4407.15084	0.00191
4405.22211	0.00188
4403.29337	0.00186
4401.36464	0.00191
4399.43591	0.00206
4397.50718	0.00223
4395.57845	0.00227
4393.64972	0.00220
4391.72099	0.00219
4389.79226	0.00226
4387.86352	0.00216
4385.93479	0.00186
4384.00606	0.00179
4382.07733	0.00202
4380.14860	0.00219
4378.21987	0.00223
4376.29114	0.00227
4374.36241	0.00230
4372.43367	0.00233
4370.50494	0.00247
4368.57621	0.00268
4366.64748	0.00276
4364.71875	0.00265
4362.79002	0.00255
4360.86129	0.00258
4358.93256	0.00257
4357.00382	0.00246
4355.07509	0.00239
4353.14636	0.00235
4351.21763	0.00227
4349.28890	0.00215
4347.36017	0.00210
4345.43144	0.00217
4343.50271	0.00226
4341.57398	0.00230
4339.64524	0.00229
4337.71651	0.00231
4335.78778	0.00229
4333.85905	0.00215
4331.93032	0.00213
4330.00159	0.00235
4328.07286	0.00254
4326.14413	0.00255
4324.21539	0.00247
4322.28666	0.00235
4320.35793	0.00227
4318.42920	0.00229
4316.50047	0.00232
4314.57174	0.00231
4312.64301	0.00222
4310.71428	0.00200
4308.78554	0.00186
4306.85681	0.00196
4304.92808	0.00223
4302.99935	0.00234
4301.07062	0.00216
4299.14189	0.00196
4297.21316	0.00194
4295.28443	0.00199
4293.35569	0.00201
4291.42696	0.00202
4289.49823	0.00194
4287.56950	0.00185
4285.64077	0.00184
4283.71204	0.00185
4281.78331	0.00187
4279.85458	0.00188
4277.92584	0.00183
4275.99711	0.00180
4274.06838	0.00183
4272.13965	0.00189
4270.21092	0.00202
4268.28219	0.00217
4266.35346	0.00217
4264.42473	0.00200
4262.49600	0.00179
4260.56726	0.00169
4258.63853	0.00178
4256.70980	0.00190
4254.78107	0.00184
4252.85234	0.00171
4250.92361	0.00172
4248.99488	0.00172
4247.06615	0.00156
4245.13741	0.00136
4243.20868	0.00124
4241.27995	0.00125
4239.35122	0.00135
4237.42249	0.00143
4235.49376	0.00144
4233.56503	0.00145
4231.63630	0.00148
4229.70756	0.00154
4227.77883	0.00159
4225.85010	0.00156
4223.92137	0.00150
4221.99264	0.00148
4220.06391	0.00146
4218.13518	0.00149
4216.20645	0.00156
4214.27771	0.00157
4212.34898	0.00154
4210.42025	0.00151
4208.49152	0.00152
4206.56279	0.00153
4204.63406	0.00146
4202.70533	0.00137
4200.77660	0.00134
4198.84786	0.00136
4196.91913	0.00145
4194.99040	0.00155
4193.06167	0.00167
4191.13294	0.00168
4189.20421	0.00153
4187.27548	0.00134
4185.34675	0.00129
4183.41802	0.00143
4181.48928	0.00156
4179.56055	0.00160
4177.63182	0.00172
4175.70309	0.00178
4173.77436	0.00160
4171.84563	0.00139
4169.91690	0.00131
4167.98817	0.00121
4166.05943	0.00104
4164.13070	0.00097
4162.20197	0.00104
4160.27324	0.00113
4158.34451	0.00117
4156.41578	0.00107
4154.48705	0.00079
4152.55832	0.00048
4150.62958	0.00033
4148.70085	0.00037
4146.77212	0.00050
4144.84339	0.00059
4142.91466	0.00061
4140.98593	0.00060
4139.05720	0.00069
4137.12847	0.00078
4135.19973	0.00068
4133.27100	0.00051
4131.34227	0.00045
4129.41354	0.00042
4127.48481	0.00037
4125.55608	0.00032
4123.62735	0.00041
4121.69862	0.00060
4119.76988	0.00062
4117.84115	0.00039
4115.91242	0.00015
4113.98369	0.00003
4112.05496	0.00000
4110.12623	0.00002
4108.19750	-0.00000
4106.26877	-0.00009
4104.34004	-0.00002
4102.41130	0.00020
4100.48257	0.00032
4098.55384	0.00025
4096.62511	0.00013
4094.69638	0.00006
4092.76765	0.00011
4090.83892	0.00011
4088.91019	-0.00009
4086.98145	-0.00025
4085.05272	-0.00016
4083.12399	0.00001
4081.19526	0.00010
4079.26653	0.00009
4077.33780	0.00006
4075.40907	0.00012
4073.48034	0.00018
4071.55160	0.00004
4069.62287	-0.00020
4067.69414	-0.00035
4065.76541	-0.00040
4063.83668	-0.00031
4061.90795	-0.00015
4059.97922	-0.00013
4058.05049	-0.00023
4056.12175	-0.00026
4054.19302	-0.00023
4052.26429	-0.00016
4050.33556	-0.00010
4048.40683	-0.00016
4046.47810	-0.00033
4044.54937	-0.00042
4042.62064	-0.00036
4040.69190	-0.00029
4038.76317	-0.00026
4036.83444	-0.00024
4034.90571	-0.00024
4032.97698	-0.00025
4031.04825	-0.00021
4029.11952	-0.00020
4027.19079	-0.00033
4025.26206	-0.00050
4023.33332	-0.00057
4021.40459	-0.00044
4019.47586	-0.00026
4017.54713	-0.00018
4015.61840	-0.00024
4013.68967	-0.00039
4011.76094	-0.00058
4009.83221	-0.00070
4007.90347	-0.00072
4005.97474	-0.00073
4004.04601	-0.00076
4002.11728	-0.00076
4000.18855	-0.00066
3998.25982	-0.00049
3996.33109	-0.00036
3994.40236	-0.00040
3992.47362	-0.00057
3990.54489	-0.00072
3988.61616	-0.00077
3986.68743	-0.00079
3984.75870	-0.00080
3982.82997	-0.00080
3980.90124	-0.00080
3978.97251	-0.00083
3977.04377	-0.00085
3975.11504	-0.00070
3973.18631	-0.00054
3971.25758	-0.00065
3969.32885	-0.00096
3967.40012	-0.00120
3965.47139	-0.00129
3963.54266	-0.00136
3961.61392	-0.00135
3959.68519	-0.00124
3957.75646	-0.00124
3955.82773	-0.00129
3953.89900	-0.00127
3951.97027	-0.00127
3950.04154	-0.00144
3948.11281	-0.00157
3946.18408	-0.00147
3944.25534	-0.00152
3942.32661	-0.00168
3940.39788	-0.00166
3938.46915	-0.00153
3936.54042	-0.00129
3934.61169	-0.00126
3932.68296	-0.00152
3930.75423	-0.00157
3928.82549	-0.00132
3926.89676	-0.00122
3924.96803	-0.00132
3923.03930	-0.00123
3921.11057	-0.00117
3919.18184	-0.00138
3917.25311	-0.00164
3915.32438	-0.00177
3913.39564	-0.00197
3911.46691	-0.00213
3909.53818	-0.00187
3907.60945	-0.00147
3905.68072	-0.00142
3903.75199	-0.00151
3901.82326	-0.00164
3899.89453	-0.00197
3897.96579	-0.00196
3896.03706	-0.00167
3894.10833	-0.00190
3892.17960	-0.00247
3890.25087	-0.00229
3888.32214	-0.00200
3886.39341	-0.00250
3884.46468	-0.00252
3882.53594	-0.00243
3880.60721	-0.00281
3878.67848	-0.00255
3876.74975	-0.00226
3874.82102	-0.00237
3872.89229	-0.00232
3870.96356	-0.00260
3869.03483	-0.00255
3867.10610	-0.00218
3865.17736	-0.00260
3863.24863	-0.00302
3861.31990	-0.00284
3859.39117	-0.00218
3857.46244	-0.00176
3855.53371	-0.00259
3853.60498	-0.00364
3851.67625	-0.00306
3849.74751	-0.00252
3847.81878	-0.00278
3845.89005	-0.00310
3843.96132	-0.00300
3842.03259	-0.00257
3840.10386	-0.00253
3838.17513	-0.00282
3836.24640	-0.00271
3834.31766	-0.00270
3832.38893	-0.00311
3830.46020	-0.00328
3828.53147	-0.00324
3826.60274	-0.00298
3824.67401	-0.00245
3822.74528	-0.00272
3820.81655	-0.00292
3818.88781	-0.00249
3816.95908	-0.00316
3815.03035	-0.00365
3813.10162	-0.00312
3811.17289	-0.00279
3809.24416	-0.00305
3807.31543	-0.00322
3805.38670	-0.00242
3803.45796	-0.00230
3801.52923	-0.00298
3799.60050	-0.00273
3797.67177	-0.00261
3795.74304	-0.00283
3793.81431	-0.00267
3791.88558	-0.00254
3789.95685	-0.00246
3788.02812	-0.00240
3786.09938	-0.00245
3784.17065	-0.00227
3782.24192	-0.00201
3780.31319	-0.00214
3778.38446	-0.00217
3776.45573	-0.00192
3774.52700	-0.00174
3772.59827	-0.00180
3770.66953	-0.00207
3768.74080	-0.00204
3766.81207	-0.00196
3764.88334	-0.00184
3762.95461	-0.00147
3761.02588	-0.00153
3759.09715	-0.00158
3757.16842	-0.00093
3755.23968	-0.00016
3753.31095	-0.00022
3751.38222	-0.00062
3749.45349	0.00008
3747.52476	0.00089
3745.59603	-0.00000
3743.66730	-0.00017
3741.73857	0.00139
3739.80983	0.00229
3737.88110	0.00217
3735.95237	0.00199
3734.02364	0.00246
3732.09491	0.00349
3730.16618	0.00481
3728.23745	0.00572
3726.30872	0.00650
3724.37998	0.00791
3722.45125	0.00971
3720.52252	0.01177
3718.59379	0.01403
3716.66506	0.01644
3714.73633	0.01858
3712.80760	0.02044
3710.87887	0.02288
3708.95014	0.02591
3707.02140	0.02875
3705.09267	0.03108
3703.16394	0.03306
3701.23521	0.03539
3699.30648	0.03811
3697.37775	0.04060
3695.44902	0.04311
3693.52029	0.04561
3691.59155	0.04756
3689.66282	0.04912
3687.73409	0.05127
3685.80536	0.05393
3683.87663	0.05653
3681.94790	0.05977
3680.01917	0.06406
3678.09044	0.06814
3676.16170	0.07121
3674.23297	0.07443
3672.30424	0.07664
3670.37551	0.07745
3668.44678	0.07957
3666.51805	0.08257
3664.58932	0.08512
3662.66059	0.08735
3660.73185	0.08921
3658.80312	0.09035
3656.87439	0.09132
3654.94566	0.09334
3653.01693	0.09533
3651.08820	0.09632
3649.15947	0.09800
3647.23074	0.10095
3645.30200	0.10358
3643.37327	0.10489
3641.44454	0.10567
3639.51581	0.10688
3637.58708	0.10856
3635.65835	0.11041
3633.72962	0.11242
3631.80089	0.11408
3629.87216	0.11482
3627.94342	0.11628
3626.01469	0.11848
3624.08596	0.11996
3622.15723	0.12072
3620.22850	0.12117
3618.29977	0.12177
3616.37104	0.12218
3614.44231	0.12187
3612.51357	0.12160
3610.58484	0.12168
3608.65611	0.12177
3606.72738	0.12224
3604.79865	0.12285
3602.86992	0.12308
3600.94119	0.12322
3599.01246	0.12365
3597.08372	0.12413
3595.15499	0.12453
3593.22626	0.12515
3591.29753	0.12569
3589.36880	0.12568
3587.44007	0.12579
3585.51134	0.12655
3583.58261	0.12725
3581.65387	0.12758
3579.72514	0.12805
3577.79641	0.12879
3575.86768	0.12956
3573.93895	0.13024
3572.01022	0.13094
3570.08149	0.13140
3568.15276	0.13158
3566.22402	0.13219
3564.29529	0.13320
3562.36656	0.13386
3560.43783	0.13424
3558.50910	0.13460
3556.58037	0.13497
3554.65164	0.13532
3552.72291	0.13572
3550.79418	0.13617
3548.86544	0.13638
3546.93671	0.13643
3545.00798	0.13682
3543.07925	0.13743
3541.15052	0.13781
3539.22179	0.13798
3537.29306	0.13819
3535.36433	0.13863
3533.43559	0.13907
3531.50686	0.13923
3529.57813	0.13914
3527.64940	0.13908
3525.72067	0.13915
3523.79194	0.13930
3521.86321	0.13952
3519.93448	0.13967
3518.00574	0.13960
3516.07701	0.13949
3514.14828	0.13951
3512.21955	0.13966
3510.29082	0.13986
3508.36209	0.14028
3506.43336	0.14080
3504.50463	0.14109
3502.57589	0.14125
3500.64716	0.14139
3498.71843	0.14139
3496.78970	0.14148
3494.86097	0.14185
3492.93224	0.14225
3491.00351	0.14243
3489.07478	0.14256
3487.14604	0.14280
3485.21731	0.14307
3483.28858	0.14328
3481.35985	0.14359
3479.43112	0.14391
3477.50239	0.14400
3475.57366	0.14404
3473.64493	0.14424
3471.71620	0.14443
3469.78746	0.14459
3467.85873	0.14478
3465.93000	0.14505
3464.00127	0.14523
3462.07254	0.14528
3460.14381	0.14537
3458.21508	0.14554
3456.28635	0.14571
3454.35761	0.14587
3452.42888	0.14605
3450.50015	0.14615
3448.57142	0.14606
3446.64269	0.14618
3444.71396	0.14671
3442.78523	0.14708
3440.85650	0.14718
3438.92776	0.14722
3436.99903	0.14718
3435.07030	0.14697
3433.14157	0.14689
3431.21284	0.14708
3429.28411	0.14729
3427.35538	0.14736
3425.42665	0.14736
3423.49791	0.14732
3421.56918	0.14720
3419.64045	0.14716
3417.71172	0.14724
3415.78299	0.14744
3413.85426	0.14773
3411.92553	0.14785
3409.99680	0.14766
3408.06806	0.14732
3406.13933	0.14704
3404.21060	0.14692
3402.28187	0.14699
3400.35314	0.14706
3398.42441	0.14684
3396.49568	0.14681
3394.56695	0.14657
3392.63822	0.14624
3390.70948	0.14624
3388.78075	0.14633
3386.85202	0.14614
3384.92329	0.14581
3382.99456	0.14553
3381.06583	0.14531
3379.13710	0.14515
3377.20837	0.14506
3375.27963	0.14502
3373.35090	0.14486
3371.42217	0.14441
3369.49344	0.14385
3367.56471	0.14341
3365.63598	0.14309
3363.70725	0.14280
3361.77852	0.14255
3359.84978	0.14226
3357.92105	0.14173
3355.99232	0.14114
3354.06359	0.14082
3352.13486	0.14064
3350.20613	0.14035
3348.27740	0.13997
3346.34867	0.13956
3344.41993	0.13908
3342.49120	0.13862
3340.56247	0.13834
3338.63374	0.13803
3336.70501	0.13751
3334.77628	0.13694
3332.84755	0.13644
3330.91882	0.13591
3328.99008	0.13527
3327.06135	0.13462
3325.13262	0.13410
3323.20389	0.13375
3321.27516	0.13345
3319.34643	0.13293
3317.41770	0.13218
3315.48897	0.13141
3313.56024	0.13077
3311.63150	0.13020
3309.70277	0.12958
3307.77404	0.12900
3305.84531	0.12847
3303.91658	0.12792
3301.98785	0.12732
3300.05912	0.12661
3298.13039	0.12577
3296.20165	0.12501
3294.27292	0.12442
3292.34419	0.12383
3290.41546	0.12311
3288.48673	0.12228
3286.55800	0.12142
3284.62927	0.12063
3282.70054	0.11982
3280.77180	0.11895
3278.84307	0.11816
3276.91434	0.11748
3274.98561	0.11676
3273.05688	0.11592
3271.12815	0.11511
3269.19942	0.11438
3267.27069	0.11363
3265.34195	0.11279
3263.41322	0.11188
3261.48449	0.11088
3259.55576	0.10984
3257.62703	0.10894
3255.69830	0.10818
3253.76957	0.10740
3251.84084	0.10661
3249.91210	0.10582
3247.98337	0.10495
3246.05464	0.10401
3244.12591	0.10320
3242.19718	0.10251
3240.26845	0.10164
3238.33972	0.10048
3236.41099	0.09938
3234.48226	0.09862
3232.55352	0.09797
3230.62479	0.09719
3228.69606	0.09627
3226.76733	0.09534
3224.83860	0.09450
3222.90987	0.09363
3220.98114	0.09264
3219.05241	0.09171
3217.12367	0.09095
3215.19494	0.09010
3213.26621	0.08917
3211.33748	0.08832
3209.40875	0.08750
3207.48002	0.08670
3205.55129	0.08591
3203.62256	0.08509
3201.69382	0.08427
3199.76509	0.08343
3197.83636	0.08258
3195.90763	0.08177
3193.97890	0.08096
3192.05017	0.08004
3190.12144	0.07903
3188.19271	0.07803
3186.26397	0.07711
3184.33524	0.07625
3182.40651	0.07549
3180.47778	0.07476
3178.54905	0.07397
3176.62032	0.07318
3174.69159	0.07239
3172.76286	0.07162
3170.83412	0.07090
3168.90539	0.07016
3166.97666	0.06939
3165.04793	0.06869
3163.11920	0.06794
3161.19047	0.06714
3159.26174	0.06643
3157.33301	0.06579
3155.40428	0.06509
3153.47554	0.06440
3151.54681	0.06375
3149.61808	0.06310
3147.68935	0.06244
3145.76062	0.06178
3143.83189	0.06116
3141.90316	0.06060
3139.97443	0.06014
3138.04569	0.05967
3136.11696	0.05901
3134.18823	0.05820
3132.25950	0.05750
3130.33077	0.05697
3128.40204	0.05641
3126.47331	0.05583
3124.54458	0.05536
3122.61584	0.05501
3120.68711	0.05472
3118.75838	0.05438
3116.82965	0.05407
3114.90092	0.05393
3112.97219	0.05384
3111.04346	0.05369
3109.11473	0.05356
3107.18599	0.05349
3105.25726	0.05344
3103.32853	0.05342
3101.39980	0.05346
3099.47107	0.05358
3097.54234	0.05372
3095.61361	0.05393
3093.68488	0.05421
3091.75614	0.05447
3089.82741	0.05469
3087.89868	0.05494
3085.96995	0.05518
3084.04122	0.05533
3082.11249	0.05545
3080.18376	0.05570
3078.25503	0.05606
3076.32630	0.05631
3074.39756	0.05640
3072.46883	0.05648
3070.54010	0.05660
3068.61137	0.05672
3066.68264	0.05677
3064.75391	0.05677
3062.82518	0.05679
3060.89645	0.05688
3058.96771	0.05692
3057.03898	0.05679
3055.11025	0.05657
3053.18152	0.05638
3051.25279	0.05624
3049.32406	0.05609
3047.39533	0.05591
3045.46660	0.05566
3043.53786	0.05531
3041.60913	0.05487
3039.68040	0.05441
3037.75167	0.05403
3035.82294	0.05374
3033.89421	0.05341
3031.96548	0.05299
3030.03675	0.05257
3028.10801	0.05216
3026.17928	0.05171
3024.25055	0.05128
3022.32182	0.05087
3020.39309	0.05045
3018.46436	0.05000
3016.53563	0.04961
3014.60690	0.04933
3012.67816	0.04907
3010.74943	0.04876
3008.82070	0.04850
3006.89197	0.04832
3004.96324	0.04826
3003.03451	0.04829
3001.10578	0.04840
2999.17705	0.04856
2997.24832	0.04851
2995.31958	0.04841
2993.39085	0.04840
2991.46212	0.04850
2989.53339	0.04870
2987.60466	0.04897
2985.67593	0.04924
2983.74720	0.04954
2981.81847	0.04988
2979.88973	0.05017
2977.96100	0.05036
2976.03227	0.05059
2974.10354	0.05101
2972.17481	0.05153
2970.24608	0.05204
2968.31735	0.05256
2966.38862	0.05320
2964.45988	0.05389
2962.53115	0.05439
2960.60242	0.05463
2958.67369	0.05476
2956.74496	0.05488
2954.81623	0.05492
2952.88750	0.05493
2950.95877	0.05503
2949.03003	0.05533
2947.10130	0.05587
2945.17257	0.05661
2943.24384	0.05742
2941.31511	0.05827
2939.38638	0.05918
2937.45765	0.06017
2935.52892	0.06124
2933.60018	0.06236
2931.67145	0.06339
2929.74272	0.06426
2927.81399	0.06486
2925.88526	0.06505
2923.95653	0.06470
2922.02780	0.06380
2920.09907	0.06250
2918.17034	0.06105
2916.24160	0.05957
2914.31287	0.05808
2912.38414	0.05667
2910.45541	0.05535
2908.52668	0.05412
2906.59795	0.05308
2904.66922	0.05229
2902.74049	0.05155
2900.81175	0.05076
2898.88302	0.05001
2896.95429	0.04935
2895.02556	0.04877
2893.09683	0.04817
2891.16810	0.04753
2889.23937	0.04692
2887.31064	0.04638
2885.38190	0.04595
2883.45317	0.04565
2881.52444	0.04549
2879.59571	0.04543
2877.66698	0.04532
2875.73825	0.04509
2873.80952	0.04488
2871.88079	0.04478
2869.95205	0.04472
2868.02332	0.04473
2866.09459	0.04487
2864.16586	0.04507
2862.23713	0.04528
2860.30840	0.04561
2858.37967	0.04608
2856.45094	0.04647
2854.52220	0.04652
2852.59347	0.04605
2850.66474	0.04498
2848.73601	0.04341
2846.80728	0.04158
2844.87855	0.03977
2842.94982	0.03818
2841.02109	0.03681
2839.09236	0.03568
2837.16362	0.03477
2835.23489	0.03399
2833.30616	0.03333
2831.37743	0.03280
2829.44870	0.03231
2827.51997	0.03176
2825.59124	0.03117
2823.66251	0.03063
2821.73377	0.03018
2819.80504	0.02981
2817.87631	0.02949
2815.94758	0.02914
2814.01885	0.02878
2812.09012	0.02839
2810.16139	0.02793
2808.23266	0.02747
2806.30392	0.02708
2804.37519	0.02673
2802.44646	0.02632
2800.51773	0.02586
2798.58900	0.02547
2796.66027	0.02513
2794.73154	0.02478
2792.80281	0.02444
2790.87407	0.02418
2788.94534	0.02393
2787.01661	0.02363
2785.08788	0.02329
2783.15915	0.02295
2781.23042	0.02261
2779.30169	0.02229
2777.37296	0.02201
2775.44422	0.02177
2773.51549	0.02156
2771.58676	0.02134
2769.65803	0.02108
2767.72930	0.02082
2765.80057	0.02063
2763.87184	0.02054
2761.94311	0.02050
2760.01438	0.02041
2758.08564	0.02025
2756.15691	0.02006
2754.22818	0.01982
2752.29945	0.01959
2750.37072	0.01945
2748.44199	0.01933
2746.51326	0.01905
2744.58453	0.01866
2742.65579	0.01838
2740.72706	0.01827
2738.79833	0.01816
2736.86960	0.01793
2734.94087	0.01763
2733.01214	0.01738
2731.08341	0.01713
2729.15468	0.01683
2727.22594	0.01654
2725.29721	0.01633
2723.36848	0.01609
2721.43975	0.01578
2719.51102	0.01547
2717.58229	0.01518
2715.65356	0.01490
2713.72483	0.01466
2711.79609	0.01444
2709.86736	0.01420
2707.93863	0.01396
2706.00990	0.01372
2704.08117	0.01344
2702.15244	0.01316
2700.22371	0.01287
2698.29498	0.01259
2696.36624	0.01237
2694.43751	0.01219
2692.50878	0.01200
2690.58005	0.01179
2688.65132	0.01164
2686.72259	0.01148
2684.79386	0.01126
2682.86513	0.01104
2680.93640	0.01085
2679.00766	0.01065
2677.07893	0.01036
2675.15020	0.01003
2673.22147	0.00973
2671.29274	0.00951
2669.36401	0.00936
2667.43528	0.00918
2665.50655	0.00893
2663.57781	0.00866
2661.64908	0.00844
2659.72035	0.00822
2657.79162	0.00800
2655.86289	0.00780
2653.93416	0.00763
2652.00543	0.00748
2650.07670	0.00732
2648.14796	0.00716
2646.21923	0.00701
2644.29050	0.00682
2642.36177	0.00664
2640.43304	0.00650
2638.50431	0.00637
2636.57558	0.00620
2634.64685	0.00599
2632.71811	0.00578
2630.78938	0.00558
2628.86065	0.00537
2626.93192	0.00519
2625.00319	0.00512
2623.07446	0.00509
2621.14573	0.00501
2619.21700	0.00478
2617.28826	0.00449
2615.35953	0.00427
2613.43080	0.00412
2611.50207	0.00391
2609.57334	0.00362
2607.64461	0.00337
2605.71588	0.00320
2603.78715	0.00300
2601.85842	0.00276
2599.92968	0.00258
2598.00095	0.00247
2596.07222	0.00238
2594.14349	0.00229
2592.21476	0.00215
2590.28603	0.00197
2588.35730	0.00182
2586.42857	0.00168
2584.49983	0.00149
2582.57110	0.00131
2580.64237	0.00119
2578.71364	0.00112
2576.78491	0.00104
2574.85618	0.00092
2572.92745	0.00074
2570.99872	0.00052
2569.06998	0.00034
2567.14125	0.00021
2565.21252	0.00012
2563.28379	0.00001
2561.35506	-0.00014
2559.42633	-0.00028
2557.49760	-0.00040
2555.56887	-0.00057
2553.64013	-0.00075
2551.71140	-0.00090
2549.78267	-0.00100
2547.85394	-0.00108
2545.92521	-0.00109
2543.99648	-0.00106
2542.06775	-0.00105
2540.13902	-0.00107
2538.21028	-0.00112
2536.28155	-0.00121
2534.35282	-0.00131
2532.42409	-0.00141
2530.49536	-0.00147
2528.56663	-0.00151
2526.63790	-0.00156
2524.70917	-0.00164
2522.78044	-0.00172
2520.85170	-0.00176
2518.92297	-0.00180
2516.99424	-0.00185
2515.06551	-0.00190
2513.13678	-0.00197
2511.20805	-0.00200
2509.27932	-0.00203
2507.35059	-0.00212
2505.42185	-0.00222
2503.49312	-0.00226
2501.56439	-0.00225
2499.63566	-0.00228
2497.70693	-0.00234
2495.77820	-0.00240
2493.84947	-0.00241
2491.92074	-0.00238
2489.99200	-0.00233
2488.06327	-0.00234
2486.13454	-0.00239
2484.20581	-0.00244
2482.27708	-0.00247
2480.34835	-0.00251
2478.41962	-0.00256
2476.49089	-0.00263
2474.56215	-0.00266
2472.63342	-0.00267
2470.70469	-0.00267
2468.77596	-0.00272
2466.84723	-0.00282
2464.91850	-0.00291
2462.98977	-0.00296
2461.06104	-0.00300
2459.13230	-0.00303
2457.20357	-0.00303
2455.27484	-0.00309
2453.34611	-0.00322
2451.41738	-0.00333
2449.48865	-0.00336
2447.55992	-0.00335
2445.63119	-0.00329
2443.70246	-0.00327
2441.77372	-0.00333
2439.84499	-0.00339
2437.91626	-0.00343
2435.98753	-0.00345
2434.05880	-0.00354
2432.13007	-0.00375
2430.20134	-0.00400
2428.27261	-0.00416
2426.34387	-0.00418
2424.41514	-0.00409
2422.48641	-0.00391
2420.55768	-0.00372
2418.62895	-0.00364
2416.70022	-0.00370
2414.77149	-0.00377
2412.84276	-0.00374
2410.91402	-0.00361
2408.98529	-0.00348
2407.05656	-0.00341
2405.12783	-0.00342
2403.19910	-0.00345
2401.27037	-0.00347
2399.34164	-0.00346
2397.41291	-0.00344
2395.48417	-0.00343
2393.55544	-0.00344
2391.62671	-0.00344
2389.69798	-0.00342
2387.76925	-0.00339
2385.84052	-0.00340
2383.91179	-0.00345
2381.98306	-0.00352
2380.05432	-0.00361
2378.12559	-0.00374
2376.19686	-0.00386
2374.26813	-0.00395
2372.33940	-0.00404
2370.41067	-0.00411
2368.48194	-0.00412
2366.55321	-0.00406
2364.62448	-0.00395
2362.69574	-0.00389
2360.76701	-0.00392
2358.83828	-0.00391
2356.90955	-0.00376
2354.98082	-0.00357
2353.05209	-0.00357
2351.12336	-0.00378
2349.19463	-0.00383
2347.26589	-0.00349
2345.33716	-0.00313
2343.40843	-0.00308
2341.47970	-0.00322
2339.55097	-0.00337
2337.62224	-0.00351
2335.69351	-0.00362
2333.76478	-0.00374
2331.83604	-0.00384
2329.90731	-0.00386
2327.97858	-0.00388
2326.04985	-0.00400
2324.12112	-0.00414
2322.19239	-0.00425
2320.26366	-0.00431
2318.33493	-0.00432
2316.40619	-0.00431
2314.47746	-0.00435
2312.54873	-0.00447
2310.62000	-0.00459
2308.69127	-0.00466
2306.76254	-0.00469
2304.83381	-0.00470
2302.90508	-0.00465
2300.97634	-0.00457
2299.04761	-0.00453
2297.11888	-0.00458
2295.19015	-0.00463
2293.26142	-0.00464
2291.33269	-0.00464
2289.40396	-0.00461
2287.47523	-0.00458
2285.54650	-0.00458
2283.61776	-0.00459
2281.68903	-0.00457
2279.76030	-0.00455
2277.83157	-0.00455
2275.90284	-0.00453
2273.97411	-0.00449
2272.04538	-0.00448
2270.11665	-0.00448
2268.18791	-0.00448
2266.25918	-0.00447
2264.33045	-0.00447
2262.40172	-0.00446
2260.47299	-0.00445
2258.54426	-0.00442
2256.61553	-0.00438
2254.68680	-0.00436
2252.75806	-0.00435
2250.82933	-0.00434
2248.90060	-0.00430
2246.97187	-0.00423
2245.04314	-0.00417
2243.11441	-0.00412
2241.18568	-0.00408
2239.25695	-0.00405
2237.32821	-0.00401
2235.39948	-0.00398
2233.47075	-0.00395
2231.54202	-0.00390
2229.61329	-0.00388
2227.68456	-0.00389
2225.75583	-0.00391
2223.82710	-0.00393
2221.89836	-0.00391
2219.96963	-0.00398
2218.04090	-0.00406
2216.11217	-0.00420
2214.18344	-0.00437
2212.25471	-0.00457
2210.32598	-0.00478
2208.39725	-0.00496
2206.46852	-0.00504
2204.53978	-0.00507
2202.61105	-0.00513
2200.68232	-0.00522
2198.75359	-0.00530
2196.82486	-0.00540
2194.89613	-0.00552
2192.96740	-0.00565
2191.03867	-0.00578
2189.10993	-0.00589
2187.18120	-0.00597
2185.25247	-0.00602
2183.32374	-0.00608
2181.39501	-0.00617
2179.46628	-0.00628
2177.53755	-0.00639
2175.60882	-0.00642
2173.68008	-0.00641
2171.75135	-0.00640
2169.82262	-0.00644
2167.89389	-0.00650
2165.96516	-0.00651
2164.03643	-0.00651
2162.10770	-0.00653
2160.17897	-0.00657
2158.25023	-0.00662
2156.32150	-0.00665
2154.39277	-0.00666
2152.46404	-0.00669
2150.53531	-0.00673
2148.60658	-0.00676
2146.67785	-0.00684
2144.74912	-0.00691
2142.82038	-0.00691
2140.89165	-0.00690
2138.96292	-0.00692
2137.03419	-0.00693
2135.10546	-0.00693
2133.17673	-0.00693
2131.24800	-0.00698
2129.31927	-0.00709
2127.39054	-0.00725
2125.46180	-0.00739
2123.53307	-0.00746
2121.60434	-0.00748
2119.67561	-0.00752
2117.74688	-0.00762
2115.81815	-0.00772
2113.88942	-0.00776
2111.96069	-0.00774
2110.03195	-0.00772
2108.10322	-0.00772
2106.17449	-0.00776
2104.24576	-0.00781
2102.31703	-0.00789
2100.38830	-0.00799
2098.45957	-0.00804
2096.53084	-0.00804
2094.60210	-0.00803
2092.67337	-0.00801
2090.74464	-0.00802
2088.81591	-0.00805
2086.88718	-0.00813
2084.95845	-0.00831
2083.02972	-0.00861
2081.10099	-0.00890
2079.17225	-0.00917
2077.24352	-0.00947
2075.31479	-0.00982
2073.38606	-0.01018
2071.45733	-0.01049
2069.52860	-0.01069
2067.59987	-0.01085
2065.67114	-0.01100
2063.74240	-0.01105
2061.81367	-0.01103
2059.88494	-0.01099
2057.95621	-0.01083
2056.02748	-0.01059
2054.09875	-0.01032
2052.17002	-0.01002
2050.24129	-0.00969
2048.31256	-0.00930
2046.38382	-0.00885
2044.45509	-0.00838
2042.52636	-0.00799
2040.59763	-0.00765
2038.66890	-0.00730
2036.74017	-0.00700
2034.81144	-0.00675
2032.88271	-0.00655
2030.95397	-0.00641
2029.02524	-0.00629
2027.09651	-0.00615
2025.16778	-0.00597
2023.23905	-0.00579
2021.31032	-0.00561
2019.38159	-0.00544
2017.45286	-0.00526
2015.52412	-0.00497
2013.59539	-0.00467
2011.66666	-0.00447
2009.73793	-0.00429
2007.80920	-0.00413
2005.88047	-0.00405
2003.95174	-0.00404
2002.02301	-0.00402
2000.09427	-0.00395
1998.16554	-0.00385
1996.23681	-0.00369
1994.30808	-0.00363
1992.37935	-0.00368
1990.45062	-0.00358
1988.52189	-0.00359
1986.59316	-0.00382
1984.66442	-0.00403
1982.73569	-0.00414
1980.80696	-0.00418
1978.87823	-0.00419
1976.94950	-0.00420
1975.02077	-0.00419
1973.09204	-0.00415
1971.16331	-0.00410
1969.23458	-0.00419
1967.30584	-0.00436
1965.37711	-0.00438
1963.44838	-0.00437
1961.51965	-0.00441
1959.59092	-0.00441
1957.66219	-0.00442
1955.73346	-0.00444
1953.80473	-0.00440
1951.87599	-0.00432
1949.94726	-0.00419
1948.01853	-0.00401
1946.08980	-0.00381
1944.16107	-0.00383
1942.23234	-0.00385
1940.30361	-0.00364
1938.37488	-0.00362
1936.44614	-0.00373
1934.51741	-0.00374
1932.58868	-0.00365
1930.65995	-0.00350
1928.73122	-0.00337
1926.80249	-0.00338
1924.87376	-0.00352
1922.94503	-0.00355
1921.01629	-0.00330
1919.08756	-0.00340
1917.15883	-0.00344
1915.23010	-0.00311
1913.30137	-0.00295
1911.37264	-0.00290
1909.44391	-0.00274
1907.51518	-0.00243
1905.58644	-0.00218
1903.65771	-0.00198
1901.72898	-0.00169
1899.80025	-0.00136
1897.87152	-0.00110
1895.94279	-0.00091
1894.01406	-0.00058
1892.08533	-0.00032
1890.15660	-0.00036
1888.22786	-0.00020
1886.29913	0.00005
1884.37040	0.00006
1882.44167	0.00002
1880.51294	-0.00005
1878.58421	-0.00017
1876.65548	-0.00023
1874.72675	-0.00016
1872.79801	-0.00001
1870.86928	-0.00024
1868.94055	-0.00070
1867.01182	-0.00081
1865.08309	-0.00098
1863.15436	-0.00158
1861.22563	-0.00233
1859.29690	-0.00300
1857.36816	-0.00361
1855.43943	-0.00423
1853.51070	-0.00482
1851.58197	-0.00524
1849.65324	-0.00546
1847.72451	-0.00559
1845.79578	-0.00614
1843.86705	-0.00674
1841.93831	-0.00671
1840.00958	-0.00680
1838.08085	-0.00722
1836.15212	-0.00737
1834.22339	-0.00720
1832.29466	-0.00717
1830.36593	-0.00733
1828.43720	-0.00713
1826.50846	-0.00702
1824.57973	-0.00706
1822.65100	-0.00677
1820.72227	-0.00660
1818.79354	-0.00665
1816.86481	-0.00649
1814.93608	-0.00601
1813.00735	-0.00565
1811.07862	-0.00553
1809.14988	-0.00533
1807.22115	-0.00502
1805.29242	-0.00476
1803.36369	-0.00471
1801.43496	-0.00475
1799.50623	-0.00436
1797.57750	-0.00356
1795.64877	-0.00306
1793.72003	-0.00321
1791.79130	-0.00329
1789.86257	-0.00276
1787.93384	-0.00255
1786.00511	-0.00276
1784.07638	-0.00266
1782.14765	-0.00239
1780.21892	-0.00222
1778.29018	-0.00183
1776.36145	-0.00140
1774.43272	-0.00144
1772.50399	-0.00170
1770.57526	-0.00152
1768.64653	-0.00149
1766.71780	-0.00152
1764.78907	-0.00146
1762.86033	-0.00165
1760.93160	-0.00140
1759.00287	-0.00096
1757.07414	-0.00085
1755.14541	-0.00033
1753.21668	0.00011
1751.28795	0.00015
1749.35922	0.00064
1747.43048	0.00148
1745.50175	0.00218
1743.57302	0.00265
1741.64429	0.00294
1739.71556	0.00356
1737.78683	0.00475
1735.85810	0.00485
1733.92937	0.00449
1732.00064	0.00540
1730.07190	0.00609
1728.14317	0.00625
1726.21444	0.00651
1724.28571	0.00701
1722.35698	0.00802
1720.42825	0.00878
1718.49952	0.00883
1716.57079	0.00937
1714.64205	0.01029
1712.71332	0.01082
1710.78459	0.01118
1708.85586	0.01163
1706.92713	0.01227
1704.99840	0.01353
1703.06967	0.01473
1701.14094	0.01503
1699.21220	0.01623
1697.28347	0.01747
1695.35474	0.01801
1693.42601	0.01931
1691.49728	0.02039
1689.56855	0.02158
1687.63982	0.02331
1685.71109	0.02427
1683.78235	0.02546
1681.85362	0.02773
1679.92489	0.02926
1677.99616	0.03001
1676.06743	0.03084
1674.13870	0.03272
1672.20997	0.03456
1670.28124	0.03527
1668.35250	0.03652
1666.42377	0.03820
1664.49504	0.03886
1662.56631	0.03933
1660.63758	0.04067
1658.70885	0.04220
1656.78012	0.04302
1654.85139	0.04218
1652.92266	0.04175
1650.99392	0.04378
1649.06519	0.04406
1647.13646	0.04250
1645.20773	0.04226
1643.27900	0.04282
1641.35027	0.04295
1639.42154	0.04281
1637.49281	0.04167
1635.56407	0.03989
1633.63534	0.03908
1631.70661	0.03833
1629.77788	0.03696
1627.84915	0.03578
1625.92042	0.03454
1623.99169	0.03252
1622.06296	0.03084
1620.13422	0.02953
1618.20549	0.02698
1616.27676	0.02403
1614.34803	0.02208
1612.41930	0.01997
1610.49057	0.01732
1608.56184	0.01474
1606.63311	0.01240
1604.70437	0.01015
1602.77564	0.00799
1600.84691	0.00613
1598.91818	0.00462
1596.98945	0.00341
1595.06072	0.00251
1593.13199	0.00191
1591.20326	0.00145
1589.27452	0.00106
1587.34579	0.00074
1585.41706	0.00047
1583.48833	0.00039
1581.55960	0.00078
1579.63087	0.00136
1577.70214	0.00123
1575.77341	0.00125
1573.84468	0.00233
1571.91594	0.00252
1569.98721	0.00184
1568.05848	0.00219
1566.12975	0.00310
1564.20102	0.00433
1562.27229	0.00544
1560.34356	0.00508
1558.41483	0.00530
1556.48609	0.00705
1554.55736	0.00745
1552.62863	0.00715
1550.69990	0.00705
1548.77117	0.00741
1546.84244	0.00804
1544.91371	0.00853
1542.98498	0.00875
1541.05624	0.00803
1539.12751	0.00771
1537.19878	0.00841
1535.27005	0.00769
1533.34132	0.00635
1531.41259	0.00620
1529.48386	0.00597
1527.55513	0.00512
1525.62639	0.00458
1523.69766	0.00388
1521.76893	0.00268
1519.84020	0.00210
1517.91147	0.00126
1515.98274	-0.00002
1514.05401	-0.00087
1512.12528	-0.00140
1510.19654	-0.00203
1508.26781	-0.00402
1506.33908	-0.00623
1504.41035	-0.00661
1502.48162	-0.00701
1500.55289	-0.00834
1498.62416	-0.00974
1496.69543	-0.01054
1494.76670	-0.01038
1492.83796	-0.01046
1490.90923	-0.01154
1488.98050	-0.01249
1487.05177	-0.01280
1485.12304	-0.01298
1483.19431	-0.01330
1481.26558	-0.01347
1479.33685	-0.01320
1477.40811	-0.01280
1475.47938	-0.01242
1473.55065	-0.01206
1471.62192	-0.01109
1469.69319	-0.00975
1467.76446	-0.00958
1465.83573	-0.01028
1463.90700	-0.01020
1461.97826	-0.00929
1460.04953	-0.00927
1458.12080	-0.01035
1456.19207	-0.01058
1454.26334	-0.01000
1452.33461	-0.01028
1450.40588	-0.01120
1448.47715	-0.01215
1446.54841	-0.01273
1444.61968	-0.01311
1442.69095	-0.01357
1440.76222	-0.01402
1438.83349	-0.01516
1436.90476	-0.01672
1434.97603	-0.01719
1433.04730	-0.01753
1431.11856	-0.01882
1429.18983	-0.02028
1427.26110	-0.02168
1425.33237	-0.02356
1423.40364	-0.02562
1421.47491	-0.02814
1419.54618	-0.03167
1417.61745	-0.03490
1415.68872	-0.03743
1413.75998	-0.04010
1411.83125	-0.04289
1409.90252	-0.04540
1407.97379	-0.04764
1406.04506	-0.04976
1404.11633	-0.05122
1402.18760	-0.05186
1400.25887	-0.05225
1398.33013	-0.05202
1396.40140	-0.05107
1394.47267	-0.04955
1392.54394	-0.04741
1390.61521	-0.04590
1388.68648	-0.04621
1386.75775	-0.04746
1384.82902	-0.04712
1382.90028	-0.04353
1380.97155	-0.03760
1379.04282	-0.03175
1377.11409	-0.02744
1375.18536	-0.02446
1373.25663	-0.02186
1371.32790	-0.01948
1369.39917	-0.01764
1367.47043	-0.01603
1365.54170	-0.01477
1363.61297	-0.01413
1361.68424	-0.01362
1359.75551	-0.01304
1357.82678	-0.01272
1355.89805	-0.01255
1353.96932	-0.01217
1352.04058	-0.01152
1350.11185	-0.01077
1348.18312	-0.01011
1346.25439	-0.00960
1344.32566	-0.00911
1342.39693	-0.00866
1340.46820	-0.00837
1338.53947	-0.00802
1336.61074	-0.00754
1334.68200	-0.00714
1332.75327	-0.00670
1330.82454	-0.00628
1328.89581	-0.00643
1326.96708	-0.00688
1325.03835	-0.00736
1323.10962	-0.00761
1321.18089	-0.00755
1319.25215	-0.00727
1317.32342	-0.00682
1315.39469	-0.00626
1313.46596	-0.00564
1311.53723	-0.00497
1309.60850	-0.00437
1307.67977	-0.00384
1305.75104	-0.00324
1303.82230	-0.00255
1301.89357	-0.00184
1299.96484	-0.00117
1298.03611	-0.00059
1296.10738	-0.00006
1294.17865	0.00060
1292.24992	0.00142
1290.32119	0.00220
1288.39245	0.00283
1286.46372	0.00356
1284.53499	0.00466
1282.60626	0.00608
1280.67753	0.00766
1278.74880	0.00937
1276.82007	0.01126
1274.89134	0.01326
1272.96260	0.01541
1271.03387	0.01793
1269.10514	0.02097
1267.17641	0.02451
1265.24768	0.02847
1263.31895	0.03290
1261.39022	0.03784
1259.46149	0.04324
1257.53276	0.04902
1255.60402	0.05522
1253.67529	0.06185
1251.74656	0.06858
1249.81783	0.07507
1247.88910	0.08116
1245.96037	0.08677
1244.03164	0.09187
1242.10291	0.09650
1240.17417	0.10069
1238.24544	0.10456
1236.31671	0.10807
1234.38798	0.11108
1232.45925	0.11364
1230.53052	0.11592
1228.60179	0.11804
1226.67306	0.12005
1224.74432	0.12199
1222.81559	0.12389
1220.88686	0.12565
1218.95813	0.12726
1217.02940	0.12898
1215.10067	0.13092
1213.17194	0.13285
1211.24321	0.13470
1209.31447	0.13649
1207.38574	0.13829
1205.45701	0.14030
1203.52828	0.14267
1201.59955	0.14527
1199.67082	0.14791
1197.74209	0.15051
1195.81336	0.15322
1193.88462	0.15606
1191.95589	0.15883
1190.02716	0.16129
1188.09843	0.16350
1186.16970	0.16581
1184.24097	0.16843
1182.31224	0.17123
1180.38351	0.17397
1178.45478	0.17660
1176.52604	0.17913
1174.59731	0.18159
1172.66858	0.18391
1170.73985	0.18610
1168.81112	0.18822
1166.88239	0.19042
1164.95366	0.19276
1163.02493	0.19512
1161.09619	0.19711
1159.16746	0.19825
1157.23873	0.19874
1155.31000	0.19917
1153.38127	0.19984
1151.45254	0.20055
1149.52381	0.20104
1147.59508	0.20137
1145.66634	0.20176
1143.73761	0.20236
1141.80888	0.20308
1139.88015	0.20372
1137.95142	0.20430
1136.02269	0.20502
1134.09396	0.20607
1132.16523	0.20762
1130.23649	0.20954
1128.30776	0.21152
1126.37903	0.21349
1124.45030	0.21551
1122.52157	0.21772
1120.59284	0.22051
1118.66411	0.22367
1116.73538	0.22707
1114.80664	0.23101
1112.87791	0.23546
1110.94918	0.24012
1109.02045	0.24502
1107.09172	0.25021
1105.16299	0.25538
1103.23426	0.26020
1101.30553	0.26431
1099.37680	0.26768
1097.44806	0.27068
1095.51933	0.27337
1093.59060	0.27564
1091.66187	0.27752
1089.73314	0.27909
1087.80441	0.28050
1085.87568	0.28168
1083.94695	0.28227
1082.01821	0.28227
1080.08948	0.28212
1078.16075	0.28210
1076.23202	0.28231
1074.30329	0.28260
1072.37456	0.28274
1070.44583	0.28287
1068.51710	0.28302
1066.58836	0.28296
1064.65963	0.28289
1062.73090	0.28333
1060.80217	0.28407
1058.87344	0.28427
1056.94471	0.28384
1055.01598	0.28350
1053.08725	0.28351
1051.15851	0.28348
1049.22978	0.28337
1047.30105	0.28343
1045.37232	0.28364
1043.44359	0.28402
1041.51486	0.28463
1039.58613	0.28516
1037.65740	0.28519
1035.72866	0.28493
1033.79993	0.28492
1031.87120	0.28544
1029.94247	0.28611
1028.01374	0.28645
1026.08501	0.28648
1024.15628	0.28639
1022.22755	0.28636
1020.29882	0.28657
1018.37008	0.28675
1016.44135	0.28648
1014.51262	0.28582
1012.58389	0.28506
1010.65516	0.28412
1008.72643	0.28266
1006.79770	0.28066
1004.86897	0.27851
1002.94023	0.27609
1001.01150	0.27310
999.08277	0.26961
997.15404	0.26564
995.22531	0.26090
993.29658	0.25532
991.36785	0.24935
989.43912	0.24364
987.51038	0.23841
985.58165	0.23339
983.65292	0.22849
981.72419	0.22392
979.79546	0.21948
977.86673	0.21480
975.93800	0.21006
974.00927	0.20532
972.08053	0.20086
970.15180	0.19635
968.22307	0.19215
966.29434	0.18790
964.36561	0.18304
962.43688	0.17793
960.50815	0.17314
958.57942	0.16857
956.65068	0.16389
954.72195	0.15913
952.79322	0.15438
950.86449	0.14956
948.93576	0.14469
947.00703	0.13982
945.07830	0.13521
943.14957	0.13122
941.22084	0.12741
939.29210	0.12327
937.36337	0.11908
935.43464	0.11482
933.50591	0.11025
931.57718	0.10599
929.64845	0.10231
927.71972	0.09876
925.79099	0.09536
923.86225	0.09229
921.93352	0.08928
920.00479	0.08595
918.07606	0.08221
916.14733	0.07830
914.21860	0.07433
912.28987	0.07030
910.36114	0.06626
908.43240	0.06204
906.50367	0.05743
904.57494	0.05272
902.64621	0.04815
900.71748	0.04355
898.78875	0.03889
896.86002	0.03438
894.93129	0.02999
893.00255	0.02556
891.07382	0.02133
889.14509	0.01747
887.21636	0.01372
885.28763	0.00998
883.35890	0.00665
881.43017	0.00380
879.50144	0.00104
877.57270	-0.00182
875.64397	-0.00476
873.71524	-0.00766
871.78651	-0.01021
869.85778	-0.01259
867.92905	-0.01501
866.00032	-0.01730
864.07159	-0.01945
862.14286	-0.02176
860.21412	-0.02434
858.28539	-0.02669
856.35666	-0.02849
854.42793	-0.03011
852.49920	-0.03172
850.57047	-0.03312
848.64174	-0.03443
846.71301	-0.03586
844.78427	-0.03727
842.85554	-0.03829
840.92681	-0.03880
838.99808	-0.03884
837.06935	-0.03834
835.14062	-0.03735
833.21189	-0.03627
831.28316	-0.03540
829.35442	-0.03474
827.42569	-0.03399
825.49696	-0.03289
823.56823	-0.03135
821.63950	-0.02953
819.71077	-0.02749
817.78204	-0.02508
815.85331	-0.02230
813.92457	-0.01927
811.99584	-0.01613
810.06711	-0.01272
808.13838	-0.00868
806.20965	-0.00438
804.28092	-0.00067
802.35219	0.00214
800.42346	0.00424
798.49472	0.00562
796.56599	0.00603
794.63726	0.00560
792.70853	0.00524
790.77980	0.00550
788.85107	0.00566
786.92234	0.00528
784.99361	0.00481
783.06488	0.00432
781.13614	0.00354
779.20741	0.00243
777.27868	0.00087
775.34995	-0.00091
773.42122	-0.00263
771.49249	-0.00437
769.56376	-0.00607
767.63503	-0.00733
765.70629	-0.00777
763.77756	-0.00766
761.84883	-0.00748
759.92010	-0.00744
757.99137	-0.00743
756.06264	-0.00740
754.13391	-0.00734
752.20518	-0.00746
750.27644	-0.00774
748.34771	-0.00790
746.41898	-0.00794
744.49025	-0.00812
742.56152	-0.00845
740.63279	-0.00863
738.70406	-0.00871
736.77533	-0.00897
734.84659	-0.00938
732.91786	-0.00988
730.98913	-0.01042
729.06040	-0.01065
727.13167	-0.01048
725.20294	-0.01059
723.27421	-0.01141
721.34548	-0.01228
719.41674	-0.01288
717.48801	-0.01332
715.55928	-0.01372
713.63055	-0.01409
711.70182	-0.01444
709.77309	-0.01478
707.84436	-0.01509
705.91563	-0.01506
703.98690	-0.01434
702.05816	-0.01313
700.12943	-0.01178
698.20070	-0.01032
696.27197	-0.00909
694.34324	-0.00851
692.41451	-0.00858
690.48578	-0.00892
688.55705	-0.00919
686.62831	-0.00915
684.69958	-0.00870
682.77085	-0.00807
680.84212	-0.00774
678.91339	-0.00812
676.98466	-0.00915
675.05593	-0.01054
673.12720	-0.01198
671.19846	-0.01283
669.26973	-0.01247
667.34100	-0.01248
665.41227	-0.01428
663.48354	-0.01627
661.55481	-0.01750
659.62608	-0.01840
657.69735	-0.01913
655.76861	-0.01972
653.83988	-0.01995
651.91115	-0.01971
649.98242	-0.01920
648.05369	-0.01861
646.12496	-0.01774
644.19623	-0.01619
642.26750	-0.01406
640.33876	-0.01216
638.41003	-0.01096
636.48130	-0.01048
634.55257	-0.01067
632.62384	-0.01123
630.69511	-0.01234
628.76638	-0.01465
626.83765	-0.01782
624.90892	-0.02070
622.98018	-0.02244
621.05145	-0.02321
619.12272	-0.02377
617.19399	-0.02445
615.26526	-0.02409
613.33653	-0.02186
611.40780	-0.01862
609.47907	-0.01551
607.55033	-0.01326
605.62160	-0.01192
603.69287	-0.01105
601.76414	-0.01034
599.83541	-0.00938
597.90668	-0.00781
595.97795	-0.00596
594.04922	-0.00460
592.12048	-0.00401
590.19175	-0.00338
588.26302	-0.00240
586.33429	-0.00183
584.40556	-0.00207
582.47683	-0.00273
580.54810	-0.00324
578.61937	-0.00379
576.69063	-0.00488
574.76190	-0.00607
572.83317	-0.00686
570.90444	-0.00794
568.97571	-0.01109
567.04698	-0.01378
565.11825	-0.01623
563.18952	-0.01952
561.26078	-0.02266
559.33205	-0.02384
557.40332	-0.02382
555.47459	-0.02491
553.54586	-0.02704
551.61713	-0.02850
549.68840	-0.02860
547.75967	-0.02780
545.83094	-0.02690
543.90220	-0.02606
541.97347	-0.02505
540.04474	-0.02496
538.11601	-0.02690
536.18728	-0.02974
534.25855	-0.03203
532.32982	-0.03387
530.40109	-0.03564
528.47235	-0.03754
526.54362	-0.03943
524.61489	-0.04138
522.68616	-0.04447
520.75743	-0.04849
518.82870	-0.05170
516.89997	-0.05370
514.97124	-0.05496
513.04250	-0.05581
511.11377	-0.05718
509.18504	-0.05902
507.25631	-0.05920
505.32758	-0.05704
503.39885	-0.05463
501.47012	-0.05277
499.54139	-0.05055
497.61265	-0.04791
495.68392	-0.04491
493.75519	-0.04078
491.82646	-0.03572
489.89773	-0.03166
487.96900	-0.02887
486.04027	-0.02533
484.11154	-0.02019
482.18280	-0.01487
480.25407	-0.01083
478.32534	-0.00765
476.39661	-0.00486
474.46788	-0.00364
472.53915	-0.00299
470.61042	0.00080
468.68169	0.00861
466.75296	0.01540
464.82422	0.01386
462.89549	0.00404
460.96676	-0.00544
459.03803	-0.00630
457.10930	-0.00099
455.18057	0.00533
453.25184	0.00800
451.32311	0.00753
449.39437	0.00674
447.46564	0.00682
445.53691	0.00814
443.60818	0.00963
441.67945	0.00978
439.75072	0.00942
437.82199	0.01031
435.89326	0.01283
433.96452	0.01559
432.03579	0.01744
430.10706	0.01790
428.17833	0.01619
426.24960	0.01349
424.32087	0.01134
422.39214	0.00816
420.46341	0.00297
418.53467	-0.00022
416.60594	0.00146
414.67721	0.00341
412.74848	0.00214
410.81975	-0.00164
408.89102	-0.00753
406.96229	-0.00725
405.03356	-0.00271
403.10482	0.00647
401.17609	0.01917
399.24736	0.03217
397.31863	0.03798
395.38990	0.03063
393.46117	0.02019
391.53244	0.01729
389.60371	0.01774
387.67498	0.01620
385.74624	0.02161
383.81751	0.03842
381.88878	0.04643
379.96005	0.03473
378.03132	0.02440
376.10259	0.03041
374.17386	0.03142
372.24513	0.01334
370.31639	-0.00026
368.38766	-0.00133
