7496.97825	-0.00210
7495.04952	-0.00012
7493.12079	0.00020
7491.19206	-0.00002
7489.26333	0.00147
7487.33459	0.00384
7485.40586	0.00465
7483.47713	0.00358
7481.54840	0.00284
7479.61967	0.00408
7477.69094	0.00584
7475.76221	0.00634
7473.83348	0.00532
7471.90474	0.00322
7469.97601	0.00125
7468.04728	0.00028
7466.11855	0.00141
7464.18982	0.00514
7462.26109	0.00707
7460.33236	0.00376
7458.40363	0.00128
7456.47489	0.00372
7454.54616	0.00520
7452.61743	0.00394
7450.68870	0.00518
7448.75997	0.00848
7446.83124	0.00960
7444.90251	0.00859
7442.97378	0.00621
7441.04504	0.00266
7439.11631	0.00072
7437.18758	0.00132
7435.25885	0.00232
7433.33012	0.00437
7431.40139	0.00819
7429.47266	0.01019
7427.54393	0.00823
7425.61520	0.00503
7423.68646	0.00318
7421.75773	0.00294
7419.82900	0.00372
7417.90027	0.00385
7415.97154	0.00254
7414.04281	0.00189
7412.11408	0.00257
7410.18535	0.00233
7408.25661	0.00137
7406.32788	0.00201
7404.39915	0.00366
7402.47042	0.00361
7400.54169	0.00143
7398.61296	-0.00049
7396.68423	0.00027
7394.75550	0.00328
7392.82676	0.00581
7390.89803	0.00705
7388.96930	0.00827
7387.04057	0.00890
7385.11184	0.00753
7383.18311	0.00473
7381.25438	0.00292
7379.32565	0.00382
7377.39691	0.00524
7375.46818	0.00430
7373.53945	0.00149
7371.61072	0.00004
7369.68199	0.00166
7367.75326	0.00341
7365.82453	0.00293
7363.89580	0.00255
7361.96706	0.00337
7360.03833	0.00311
7358.10960	0.00164
7356.18087	0.00114
7354.25214	0.00224
7352.32341	0.00402
7350.39468	0.00491
7348.46595	0.00344
7346.53722	0.00069
7344.60848	-0.00126
7342.67975	-0.00140
7340.75102	0.00002
7338.82229	0.00191
7336.89356	0.00301
7334.96483	0.00238
7333.03610	0.00117
7331.10737	0.00199
7329.17863	0.00312
7327.24990	0.00072
7325.32117	-0.00221
7323.39244	-0.00079
7321.46371	0.00301
7319.53498	0.00520
7317.60625	0.00487
7315.67752	0.00332
7313.74878	0.00266
7311.82005	0.00318
7309.89132	0.00396
7307.96259	0.00513
7306.03386	0.00714
7304.10513	0.00816
7302.17640	0.00606
7300.24767	0.00342
7298.31893	0.00427
7296.39020	0.00761
7294.46147	0.00937
7292.53274	0.00780
7290.60401	0.00562
7288.67528	0.00532
7286.74655	0.00488
7284.81782	0.00317
7282.88908	0.00304
7280.96035	0.00518
7279.03162	0.00592
7277.10289	0.00427
7275.17416	0.00435
7273.24543	0.00722
7271.31670	0.00851
7269.38797	0.00681
7267.45924	0.00557
7265.53050	0.00562
7263.60177	0.00437
7261.67304	0.00205
7259.74431	0.00130
7257.81558	0.00202
7255.88685	0.00245
7253.95812	0.00186
7252.02939	0.00075
7250.10065	0.00108
7248.17192	0.00345
7246.24319	0.00596
7244.31446	0.00683
7242.38573	0.00648
7240.45700	0.00737
7238.52827	0.01006
7236.59954	0.01149
7234.67080	0.00851
7232.74207	0.00261
7230.81334	-0.00085
7228.88461	-0.00025
7226.95588	0.00153
7225.02715	0.00286
7223.09842	0.00385
7221.16969	0.00419
7219.24095	0.00373
7217.31222	0.00391
7215.38349	0.00555
7213.45476	0.00709
7211.52603	0.00671
7209.59730	0.00428
7207.66857	0.00188
7205.73984	0.00244
7203.81110	0.00548
7201.88237	0.00790
7199.95364	0.00917
7198.02491	0.00943
7196.09618	0.00798
7194.16745	0.00655
7192.23872	0.00678
7190.30999	0.00723
7188.38126	0.00703
7186.45252	0.00677
7184.52379	0.00609
7182.59506	0.00444
7180.66633	0.00282
7178.73760	0.00301
7176.80887	0.00557
7174.88014	0.00883
7172.95141	0.01048
7171.02267	0.01026
7169.09394	0.00964
7167.16521	0.00880
7165.23648	0.00660
7163.30775	0.00368
7161.37902	0.00314
7159.45029	0.00544
7157.52156	0.00625
7155.59282	0.00419
7153.66409	0.00285
7151.73536	0.00381
7149.80663	0.00507
7147.87790	0.00479
7145.94917	0.00337
7144.02044	0.00274
7142.09171	0.00385
7140.16297	0.00570
7138.23424	0.00701
7136.30551	0.00721
7134.37678	0.00670
7132.44805	0.00678
7130.51932	0.00768
7128.59059	0.00784
7126.66186	0.00626
7124.73312	0.00466
7122.80439	0.00519
7120.87566	0.00676
7118.94693	0.00720
7117.01820	0.00696
7115.08947	0.00692
7113.16074	0.00622
7111.23201	0.00457
7109.30328	0.00350
7107.37454	0.00401
7105.44581	0.00542
7103.51708	0.00652
7101.58835	0.00591
7099.65962	0.00371
7097.73089	0.00282
7095.80216	0.00482
7093.87343	0.00739
7091.94469	0.00820
7090.01596	0.00770
7088.08723	0.00715
7086.15850	0.00690
7084.22977	0.00617
7082.30104	0.00518
7080.37231	0.00531
7078.44358	0.00574
7076.51484	0.00561
7074.58611	0.00644
7072.65738	0.00829
7070.72865	0.00939
7068.79992	0.00924
7066.87119	0.00885
7064.94246	0.00931
7063.01373	0.00978
7061.08499	0.00872
7059.15626	0.00728
7057.22753	0.00751
7055.29880	0.00838
7053.37007	0.00820
7051.44134	0.00768
7049.51261	0.00741
7047.58388	0.00726
7045.65514	0.00795
7043.72641	0.00985
7041.79768	0.01144
7039.86895	0.01133
7037.94022	0.01079
7036.01149	0.01147
7034.08276	0.01261
7032.15403	0.01262
7030.22530	0.01106
7028.29656	0.00850
7026.36783	0.00641
7024.43910	0.00651
7022.51037	0.00836
7020.58164	0.00954
7018.65291	0.00926
7016.72418	0.00895
7014.79545	0.00957
7012.86671	0.01019
7010.93798	0.00972
7009.00925	0.00853
7007.08052	0.00741
7005.15179	0.00643
7003.22306	0.00522
7001.29433	0.00396
6999.36560	0.00372
6997.43686	0.00491
6995.50813	0.00658
6993.57940	0.00796
6991.65067	0.00857
6989.72194	0.00792
6987.79321	0.00686
6985.86448	0.00637
6983.93575	0.00584
6982.00701	0.00524
6980.07828	0.00563
6978.14955	0.00644
6976.22082	0.00598
6974.29209	0.00353
6972.36336	0.00044
6970.43463	-0.00028
6968.50590	0.00139
6966.57716	0.00258
6964.64843	0.00359
6962.71970	0.00584
6960.79097	0.00781
6958.86224	0.00774
6956.93351	0.00627
6955.00478	0.00574
6953.07605	0.00708
6951.14732	0.00864
6949.21858	0.00925
6947.28985	0.00974
6945.36112	0.01042
6943.43239	0.01018
6941.50366	0.00903
6939.57493	0.00822
6937.64620	0.00746
6935.71747	0.00646
6933.78873	0.00678
6931.86000	0.00831
6929.93127	0.00890
6928.00254	0.00847
6926.07381	0.00813
6924.14508	0.00737
6922.21635	0.00630
6920.28762	0.00658
6918.35888	0.00793
6916.43015	0.00830
6914.50142	0.00716
6912.57269	0.00570
6910.64396	0.00496
6908.71523	0.00498
6906.78650	0.00548
6904.85777	0.00597
6902.92903	0.00601
6901.00030	0.00614
6899.07157	0.00687
6897.14284	0.00734
6895.21411	0.00687
6893.28538	0.00632
6891.35665	0.00608
6889.42792	0.00583
6887.49918	0.00619
6885.57045	0.00686
6883.64172	0.00735
6881.71299	0.00826
6879.78426	0.00929
6877.85553	0.00948
6875.92680	0.00862
6873.99807	0.00743
6872.06934	0.00681
6870.14060	0.00682
6868.21187	0.00700
6866.28314	0.00673
6864.35441	0.00604
6862.42568	0.00608
6860.49695	0.00700
6858.56822	0.00716
6856.63949	0.00662
6854.71075	0.00670
6852.78202	0.00701
6850.85329	0.00739
6848.92456	0.00803
6846.99583	0.00849
6845.06710	0.00887
6843.13837	0.01016
6841.20964	0.01123
6839.28090	0.00991
6837.35217	0.00695
6835.42344	0.00558
6833.49471	0.00681
6831.56598	0.00842
6829.63725	0.00884
6827.70852	0.00882
6825.77979	0.00874
6823.85105	0.00809
6821.92232	0.00735
6819.99359	0.00747
6818.06486	0.00840
6816.13613	0.00866
6814.20740	0.00756
6812.27867	0.00705
6810.34994	0.00823
6808.42120	0.00905
6806.49247	0.00843
6804.56374	0.00792
6802.63501	0.00782
6800.70628	0.00687
6798.77755	0.00568
6796.84882	0.00612
6794.92009	0.00778
6792.99136	0.00889
6791.06262	0.00918
6789.13389	0.00857
6787.20516	0.00753
6785.27643	0.00810
6783.34770	0.01014
6781.41897	0.01101
6779.49024	0.01006
6777.56151	0.00837
6775.63277	0.00693
6773.70404	0.00675
6771.77531	0.00794
6769.84658	0.00911
6767.91785	0.00880
6765.98912	0.00756
6764.06039	0.00761
6762.13166	0.00884
6760.20292	0.00908
6758.27419	0.00844
6756.34546	0.00786
6754.41673	0.00672
6752.48800	0.00500
6750.55927	0.00405
6748.63054	0.00490
6746.70181	0.00655
6744.77307	0.00753
6742.84434	0.00796
6740.91561	0.00764
6738.98688	0.00633
6737.05815	0.00554
6735.12942	0.00644
6733.20069	0.00837
6731.27196	0.00947
6729.34322	0.00865
6727.41449	0.00756
6725.48576	0.00812
6723.55703	0.00923
6721.62830	0.00905
6719.69957	0.00803
6717.77084	0.00746
6715.84211	0.00762
6713.91338	0.00808
6711.98464	0.00845
6710.05591	0.00864
6708.12718	0.00832
6706.19845	0.00793
6704.26972	0.00927
6702.34099	0.01154
6700.41226	0.01133
6698.48353	0.00915
6696.55479	0.00834
6694.62606	0.00924
6692.69733	0.01014
6690.76860	0.00990
6688.83987	0.00868
6686.91114	0.00765
6684.98241	0.00727
6683.05368	0.00762
6681.12494	0.00842
6679.19621	0.00881
6677.26748	0.00847
6675.33875	0.00776
6673.41002	0.00777
6671.48129	0.00870
6669.55256	0.00927
6667.62383	0.01018
6665.69509	0.01181
6663.76636	0.01210
6661.83763	0.01147
6659.90890	0.01192
6657.98017	0.01254
6656.05144	0.01122
6654.12271	0.00881
6652.19398	0.00763
6650.26524	0.00782
6648.33651	0.00873
6646.40778	0.00974
6644.47905	0.00988
6642.55032	0.00956
6640.62159	0.00948
6638.69286	0.00938
6636.76413	0.00944
6634.83540	0.00998
6632.90666	0.01065
6630.97793	0.01101
6629.04920	0.01069
6627.12047	0.00962
6625.19174	0.00887
6623.26301	0.00941
6621.33428	0.01097
6619.40555	0.01220
6617.47681	0.01170
6615.54808	0.01003
6613.61935	0.00881
6611.69062	0.00830
6609.76189	0.00802
6607.83316	0.00824
6605.90443	0.00929
6603.97570	0.01027
6602.04696	0.01031
6600.11823	0.01004
6598.18950	0.01037
6596.26077	0.01076
6594.33204	0.01021
6592.40331	0.00904
6590.47458	0.00789
6588.54585	0.00770
6586.61711	0.00944
6584.68838	0.01170
6582.75965	0.01198
6580.83092	0.01076
6578.90219	0.01058
6576.97346	0.01137
6575.04473	0.01160
6573.11600	0.01179
6571.18726	0.01251
6569.25853	0.01319
6567.32980	0.01366
6565.40107	0.01340
6563.47234	0.01228
6561.54361	0.01140
6559.61488	0.01120
6557.68615	0.01110
6555.75742	0.01066
6553.82868	0.01019
6551.89995	0.01022
6549.97122	0.01037
6548.04249	0.01016
6546.11376	0.00991
6544.18503	0.00977
6542.25630	0.00946
6540.32757	0.00897
6538.39883	0.00880
6536.47010	0.00906
6534.54137	0.00928
6532.61264	0.00993
6530.68391	0.01143
6528.75518	0.01226
6526.82645	0.01157
6524.89772	0.01074
6522.96898	0.01069
6521.04025	0.01134
6519.11152	0.01201
6517.18279	0.01143
6515.25406	0.00998
6513.32533	0.00901
6511.39660	0.00886
6509.46787	0.00943
6507.53913	0.01037
6505.61040	0.01095
6503.68167	0.01079
6501.75294	0.01017
6499.82421	0.00920
6497.89548	0.00875
6495.96675	0.01002
6494.03802	0.01164
6492.10928	0.01157
6490.18055	0.01047
6488.25182	0.00966
6486.32309	0.00892
6484.39436	0.00853
6482.46563	0.00910
6480.53690	0.00976
6478.60817	0.01010
6476.67944	0.01054
6474.75070	0.01039
6472.82197	0.00954
6470.89324	0.00937
6468.96451	0.01029
6467.03578	0.01101
6465.10705	0.01068
6463.17832	0.01034
6461.24959	0.01094
6459.32085	0.01179
6457.39212	0.01173
6455.46339	0.01098
6453.53466	0.01089
6451.60593	0.01158
6449.67720	0.01190
6447.74847	0.01181
6445.81974	0.01136
6443.89100	0.01021
6441.96227	0.00975
6440.03354	0.01086
6438.10481	0.01174
6436.17608	0.01105
6434.24735	0.00939
6432.31862	0.00773
6430.38989	0.00723
6428.46115	0.00825
6426.53242	0.00960
6424.60369	0.01064
6422.67496	0.01114
6420.74623	0.01054
6418.81750	0.00963
6416.88877	0.00921
6414.96004	0.00899
6413.03130	0.00889
6411.10257	0.00905
6409.17384	0.00957
6407.24511	0.01022
6405.31638	0.01067
6403.38765	0.01098
6401.45892	0.01103
6399.53019	0.01085
6397.60146	0.01052
6395.67272	0.00987
6393.74399	0.00918
6391.81526	0.00889
6389.88653	0.00917
6387.95780	0.00966
6386.02907	0.01000
6384.10034	0.01031
6382.17161	0.01089
6380.24287	0.01169
6378.31414	0.01181
6376.38541	0.01060
6374.45668	0.00930
6372.52795	0.00920
6370.59922	0.00977
6368.67049	0.01030
6366.74176	0.01073
6364.81302	0.01086
6362.88429	0.01057
6360.95556	0.01008
6359.02683	0.00938
6357.09810	0.00898
6355.16937	0.00925
6353.24064	0.00919
6351.31191	0.00851
6349.38317	0.00842
6347.45444	0.00921
6345.52571	0.01002
6343.59698	0.01027
6341.66825	0.01004
6339.73952	0.00987
6337.81079	0.00990
6335.88206	0.01025
6333.95332	0.01112
6332.02459	0.01155
6330.09586	0.01103
6328.16713	0.01081
6326.23840	0.01121
6324.30967	0.01105
6322.38094	0.01006
6320.45221	0.00946
6318.52348	0.00988
6316.59474	0.01053
6314.66601	0.01047
6312.73728	0.00981
6310.80855	0.00954
6308.87982	0.00987
6306.95109	0.01003
6305.02236	0.00961
6303.09363	0.00893
6301.16489	0.00867
6299.23616	0.00944
6297.30743	0.01082
6295.37870	0.01154
6293.44997	0.01133
6291.52124	0.01071
6289.59251	0.01020
6287.66378	0.01035
6285.73504	0.01080
6283.80631	0.01091
6281.87758	0.01070
6279.94885	0.01045
6278.02012	0.01053
6276.09139	0.01087
6274.16266	0.01075
6272.23393	0.01049
6270.30519	0.01078
6268.37646	0.01104
6266.44773	0.01084
6264.51900	0.01096
6262.59027	0.01155
6260.66154	0.01199
6258.73281	0.01195
6256.80408	0.01132
6254.87534	0.01102
6252.94661	0.01158
6251.01788	0.01187
6249.08915	0.01154
6247.16042	0.01117
6245.23169	0.01083
6243.30296	0.01068
6241.37423	0.01059
6239.44550	0.01046
6237.51676	0.01085
6235.58803	0.01153
6233.65930	0.01181
6231.73057	0.01194
6229.80184	0.01202
6227.87311	0.01172
6225.94438	0.01133
6224.01565	0.01111
6222.08691	0.01108
6220.15818	0.01134
6218.22945	0.01146
6216.30072	0.01089
6214.37199	0.01037
6212.44326	0.01072
6210.51453	0.01150
6208.58580	0.01192
6206.65706	0.01184
6204.72833	0.01133
6202.79960	0.01061
6200.87087	0.01035
6198.94214	0.01080
6197.01341	0.01143
6195.08468	0.01178
6193.15595	0.01176
6191.22721	0.01163
6189.29848	0.01166
6187.36975	0.01181
6185.44102	0.01207
6183.51229	0.01232
6181.58356	0.01221
6179.65483	0.01179
6177.72610	0.01133
6175.79736	0.01092
6173.86863	0.01087
6171.93990	0.01121
6170.01117	0.01123
6168.08244	0.01066
6166.15371	0.01037
6164.22498	0.01085
6162.29625	0.01132
6160.36752	0.01135
6158.43878	0.01142
6156.51005	0.01157
6154.58132	0.01148
6152.65259	0.01131
6150.72386	0.01106
6148.79513	0.01051
6146.86640	0.01013
6144.93767	0.01040
6143.00893	0.01082
6141.08020	0.01098
6139.15147	0.01100
6137.22274	0.01097
6135.29401	0.01072
6133.36528	0.01058
6131.43655	0.01101
6129.50782	0.01167
6127.57908	0.01227
6125.65035	0.01253
6123.72162	0.01196
6121.79289	0.01132
6119.86416	0.01153
6117.93543	0.01187
6116.00670	0.01148
6114.07797	0.01059
6112.14923	0.01007
6110.22050	0.01033
6108.29177	0.01076
6106.36304	0.01101
6104.43431	0.01140
6102.50558	0.01172
6100.57685	0.01143
6098.64812	0.01098
6096.71938	0.01113
6094.79065	0.01162
6092.86192	0.01198
6090.93319	0.01231
6089.00446	0.01254
6087.07573	0.01241
6085.14700	0.01208
6083.21827	0.01185
6081.28954	0.01177
6079.36080	0.01185
6077.43207	0.01187
6075.50334	0.01175
6073.57461	0.01158
6071.64588	0.01121
6069.71715	0.01097
6067.78842	0.01117
6065.85969	0.01133
6063.93095	0.01134
6062.00222	0.01149
6060.07349	0.01173
6058.14476	0.01202
6056.21603	0.01236
6054.28730	0.01206
6052.35857	0.01092
6050.42984	0.01013
6048.50110	0.01050
6046.57237	0.01128
6044.64364	0.01154
6042.71491	0.01143
6040.78618	0.01143
6038.85745	0.01161
6036.92872	0.01180
6034.99999	0.01170
6033.07125	0.01142
6031.14252	0.01131
6029.21379	0.01119
6027.28506	0.01081
6025.35633	0.01040
6023.42760	0.01012
6021.49887	0.01007
6019.57014	0.01023
6017.64140	0.01045
6015.71267	0.01073
6013.78394	0.01102
6011.85521	0.01130
6009.92648	0.01179
6007.99775	0.01231
6006.06902	0.01240
6004.14029	0.01213
6002.21156	0.01202
6000.28282	0.01188
5998.35409	0.01134
5996.42536	0.01086
5994.49663	0.01116
5992.56790	0.01222
5990.63917	0.01300
5988.71044	0.01271
5986.78171	0.01178
5984.85297	0.01100
5982.92424	0.01107
5980.99551	0.01176
5979.06678	0.01206
5977.13805	0.01190
5975.20932	0.01174
5973.28059	0.01151
5971.35186	0.01134
5969.42312	0.01146
5967.49439	0.01165
5965.56566	0.01193
5963.63693	0.01236
5961.70820	0.01230
5959.77947	0.01136
5957.85074	0.01033
5955.92201	0.00994
5953.99327	0.01015
5952.06454	0.01078
5950.13581	0.01156
5948.20708	0.01198
5946.27835	0.01209
5944.34962	0.01212
5942.42089	0.01174
5940.49216	0.01103
5938.56342	0.01058
5936.63469	0.01078
5934.70596	0.01138
5932.77723	0.01168
5930.84850	0.01182
5928.91977	0.01221
5926.99104	0.01246
5925.06231	0.01230
5923.13358	0.01185
5921.20484	0.01140
5919.27611	0.01135
5917.34738	0.01156
5915.41865	0.01159
5913.48992	0.01130
5911.56119	0.01064
5909.63246	0.00993
5907.70373	0.00977
5905.77499	0.01039
5903.84626	0.01127
5901.91753	0.01152
5899.98880	0.01105
5898.06007	0.01077
5896.13134	0.01098
5894.20261	0.01121
5892.27388	0.01147
5890.34514	0.01179
5888.41641	0.01191
5886.48768	0.01193
5884.55895	0.01195
5882.63022	0.01174
5880.70149	0.01133
5878.77276	0.01098
5876.84403	0.01099
5874.91529	0.01146
5872.98656	0.01199
5871.05783	0.01217
5869.12910	0.01189
5867.20037	0.01135
5865.27164	0.01114
5863.34291	0.01145
5861.41418	0.01159
5859.48544	0.01129
5857.55671	0.01114
5855.62798	0.01138
5853.69925	0.01156
5851.77052	0.01147
5849.84179	0.01157
5847.91306	0.01204
5845.98433	0.01249
5844.05560	0.01255
5842.12686	0.01239
5840.19813	0.01239
5838.26940	0.01249
5836.34067	0.01245
5834.41194	0.01240
5832.48321	0.01256
5830.55448	0.01288
5828.62575	0.01301
5826.69701	0.01267
5824.76828	0.01220
5822.83955	0.01211
5820.91082	0.01225
5818.98209	0.01220
5817.05336	0.01204
5815.12463	0.01198
5813.19590	0.01196
5811.26716	0.01196
5809.33843	0.01210
5807.40970	0.01225
5805.48097	0.01215
5803.55224	0.01191
5801.62351	0.01172
5799.69478	0.01164
5797.76605	0.01173
5795.83731	0.01167
5793.90858	0.01135
5791.97985	0.01109
5790.05112	0.01121
5788.12239	0.01192
5786.19366	0.01268
5784.26493	0.01281
5782.33620	0.01257
5780.40746	0.01235
5778.47873	0.01199
5776.55000	0.01155
5774.62127	0.01151
5772.69254	0.01179
5770.76381	0.01188
5768.83508	0.01179
5766.90635	0.01165
5764.97762	0.01148
5763.04888	0.01138
5761.12015	0.01141
5759.19142	0.01145
5757.26269	0.01132
5755.33396	0.01117
5753.40523	0.01129
5751.47650	0.01165
5749.54777	0.01196
5747.61903	0.01197
5745.69030	0.01189
5743.76157	0.01213
5741.83284	0.01229
5739.90411	0.01213
5737.97538	0.01217
5736.04665	0.01231
5734.11792	0.01208
5732.18918	0.01167
5730.26045	0.01142
5728.33172	0.01136
5726.40299	0.01170
5724.47426	0.01236
5722.54553	0.01265
5720.61680	0.01243
5718.68807	0.01203
5716.75933	0.01164
5714.83060	0.01165
5712.90187	0.01221
5710.97314	0.01265
5709.04441	0.01227
5707.11568	0.01149
5705.18695	0.01141
5703.25822	0.01209
5701.32948	0.01246
5699.40075	0.01211
5697.47202	0.01179
5695.54329	0.01196
5693.61456	0.01218
5691.68583	0.01221
5689.75710	0.01235
5687.82837	0.01253
5685.89964	0.01251
5683.97090	0.01219
5682.04217	0.01137
5680.11344	0.01053
5678.18471	0.01066
5676.25598	0.01138
5674.32725	0.01169
5672.39852	0.01157
5670.46979	0.01145
5668.54105	0.01148
5666.61232	0.01175
5664.68359	0.01207
5662.75486	0.01205
5660.82613	0.01184
5658.89740	0.01195
5656.96867	0.01240
5655.03994	0.01272
5653.11120	0.01272
5651.18247	0.01257
5649.25374	0.01240
5647.32501	0.01218
5645.39628	0.01194
5643.46755	0.01168
5641.53882	0.01174
5639.61009	0.01226
5637.68135	0.01255
5635.75262	0.01229
5633.82389	0.01201
5631.89516	0.01211
5629.96643	0.01252
5628.03770	0.01278
5626.10897	0.01259
5624.18024	0.01225
5622.25150	0.01210
5620.32277	0.01212
5618.39404	0.01205
5616.46531	0.01197
5614.53658	0.01220
5612.60785	0.01262
5610.67912	0.01273
5608.75039	0.01254
5606.82166	0.01233
5604.89292	0.01235
5602.96419	0.01268
5601.03546	0.01299
5599.10673	0.01302
5597.17800	0.01297
5595.24927	0.01292
5593.32054	0.01289
5591.39181	0.01281
5589.46307	0.01259
5587.53434	0.01225
5585.60561	0.01201
5583.67688	0.01205
5581.74815	0.01220
5579.81942	0.01237
5577.89069	0.01267
5575.96196	0.01300
5574.03322	0.01304
5572.10449	0.01290
5570.17576	0.01292
5568.24703	0.01297
5566.31830	0.01270
5564.38957	0.01239
5562.46084	0.01265
5560.53211	0.01332
5558.60337	0.01365
5556.67464	0.01340
5554.74591	0.01297
5552.81718	0.01273
5550.88845	0.01268
5548.95972	0.01255
5547.03099	0.01259
5545.10226	0.01307
5543.17352	0.01348
5541.24479	0.01351
5539.31606	0.01345
5537.38733	0.01333
5535.45860	0.01302
5533.52987	0.01278
5531.60114	0.01296
5529.67241	0.01349
5527.74368	0.01382
5525.81494	0.01363
5523.88621	0.01322
5521.95748	0.01304
5520.02875	0.01321
5518.10002	0.01343
5516.17129	0.01350
5514.24256	0.01362
5512.31383	0.01377
5510.38509	0.01371
5508.45636	0.01359
5506.52763	0.01359
5504.59890	0.01344
5502.67017	0.01305
5500.74144	0.01272
5498.81271	0.01266
5496.88398	0.01292
5494.95524	0.01319
5493.02651	0.01327
5491.09778	0.01338
5489.16905	0.01339
5487.24032	0.01333
5485.31159	0.01342
5483.38286	0.01350
5481.45413	0.01348
5479.52539	0.01342
5477.59666	0.01313
5475.66793	0.01279
5473.73920	0.01294
5471.81047	0.01328
5469.88174	0.01326
5467.95301	0.01309
5466.02428	0.01294
5464.09554	0.01278
5462.16681	0.01274
5460.23808	0.01301
5458.30935	0.01324
5456.38062	0.01319
5454.45189	0.01318
5452.52316	0.01314
5450.59443	0.01280
5448.66570	0.01248
5446.73696	0.01246
5444.80823	0.01267
5442.87950	0.01265
5440.95077	0.01238
5439.02204	0.01271
5437.09331	0.01321
5435.16458	0.01319
5433.23585	0.01316
5431.30711	0.01303
5429.37838	0.01257
5427.44965	0.01263
5425.52092	0.01301
5423.59219	0.01306
5421.66346	0.01308
5419.73473	0.01330
5417.80600	0.01336
5415.87726	0.01305
5413.94853	0.01278
5412.01980	0.01288
5410.09107	0.01298
5408.16234	0.01310
5406.23361	0.01335
5404.30488	0.01365
5402.37615	0.01406
5400.44741	0.01445
5398.51868	0.01442
5396.58995	0.01380
5394.66122	0.01304
5392.73249	0.01306
5390.80376	0.01378
5388.87503	0.01413
5386.94630	0.01375
5385.01756	0.01333
5383.08883	0.01327
5381.16010	0.01330
5379.23137	0.01319
5377.30264	0.01296
5375.37391	0.01310
5373.44518	0.01360
5371.51645	0.01406
5369.58772	0.01421
5367.65898	0.01397
5365.73025	0.01343
5363.80152	0.01301
5361.87279	0.01305
5359.94406	0.01330
5358.01533	0.01348
5356.08660	0.01340
5354.15787	0.01309
5352.22913	0.01310
5350.30040	0.01350
5348.37167	0.01381
5346.44294	0.01358
5344.51421	0.01300
5342.58548	0.01301
5340.65675	0.01315
5338.72802	0.01284
5336.79928	0.01280
5334.87055	0.01316
5332.94182	0.01337
5331.01309	0.01338
5329.08436	0.01312
5327.15563	0.01278
5325.22690	0.01288
5323.29817	0.01328
5321.36943	0.01362
5319.44070	0.01372
5317.51197	0.01361
5315.58324	0.01365
5313.65451	0.01401
5311.72578	0.01452
5309.79705	0.01475
5307.86832	0.01442
5305.93958	0.01394
5304.01085	0.01384
5302.08212	0.01405
5300.15339	0.01431
5298.22466	0.01458
5296.29593	0.01495
5294.36720	0.01518
5292.43847	0.01492
5290.50974	0.01439
5288.58100	0.01432
5286.65227	0.01452
5284.72354	0.01453
5282.79481	0.01451
5280.86608	0.01454
5278.93735	0.01479
5277.00862	0.01530
5275.07989	0.01562
5273.15115	0.01551
5271.22242	0.01527
5269.29369	0.01533
5267.36496	0.01575
5265.43623	0.01594
5263.50750	0.01563
5261.57877	0.01539
5259.65004	0.01550
5257.72130	0.01555
5255.79257	0.01521
5253.86384	0.01516
5251.93511	0.01570
5250.00638	0.01592
5248.07765	0.01563
5246.14892	0.01540
5244.22019	0.01530
5242.29145	0.01542
5240.36272	0.01574
5238.43399	0.01596
5236.50526	0.01609
5234.57653	0.01616
5232.64780	0.01610
5230.71907	0.01603
5228.79034	0.01612
5226.86160	0.01599
5224.93287	0.01565
5223.00414	0.01568
5221.07541	0.01608
5219.14668	0.01642
5217.21795	0.01651
5215.28922	0.01642
5213.36049	0.01634
5211.43176	0.01629
5209.50302	0.01597
5207.57429	0.01540
5205.64556	0.01513
5203.71683	0.01536
5201.78810	0.01576
5199.85937	0.01596
5197.93064	0.01586
5196.00191	0.01572
5194.07317	0.01573
5192.14444	0.01580
5190.21571	0.01583
5188.28698	0.01576
5186.35825	0.01555
5184.42952	0.01541
5182.50079	0.01537
5180.57206	0.01521
5178.64332	0.01513
5176.71459	0.01536
5174.78586	0.01569
5172.85713	0.01586
5170.92840	0.01599
5168.99967	0.01622
5167.07094	0.01635
5165.14221	0.01616
5163.21347	0.01586
5161.28474	0.01572
5159.35601	0.01559
5157.42728	0.01536
5155.49855	0.01513
5153.56982	0.01511
5151.64109	0.01539
5149.71236	0.01567
5147.78362	0.01560
5145.85489	0.01537
5143.92616	0.01527
5141.99743	0.01537
5140.06870	0.01554
5138.13997	0.01552
5136.21124	0.01533
5134.28251	0.01522
5132.35378	0.01531
5130.42504	0.01547
5128.49631	0.01557
5126.56758	0.01559
5124.63885	0.01556
5122.71012	0.01555
5120.78139	0.01550
5118.85266	0.01533
5116.92393	0.01519
5114.99519	0.01524
5113.06646	0.01536
5111.13773	0.01532
5109.20900	0.01515
5107.28027	0.01504
5105.35154	0.01497
5103.42281	0.01491
5101.49408	0.01491
5099.56534	0.01485
5097.63661	0.01473
5095.70788	0.01474
5093.77915	0.01483
5091.85042	0.01476
5089.92169	0.01460
5087.99296	0.01462
5086.06423	0.01486
5084.13549	0.01501
5082.20676	0.01480
5080.27803	0.01450
5078.34930	0.01446
5076.42057	0.01464
5074.49184	0.01482
5072.56311	0.01487
5070.63438	0.01479
5068.70564	0.01468
5066.77691	0.01463
5064.84818	0.01460
5062.91945	0.01458
5060.99072	0.01465
5059.06199	0.01474
5057.13326	0.01477
5055.20453	0.01484
5053.27580	0.01502
5051.34706	0.01515
5049.41833	0.01514
5047.48960	0.01506
5045.56087	0.01507
5043.63214	0.01513
5041.70341	0.01502
5039.77468	0.01475
5037.84595	0.01465
5035.91721	0.01476
5033.98848	0.01485
5032.05975	0.01482
5030.13102	0.01476
5028.20229	0.01477
5026.27356	0.01483
5024.34483	0.01484
5022.41610	0.01485
5020.48736	0.01500
5018.55863	0.01522
5016.62990	0.01524
5014.70117	0.01514
5012.77244	0.01513
5010.84371	0.01510
5008.91498	0.01499
5006.98625	0.01508
5005.05751	0.01530
5003.12878	0.01530
5001.20005	0.01516
4999.27132	0.01507
4997.34259	0.01498
4995.41386	0.01482
4993.48513	0.01469
4991.55640	0.01477
4989.62766	0.01507
4987.69893	0.01532
4985.77020	0.01538
4983.84147	0.01540
4981.91274	0.01541
4979.98401	0.01527
4978.05528	0.01502
4976.12655	0.01482
4974.19782	0.01472
4972.26908	0.01470
4970.34035	0.01484
4968.41162	0.01500
4966.48289	0.01500
4964.55416	0.01509
4962.62543	0.01532
4960.69670	0.01544
4958.76797	0.01548
4956.83923	0.01550
4954.91050	0.01538
4952.98177	0.01528
4951.05304	0.01536
4949.12431	0.01541
4947.19558	0.01519
4945.26685	0.01502
4943.33812	0.01531
4941.40938	0.01581
4939.48065	0.01601
4937.55192	0.01581
4935.62319	0.01558
4933.69446	0.01554
4931.76573	0.01549
4929.83700	0.01528
4927.90827	0.01520
4925.97953	0.01539
4924.05080	0.01557
4922.12207	0.01562
4920.19334	0.01561
4918.26461	0.01554
4916.33588	0.01525
4914.40715	0.01490
4912.47842	0.01499
4910.54968	0.01544
4908.62095	0.01569
4906.69222	0.01556
4904.76349	0.01541
4902.83476	0.01547
4900.90603	0.01550
4898.97730	0.01541
4897.04857	0.01546
4895.11984	0.01555
4893.19110	0.01547
4891.26237	0.01528
4889.33364	0.01518
4887.40491	0.01526
4885.47618	0.01538
4883.54745	0.01540
4881.61872	0.01545
4879.68999	0.01558
4877.76125	0.01565
4875.83252	0.01563
4873.90379	0.01562
4871.97506	0.01573
4870.04633	0.01597
4868.11760	0.01601
4866.18887	0.01581
4864.26014	0.01566
4862.33140	0.01547
4860.40267	0.01523
4858.47394	0.01518
4856.54521	0.01529
4854.61648	0.01538
4852.68775	0.01553
4850.75902	0.01589
4848.83029	0.01625
4846.90155	0.01624
4844.97282	0.01604
4843.04409	0.01599
4841.11536	0.01598
4839.18663	0.01579
4837.25790	0.01559
4835.32917	0.01555
4833.40044	0.01556
4831.47170	0.01560
4829.54297	0.01570
4827.61424	0.01585
4825.68551	0.01596
4823.75678	0.01599
4821.82805	0.01597
4819.89932	0.01594
4817.97059	0.01605
4816.04186	0.01631
4814.11312	0.01642
4812.18439	0.01622
4810.25566	0.01587
4808.32693	0.01564
4806.39820	0.01561
4804.46947	0.01574
4802.54074	0.01595
4800.61201	0.01608
4798.68327	0.01606
4796.75454	0.01599
4794.82581	0.01600
4792.89708	0.01605
4790.96835	0.01600
4789.03962	0.01585
4787.11089	0.01580
4785.18216	0.01596
4783.25342	0.01613
4781.32469	0.01618
4779.39596	0.01614
4777.46723	0.01611
4775.53850	0.01616
4773.60977	0.01629
4771.68104	0.01636
4769.75231	0.01629
4767.82357	0.01616
4765.89484	0.01601
4763.96611	0.01579
4762.03738	0.01553
4760.10865	0.01538
4758.17992	0.01540
4756.25119	0.01553
4754.32246	0.01567
4752.39372	0.01565
4750.46499	0.01563
4748.53626	0.01583
4746.60753	0.01596
4744.67880	0.01576
4742.75007	0.01549
4740.82134	0.01542
4738.89261	0.01558
4736.96388	0.01576
4735.03514	0.01572
4733.10641	0.01548
4731.17768	0.01532
4729.24895	0.01530
4727.32022	0.01535
4725.39149	0.01535
4723.46276	0.01528
4721.53403	0.01531
4719.60529	0.01542
4717.67656	0.01544
4715.74783	0.01535
4713.81910	0.01531
4711.89037	0.01539
4709.96164	0.01554
4708.03291	0.01566
4706.10418	0.01575
4704.17544	0.01587
4702.24671	0.01606
4700.31798	0.01627
4698.38925	0.01640
4696.46052	0.01638
4694.53179	0.01624
4692.60306	0.01602
4690.67433	0.01581
4688.74559	0.01571
4686.81686	0.01576
4684.88813	0.01595
4682.95940	0.01615
4681.03067	0.01616
4679.10194	0.01602
4677.17321	0.01597
4675.24448	0.01603
4673.31574	0.01607
4671.38701	0.01603
4669.45828	0.01601
4667.52955	0.01609
4665.60082	0.01613
4663.67209	0.01602
4661.74336	0.01585
4659.81463	0.01580
4657.88590	0.01584
4655.95716	0.01594
4654.02843	0.01607
4652.09970	0.01616
4650.17097	0.01624
4648.24224	0.01635
4646.31351	0.01630
4644.38478	0.01610
4642.45605	0.01599
4640.52731	0.01600
4638.59858	0.01599
4636.66985	0.01600
4634.74112	0.01609
4632.81239	0.01611
4630.88366	0.01605
4628.95493	0.01607
4627.02620	0.01620
4625.09746	0.01628
4623.16873	0.01637
4621.24000	0.01650
4619.31127	0.01653
4617.38254	0.01647
4615.45381	0.01643
4613.52508	0.01645
4611.59635	0.01650
4609.66761	0.01654
4607.73888	0.01653
4605.81015	0.01653
4603.88142	0.01662
4601.95269	0.01667
4600.02396	0.01666
4598.09523	0.01668
4596.16650	0.01658
4594.23776	0.01641
4592.30903	0.01640
4590.38030	0.01645
4588.45157	0.01644
4586.52284	0.01644
4584.59411	0.01650
4582.66538	0.01646
4580.73665	0.01631
4578.80792	0.01622
4576.87918	0.01628
4574.95045	0.01641
4573.02172	0.01645
4571.09299	0.01636
4569.16426	0.01634
4567.23553	0.01646
4565.30680	0.01658
4563.37807	0.01663
4561.44933	0.01663
4559.52060	0.01657
4557.59187	0.01642
4555.66314	0.01633
4553.73441	0.01643
4551.80568	0.01657
4549.87695	0.01656
4547.94822	0.01647
4546.01948	0.01643
4544.09075	0.01645
4542.16202	0.01646
4540.23329	0.01642
4538.30456	0.01634
4536.37583	0.01636
4534.44710	0.01647
4532.51837	0.01645
4530.58963	0.01639
4528.66090	0.01652
4526.73217	0.01664
4524.80344	0.01660
4522.87471	0.01657
4520.94598	0.01655
4519.01725	0.01655
4517.08852	0.01664
4515.15978	0.01678
4513.23105	0.01687
4511.30232	0.01688
4509.37359	0.01682
4507.44486	0.01672
4505.51613	0.01665
4503.58740	0.01661
4501.65867	0.01660
4499.72994	0.01659
4497.80120	0.01661
4495.87247	0.01677
4493.94374	0.01692
4492.01501	0.01690
4490.08628	0.01684
4488.15755	0.01685
4486.22882	0.01689
4484.30009	0.01686
4482.37135	0.01677
4480.44262	0.01664
4478.51389	0.01656
4476.58516	0.01663
4474.65643	0.01682
4472.72770	0.01693
4470.79897	0.01678
4468.87024	0.01652
4466.94150	0.01645
4465.01277	0.01662
4463.08404	0.01673
4461.15531	0.01667
4459.22658	0.01666
4457.29785	0.01684
4455.36912	0.01704
4453.44039	0.01709
4451.51165	0.01703
4449.58292	0.01692
4447.65419	0.01678
4445.72546	0.01670
4443.79673	0.01670
4441.86800	0.01673
4439.93927	0.01684
4438.01054	0.01704
4436.08180	0.01720
4434.15307	0.01716
4432.22434	0.01698
4430.29561	0.01685
4428.36688	0.01689
4426.43815	0.01701
4424.50942	0.01703
4422.58069	0.01692
4420.65196	0.01677
4418.72322	0.01674
4416.79449	0.01683
4414.86576	0.01686
4412.93703	0.01684
4411.00830	0.01688
4409.07957	0.01693
4407.15084	0.01687
4405.22211	0.01679
4403.29337	0.01681
4401.36464	0.01689
4399.43591	0.01698
4397.50718	0.01701
4395.57845	0.01696
4393.64972	0.01697
4391.72099	0.01705
4389.79226	0.01708
4387.86352	0.01707
4385.93479	0.01696
4384.00606	0.01687
4382.07733	0.01691
4380.14860	0.01691
4378.21987	0.01687
4376.29114	0.01691
4374.36241	0.01694
4372.43367	0.01697
4370.50494	0.01706
4368.57621	0.01705
4366.64748	0.01699
4364.71875	0.01704
4362.79002	0.01715
4360.86129	0.01710
4358.93256	0.01693
4357.00382	0.01689
4355.07509	0.01705
4353.14636	0.01719
4351.21763	0.01721
4349.28890	0.01717
4347.36017	0.01710
4345.43144	0.01703
4343.50271	0.01702
4341.57398	0.01704
4339.64524	0.01705
4337.71651	0.01713
4335.78778	0.01731
4333.85905	0.01738
4331.93032	0.01728
4330.00159	0.01720
4328.07286	0.01723
4326.14413	0.01728
4324.21539	0.01735
4322.28666	0.01736
4320.35793	0.01727
4318.42920	0.01722
4316.50047	0.01726
4314.57174	0.01733
4312.64301	0.01735
4310.71428	0.01728
4308.78554	0.01720
4306.85681	0.01720
4304.92808	0.01731
4302.99935	0.01738
4301.07062	0.01728
4299.14189	0.01717
4297.21316	0.01725
4295.28443	0.01747
4293.35569	0.01758
4291.42696	0.01756
4289.49823	0.01754
4287.56950	0.01746
4285.64077	0.01729
4283.71204	0.01720
4281.78331	0.01716
4279.85458	0.01715
4277.92584	0.01727
4275.99711	0.01741
4274.06838	0.01738
4272.13965	0.01728
4270.21092	0.01727
4268.28219	0.01729
4266.35346	0.01732
4264.42473	0.01736
4262.49600	0.01734
4260.56726	0.01733
4258.63853	0.01730
4256.70980	0.01719
4254.78107	0.01703
4252.85234	0.01694
4250.92361	0.01692
4248.99488	0.01695
4247.06615	0.01703
4245.13741	0.01708
4243.20868	0.01702
4241.27995	0.01690
4239.35122	0.01686
4237.42249	0.01692
4235.49376	0.01690
4233.56503	0.01693
4231.63630	0.01708
4229.70756	0.01716
4227.77883	0.01717
4225.85010	0.01725
4223.92137	0.01735
4221.99264	0.01741
4220.06391	0.01749
4218.13518	0.01757
4216.20645	0.01758
4214.27771	0.01760
4212.34898	0.01763
4210.42025	0.01764
4208.49152	0.01764
4206.56279	0.01764
4204.63406	0.01757
4202.70533	0.01751
4200.77660	0.01755
4198.84786	0.01760
4196.91913	0.01761
4194.99040	0.01759
4193.06167	0.01764
4191.13294	0.01774
4189.20421	0.01780
4187.27548	0.01772
4185.34675	0.01758
4183.41802	0.01755
4181.48928	0.01763
4179.56055	0.01768
4177.63182	0.01774
4175.70309	0.01779
4173.77436	0.01773
4171.84563	0.01761
4169.91690	0.01754
4167.98817	0.01750
4166.05943	0.01751
4164.13070	0.01752
4162.20197	0.01748
4160.27324	0.01749
4158.34451	0.01757
4156.41578	0.01766
4154.48705	0.01770
4152.55832	0.01768
4150.62958	0.01770
4148.70085	0.01774
4146.77212	0.01770
4144.84339	0.01763
4142.91466	0.01766
4140.98593	0.01772
4139.05720	0.01771
4137.12847	0.01766
4135.19973	0.01765
4133.27100	0.01763
4131.34227	0.01763
4129.41354	0.01763
4127.48481	0.01764
4125.55608	0.01769
4123.62735	0.01774
4121.69862	0.01775
4119.76988	0.01775
4117.84115	0.01769
4115.91242	0.01760
4113.98369	0.01753
4112.05496	0.01758
4110.12623	0.01771
4108.19750	0.01767
4106.26877	0.01751
4104.34004	0.01757
4102.41130	0.01784
4100.48257	0.01797
4098.55384	0.01788
4096.62511	0.01774
4094.69638	0.01762
4092.76765	0.01759
4090.83892	0.01771
4088.91019	0.01790
4086.98145	0.01799
4085.05272	0.01795
4083.12399	0.01792
4081.19526	0.01792
4079.26653	0.01787
4077.33780	0.01784
4075.40907	0.01787
4073.48034	0.01790
4071.55160	0.01793
4069.62287	0.01796
4067.69414	0.01803
4065.76541	0.01807
4063.83668	0.01803
4061.90795	0.01796
4059.97922	0.01797
4058.05049	0.01805
4056.12175	0.01808
4054.19302	0.01806
4052.26429	0.01806
4050.33556	0.01807
4048.40683	0.01801
4046.47810	0.01787
4044.54937	0.01782
4042.62064	0.01798
4040.69190	0.01811
4038.76317	0.01813
4036.83444	0.01821
4034.90571	0.01833
4032.97698	0.01836
4031.04825	0.01838
4029.11952	0.01835
4027.19079	0.01812
4025.26206	0.01788
4023.33332	0.01788
4021.40459	0.01799
4019.47586	0.01801
4017.54713	0.01801
4015.61840	0.01804
4013.68967	0.01812
4011.76094	0.01814
4009.83221	0.01800
4007.90347	0.01792
4005.97474	0.01812
4004.04601	0.01837
4002.11728	0.01850
4000.18855	0.01852
3998.25982	0.01841
3996.33109	0.01841
3994.40236	0.01850
3992.47362	0.01853
3990.54489	0.01845
3988.61616	0.01840
3986.68743	0.01840
3984.75870	0.01839
3982.82997	0.01838
3980.90124	0.01833
3978.97251	0.01828
3977.04377	0.01825
3975.11504	0.01821
3973.18631	0.01821
3971.25758	0.01829
3969.32885	0.01840
3967.40012	0.01847
3965.47139	0.01850
3963.54266	0.01842
3961.61392	0.01835
3959.68519	0.01839
3957.75646	0.01841
3955.82773	0.01841
3953.89900	0.01850
3951.97027	0.01857
3950.04154	0.01845
3948.11281	0.01833
3946.18408	0.01848
3944.25534	0.01851
3942.32661	0.01833
3940.39788	0.01833
3938.46915	0.01854
3936.54042	0.01873
3934.61169	0.01856
3932.68296	0.01815
3930.75423	0.01806
3928.82549	0.01832
3926.89676	0.01848
3924.96803	0.01843
3923.03930	0.01847
3921.11057	0.01856
3919.18184	0.01833
3917.25311	0.01788
3915.32438	0.01771
3913.39564	0.01781
3911.46691	0.01796
3909.53818	0.01837
3907.60945	0.01898
3905.68072	0.01916
3903.75199	0.01871
3901.82326	0.01804
3899.89453	0.01743
3897.96579	0.01728
3896.03706	0.01773
3894.10833	0.01809
3892.17960	0.01783
3890.25087	0.01779
3888.32214	0.01806
3886.39341	0.01780
3884.46468	0.01767
3882.53594	0.01771
3880.60721	0.01733
3878.67848	0.01725
3876.74975	0.01759
3874.82102	0.01792
3872.89229	0.01815
3870.96356	0.01778
3869.03483	0.01742
3867.10610	0.01752
3865.17736	0.01720
3863.24863	0.01662
3861.31990	0.01649
3859.39117	0.01742
3857.46244	0.01907
3855.53371	0.01943
3853.60498	0.01774
3851.67625	0.01631
3849.74751	0.01613
3847.81878	0.01657
3845.89005	0.01715
3843.96132	0.01764
3842.03259	0.01814
3840.10386	0.01815
3838.17513	0.01744
3836.24640	0.01697
3834.31766	0.01690
3832.38893	0.01677
3830.46020	0.01684
3828.53147	0.01709
3826.60274	0.01755
3824.67401	0.01829
3822.74528	0.01832
3820.81655	0.01789
3818.88781	0.01788
3816.95908	0.01731
3815.03035	0.01666
3813.10162	0.01702
3811.17289	0.01792
3809.24416	0.01842
3807.31543	0.01836
3805.38670	0.01888
3803.45796	0.01916
3801.52923	0.01848
3799.60050	0.01823
3797.67177	0.01828
3795.74304	0.01818
3793.81431	0.01839
3791.88558	0.01875
3789.95685	0.01903
3788.02812	0.01920
3786.09938	0.01929
3784.17065	0.01945
3782.24192	0.01969
3780.31319	0.01959
3778.38446	0.01942
3776.45573	0.01960
3774.52700	0.02009
3772.59827	0.02044
3770.66953	0.02021
3768.74080	0.01985
3766.81207	0.01965
3764.88334	0.01975
3762.95461	0.02021
3761.02588	0.02037
3759.09715	0.02021
3757.16842	0.02055
3755.23968	0.02154
3753.31095	0.02199
3751.38222	0.02131
3749.45349	0.02107
3747.52476	0.02173
3745.59603	0.02122
3743.66730	0.02056
3741.73857	0.02166
3739.80983	0.02332
3737.88110	0.02421
3735.95237	0.02419
3734.02364	0.02393
3732.09491	0.02412
3730.16618	0.02517
3728.23745	0.02634
3726.30872	0.02730
3724.37998	0.02855
3722.45125	0.03003
3720.52252	0.03168
3718.59379	0.03371
3716.66506	0.03632
3714.73633	0.03898
3712.80760	0.04084
3710.87887	0.04214
3708.95014	0.04377
3707.02140	0.04607
3705.09267	0.04867
3703.16394	0.05089
3701.23521	0.05282
3699.30648	0.05495
3697.37775	0.05728
3695.44902	0.05990
3693.52029	0.06263
3691.59155	0.06473
3689.66282	0.06573
3687.73409	0.06680
3685.80536	0.06908
3683.87663	0.07221
3681.94790	0.07609
3680.01917	0.08082
3678.09044	0.08523
3676.16170	0.08803
3674.23297	0.09035
3672.30424	0.09249
3670.37551	0.09387
3668.44678	0.09582
3666.51805	0.09869
3664.58932	0.10183
3662.66059	0.10483
3660.73185	0.10735
3658.80312	0.10907
3656.87439	0.11023
3654.94566	0.11226
3653.01693	0.11508
3651.08820	0.11701
3649.15947	0.11796
3647.23074	0.11928
3645.30200	0.12138
3643.37327	0.12349
3641.44454	0.12530
3639.51581	0.12707
3637.58708	0.12898
3635.65835	0.13096
3633.72962	0.13325
3631.80089	0.13542
3629.87216	0.13615
3627.94342	0.13640
3626.01469	0.13776
3624.08596	0.13975
3622.15723	0.14139
3620.22850	0.14204
3618.29977	0.14214
3616.37104	0.14242
3614.44231	0.14277
3612.51357	0.14307
3610.58484	0.14314
3608.65611	0.14299
3606.72738	0.14327
3604.79865	0.14412
3602.86992	0.14495
3600.94119	0.14548
3599.01246	0.14592
3597.08372	0.14628
3595.15499	0.14652
3593.22626	0.14712
3591.29753	0.14810
3589.36880	0.14860
3587.44007	0.14850
3585.51134	0.14876
3583.58261	0.14955
3581.65387	0.15038
3579.72514	0.15110
3577.79641	0.15178
3575.86768	0.15242
3573.93895	0.15317
3572.01022	0.15414
3570.08149	0.15484
3568.15276	0.15475
3566.22402	0.15466
3564.29529	0.15529
3562.36656	0.15614
3560.43783	0.15678
3558.50910	0.15733
3556.58037	0.15796
3554.65164	0.15857
3552.72291	0.15907
3550.79418	0.15960
3548.86544	0.16003
3546.93671	0.16010
3545.00798	0.16009
3543.07925	0.16043
3541.15052	0.16107
3539.22179	0.16165
3537.29306	0.16201
3535.36433	0.16231
3533.43559	0.16276
3531.50686	0.16316
3529.57813	0.16330
3527.64940	0.16327
3525.72067	0.16333
3523.79194	0.16352
3521.86321	0.16383
3519.93448	0.16411
3518.00574	0.16427
3516.07701	0.16445
3514.14828	0.16477
3512.21955	0.16514
3510.29082	0.16537
3508.36209	0.16556
3506.43336	0.16579
3504.50463	0.16595
3502.57589	0.16610
3500.64716	0.16644
3498.71843	0.16685
3496.78970	0.16722
3494.86097	0.16756
3492.93224	0.16789
3491.00351	0.16820
3489.07478	0.16846
3487.14604	0.16873
3485.21731	0.16920
3483.28858	0.16975
3481.35985	0.17017
3479.43112	0.17050
3477.50239	0.17081
3475.57366	0.17102
3473.64493	0.17108
3471.71620	0.17114
3469.78746	0.17141
3467.85873	0.17186
3465.93000	0.17233
3464.00127	0.17270
3462.07254	0.17302
3460.14381	0.17334
3458.21508	0.17364
3456.28635	0.17386
3454.35761	0.17411
3452.42888	0.17450
3450.50015	0.17495
3448.57142	0.17528
3446.64269	0.17549
3444.71396	0.17562
3442.78523	0.17561
3440.85650	0.17570
3438.92776	0.17600
3436.99903	0.17639
3435.07030	0.17678
3433.14157	0.17705
3431.21284	0.17715
3429.28411	0.17730
3427.35538	0.17759
3425.42665	0.17785
3423.49791	0.17805
3421.56918	0.17822
3419.64045	0.17841
3417.71172	0.17868
3415.78299	0.17890
3413.85426	0.17896
3411.92553	0.17891
3409.99680	0.17899
3408.06806	0.17923
3406.13933	0.17949
3404.21060	0.17959
3402.28187	0.17957
3400.35314	0.17955
3398.42441	0.17919
3396.49568	0.17932
3394.56695	0.17957
3392.63822	0.17976
3390.70948	0.17998
3388.78075	0.18019
3386.85202	0.18022
3384.92329	0.18010
3382.99456	0.17998
3381.06583	0.18001
3379.13710	0.18014
3377.20837	0.18021
3375.27963	0.18014
3373.35090	0.18004
3371.42217	0.17999
3369.49344	0.17997
3367.56471	0.17992
3365.63598	0.17987
3363.70725	0.17984
3361.77852	0.17977
3359.84978	0.17970
3357.92105	0.17964
3355.99232	0.17950
3354.06359	0.17932
3352.13486	0.17919
3350.20613	0.17913
3348.27740	0.17907
3346.34867	0.17892
3344.41993	0.17874
3342.49120	0.17859
3340.56247	0.17841
3338.63374	0.17814
3336.70501	0.17788
3334.77628	0.17768
3332.84755	0.17749
3330.91882	0.17722
3328.99008	0.17693
3327.06135	0.17675
3325.13262	0.17658
3323.20389	0.17635
3321.27516	0.17614
3319.34643	0.17606
3317.41770	0.17600
3315.48897	0.17581
3313.56024	0.17546
3311.63150	0.17507
3309.70277	0.17473
3307.77404	0.17449
3305.84531	0.17432
3303.91658	0.17412
3301.98785	0.17389
3300.05912	0.17362
3298.13039	0.17331
3296.20165	0.17294
3294.27292	0.17256
3292.34419	0.17220
3290.41546	0.17189
3288.48673	0.17159
3286.55800	0.17123
3284.62927	0.17084
3282.70054	0.17047
3280.77180	0.17018
3278.84307	0.16998
3276.91434	0.16976
3274.98561	0.16946
3273.05688	0.16916
3271.12815	0.16890
3269.19942	0.16865
3267.27069	0.16836
3265.34195	0.16798
3263.41322	0.16756
3261.48449	0.16715
3259.55576	0.16678
3257.62703	0.16640
3255.69830	0.16601
3253.76957	0.16566
3251.84084	0.16536
3249.91210	0.16499
3247.98337	0.16452
3246.05464	0.16410
3244.12591	0.16389
3242.19718	0.16373
3240.26845	0.16344
3238.33972	0.16305
3236.41099	0.16266
3234.48226	0.16223
3232.55352	0.16173
3230.62479	0.16122
3228.69606	0.16074
3226.76733	0.16031
3224.83860	0.15991
3222.90987	0.15945
3220.98114	0.15893
3219.05241	0.15849
3217.12367	0.15808
3215.19494	0.15758
3213.26621	0.15704
3211.33748	0.15654
3209.40875	0.15607
3207.48002	0.15564
3205.55129	0.15516
3203.62256	0.15460
3201.69382	0.15402
3199.76509	0.15343
3197.83636	0.15285
3195.90763	0.15233
3193.97890	0.15182
3192.05017	0.15127
3190.12144	0.15072
3188.19271	0.15018
3186.26397	0.14959
3184.33524	0.14892
3182.40651	0.14829
3180.47778	0.14773
3178.54905	0.14714
3176.62032	0.14652
3174.69159	0.14591
3172.76286	0.14535
3170.83412	0.14492
3168.90539	0.14457
3166.97666	0.14415
3165.04793	0.14361
3163.11920	0.14298
3161.19047	0.14227
3159.26174	0.14154
3157.33301	0.14089
3155.40428	0.14034
3153.47554	0.13979
3151.54681	0.13917
3149.61808	0.13851
3147.68935	0.13789
3145.76062	0.13738
3143.83189	0.13694
3141.90316	0.13645
3139.97443	0.13586
3138.04569	0.13518
3136.11696	0.13446
3134.18823	0.13378
3132.25950	0.13319
3130.33077	0.13264
3128.40204	0.13204
3126.47331	0.13143
3124.54458	0.13081
3122.61584	0.13016
3120.68711	0.12954
3118.75838	0.12897
3116.82965	0.12840
3114.90092	0.12785
3112.97219	0.12725
3111.04346	0.12662
3109.11473	0.12606
3107.18599	0.12554
3105.25726	0.12502
3103.32853	0.12446
3101.39980	0.12383
3099.47107	0.12318
3097.54234	0.12255
3095.61361	0.12195
3093.68488	0.12139
3091.75614	0.12079
3089.82741	0.12013
3087.89868	0.11949
3085.96995	0.11888
3084.04122	0.11828
3082.11249	0.11766
3080.18376	0.11703
3078.25503	0.11641
3076.32630	0.11583
3074.39756	0.11528
3072.46883	0.11470
3070.54010	0.11408
3068.61137	0.11343
3066.68264	0.11276
3064.75391	0.11212
3062.82518	0.11154
3060.89645	0.11102
3058.96771	0.11044
3057.03898	0.10977
3055.11025	0.10913
3053.18152	0.10858
3051.25279	0.10797
3049.32406	0.10732
3047.39533	0.10673
3045.46660	0.10620
3043.53786	0.10567
3041.60913	0.10517
3039.68040	0.10469
3037.75167	0.10415
3035.82294	0.10354
3033.89421	0.10291
3031.96548	0.10227
3030.03675	0.10164
3028.10801	0.10106
3026.17928	0.10050
3024.25055	0.09999
3022.32182	0.09951
3020.39309	0.09901
3018.46436	0.09850
3016.53563	0.09794
3014.60690	0.09738
3012.67816	0.09683
3010.74943	0.09627
3008.82070	0.09573
3006.89197	0.09524
3004.96324	0.09475
3003.03451	0.09422
3001.10578	0.09372
2999.17705	0.09335
2997.24832	0.09292
2995.31958	0.09243
2993.39085	0.09194
2991.46212	0.09149
2989.53339	0.09110
2987.60466	0.09075
2985.67593	0.09042
2983.74720	0.09003
2981.81847	0.08956
2979.88973	0.08907
2977.96100	0.08861
2976.03227	0.08812
2974.10354	0.08753
2972.17481	0.08684
2970.24608	0.08622
2968.31735	0.08573
2966.38862	0.08526
2964.45988	0.08469
2962.53115	0.08414
2960.60242	0.08370
2958.67369	0.08335
2956.74496	0.08311
2954.81623	0.08299
2952.88750	0.08281
2950.95877	0.08255
2949.03003	0.08234
2947.10130	0.08211
2945.17257	0.08175
2943.24384	0.08131
2941.31511	0.08088
2939.38638	0.08049
2937.45765	0.08012
2935.52892	0.07975
2933.60018	0.07935
2931.67145	0.07890
2929.74272	0.07840
2927.81399	0.07776
2925.88526	0.07704
2923.95653	0.07631
2922.02780	0.07558
2920.09907	0.07493
2918.17034	0.07447
2916.24160	0.07417
2914.31287	0.07385
2912.38414	0.07340
2910.45541	0.07290
2908.52668	0.07240
2906.59795	0.07192
2904.66922	0.07150
2902.74049	0.07111
2900.81175	0.07069
2898.88302	0.07023
2896.95429	0.06974
2895.02556	0.06926
2893.09683	0.06884
2891.16810	0.06841
2889.23937	0.06793
2887.31064	0.06744
2885.38190	0.06698
2883.45317	0.06649
2881.52444	0.06594
2879.59571	0.06540
2877.66698	0.06489
2875.73825	0.06446
2873.80952	0.06410
2871.88079	0.06367
2869.95205	0.06313
2868.02332	0.06260
2866.09459	0.06211
2864.16586	0.06159
2862.23713	0.06105
2860.30840	0.06058
2858.37967	0.06018
2856.45094	0.05992
2854.52220	0.05993
2852.59347	0.06014
2850.66474	0.06013
2848.73601	0.05965
2846.80728	0.05893
2844.87855	0.05820
2842.94982	0.05753
2841.02109	0.05694
2839.09236	0.05647
2837.16362	0.05604
2835.23489	0.05560
2833.30616	0.05515
2831.37743	0.05473
2829.44870	0.05436
2827.51997	0.05402
2825.59124	0.05366
2823.66251	0.05329
2821.73377	0.05291
2819.80504	0.05253
2817.87631	0.05216
2815.94758	0.05179
2814.01885	0.05141
2812.09012	0.05105
2810.16139	0.05069
2808.23266	0.05033
2806.30392	0.04999
2804.37519	0.04965
2802.44646	0.04933
2800.51773	0.04903
2798.58900	0.04871
2796.66027	0.04836
2794.73154	0.04802
2792.80281	0.04772
2790.87407	0.04745
2788.94534	0.04713
2787.01661	0.04677
2785.08788	0.04649
2783.15915	0.04632
2781.23042	0.04612
2779.30169	0.04584
2777.37296	0.04553
2775.44422	0.04525
2773.51549	0.04497
2771.58676	0.04464
2769.65803	0.04429
2767.72930	0.04397
2765.80057	0.04372
2763.87184	0.04347
2761.94311	0.04317
2760.01438	0.04284
2758.08564	0.04254
2756.15691	0.04227
2754.22818	0.04201
2752.29945	0.04173
2750.37072	0.04145
2748.44199	0.04119
2746.51326	0.04093
2744.58453	0.04066
2742.65579	0.04043
2740.72706	0.04021
2738.79833	0.03998
2736.86960	0.03970
2734.94087	0.03938
2733.01214	0.03909
2731.08341	0.03888
2729.15468	0.03872
2727.22594	0.03856
2725.29721	0.03835
2723.36848	0.03809
2721.43975	0.03785
2719.51102	0.03760
2717.58229	0.03731
2715.65356	0.03704
2713.72483	0.03684
2711.79609	0.03662
2709.86736	0.03638
2707.93863	0.03613
2706.00990	0.03587
2704.08117	0.03560
2702.15244	0.03536
2700.22371	0.03516
2698.29498	0.03499
2696.36624	0.03480
2694.43751	0.03455
2692.50878	0.03430
2690.58005	0.03409
2688.65132	0.03388
2686.72259	0.03365
2684.79386	0.03351
2682.86513	0.03342
2680.93640	0.03324
2679.00766	0.03301
2677.07893	0.03281
2675.15020	0.03264
2673.22147	0.03243
2671.29274	0.03220
2669.36401	0.03198
2667.43528	0.03175
2665.50655	0.03155
2663.57781	0.03141
2661.64908	0.03128
2659.72035	0.03113
2657.79162	0.03092
2655.86289	0.03072
2653.93416	0.03058
2652.00543	0.03044
2650.07670	0.03025
2648.14796	0.03007
2646.21923	0.02993
2644.29050	0.02982
2642.36177	0.02966
2640.43304	0.02946
2638.50431	0.02924
2636.57558	0.02903
2634.64685	0.02885
2632.71811	0.02870
2630.78938	0.02857
2628.86065	0.02844
2626.93192	0.02828
2625.00319	0.02813
2623.07446	0.02799
2621.14573	0.02787
2619.21700	0.02777
2617.28826	0.02764
2615.35953	0.02751
2613.43080	0.02741
2611.50207	0.02730
2609.57334	0.02717
2607.64461	0.02701
2605.71588	0.02687
2603.78715	0.02676
2601.85842	0.02665
2599.92968	0.02653
2598.00095	0.02642
2596.07222	0.02630
2594.14349	0.02616
2592.21476	0.02603
2590.28603	0.02593
2588.35730	0.02582
2586.42857	0.02571
2584.49983	0.02560
2582.57110	0.02554
2580.64237	0.02550
2578.71364	0.02539
2576.78491	0.02525
2574.85618	0.02517
2572.92745	0.02509
2570.99872	0.02496
2569.06998	0.02483
2567.14125	0.02475
2565.21252	0.02468
2563.28379	0.02462
2561.35506	0.02457
2559.42633	0.02448
2557.49760	0.02431
2555.56887	0.02419
2553.64013	0.02419
2551.71140	0.02421
2549.78267	0.02417
2547.85394	0.02404
2545.92521	0.02395
2543.99648	0.02391
2542.06775	0.02390
2540.13902	0.02391
2538.21028	0.02392
2536.28155	0.02388
2534.35282	0.02383
2532.42409	0.02383
2530.49536	0.02383
2528.56663	0.02382
2526.63790	0.02383
2524.70917	0.02385
2522.78044	0.02383
2520.85170	0.02377
2518.92297	0.02372
2516.99424	0.02373
2515.06551	0.02374
2513.13678	0.02372
2511.20805	0.02370
2509.27932	0.02374
2507.35059	0.02374
2505.42185	0.02365
2503.49312	0.02354
2501.56439	0.02353
2499.63566	0.02358
2497.70693	0.02363
2495.77820	0.02363
2493.84947	0.02362
2491.92074	0.02360
2489.99200	0.02360
2488.06327	0.02364
2486.13454	0.02369
2484.20581	0.02372
2482.27708	0.02372
2480.34835	0.02371
2478.41962	0.02365
2476.49089	0.02360
2474.56215	0.02361
2472.63342	0.02366
2470.70469	0.02368
2468.77596	0.02369
2466.84723	0.02369
2464.91850	0.02370
2462.98977	0.02372
2461.06104	0.02372
2459.13230	0.02373
2457.20357	0.02375
2455.27484	0.02377
2453.34611	0.02381
2451.41738	0.02381
2449.48865	0.02377
2447.55992	0.02374
2445.63119	0.02373
2443.70246	0.02373
2441.77372	0.02374
2439.84499	0.02374
2437.91626	0.02373
2435.98753	0.02375
2434.05880	0.02380
2432.13007	0.02382
2430.20134	0.02382
2428.27261	0.02380
2426.34387	0.02378
2424.41514	0.02379
2422.48641	0.02380
2420.55768	0.02377
2418.62895	0.02376
2416.70022	0.02380
2414.77149	0.02383
2412.84276	0.02382
2410.91402	0.02384
2408.98529	0.02392
2407.05656	0.02397
2405.12783	0.02395
2403.19910	0.02392
2401.27037	0.02392
2399.34164	0.02388
2397.41291	0.02389
2395.48417	0.02395
2393.55544	0.02403
2391.62671	0.02406
2389.69798	0.02409
2387.76925	0.02410
2385.84052	0.02408
2383.91179	0.02407
2381.98306	0.02414
2380.05432	0.02424
2378.12559	0.02432
2376.19686	0.02437
2374.26813	0.02440
2372.33940	0.02443
2370.41067	0.02447
2368.48194	0.02450
2366.55321	0.02449
2364.62448	0.02444
2362.69574	0.02433
2360.76701	0.02415
2358.83828	0.02397
2356.90955	0.02387
2354.98082	0.02371
2353.05209	0.02335
2351.12336	0.02304
2349.19463	0.02322
2347.26589	0.02389
2345.33716	0.02443
2343.40843	0.02448
2341.47970	0.02425
2339.55097	0.02408
2337.62224	0.02400
2335.69351	0.02396
2333.76478	0.02390
2331.83604	0.02378
2329.90731	0.02365
2327.97858	0.02355
2326.04985	0.02343
2324.12112	0.02331
2322.19239	0.02328
2320.26366	0.02334
2318.33493	0.02343
2316.40619	0.02348
2314.47746	0.02350
2312.54873	0.02349
2310.62000	0.02351
2308.69127	0.02356
2306.76254	0.02363
2304.83381	0.02368
2302.90508	0.02371
2300.97634	0.02374
2299.04761	0.02377
2297.11888	0.02378
2295.19015	0.02378
2293.26142	0.02380
2291.33269	0.02385
2289.40396	0.02392
2287.47523	0.02400
2285.54650	0.02407
2283.61776	0.02412
2281.68903	0.02411
2279.76030	0.02411
2277.83157	0.02412
2275.90284	0.02413
2273.97411	0.02412
2272.04538	0.02411
2270.11665	0.02413
2268.18791	0.02414
2266.25918	0.02415
2264.33045	0.02415
2262.40172	0.02417
2260.47299	0.02420
2258.54426	0.02421
2256.61553	0.02421
2254.68680	0.02423
2252.75806	0.02426
2250.82933	0.02425
2248.90060	0.02416
2246.97187	0.02424
2245.04314	0.02431
2243.11441	0.02435
2241.18568	0.02439
2239.25695	0.02446
2237.32821	0.02452
2235.39948	0.02453
2233.47075	0.02452
2231.54202	0.02453
2229.61329	0.02453
2227.68456	0.02450
2225.75583	0.02445
2223.82710	0.02446
2221.89836	0.02451
2219.96963	0.02447
2218.04090	0.02439
2216.11217	0.02430
2214.18344	0.02426
2212.25471	0.02425
2210.32598	0.02423
2208.39725	0.02415
2206.46852	0.02401
2204.53978	0.02394
2202.61105	0.02397
2200.68232	0.02397
2198.75359	0.02395
2196.82486	0.02392
2194.89613	0.02383
2192.96740	0.02372
2191.03867	0.02368
2189.10993	0.02369
2187.18120	0.02372
2185.25247	0.02373
2183.32374	0.02368
2181.39501	0.02355
2179.46628	0.02346
2177.53755	0.02349
2175.60882	0.02357
2173.68008	0.02358
2171.75135	0.02351
2169.82262	0.02347
2167.89389	0.02349
2165.96516	0.02350
2164.03643	0.02345
2162.10770	0.02342
2160.17897	0.02344
2158.25023	0.02349
2156.32150	0.02352
2154.39277	0.02351
2152.46404	0.02349
2150.53531	0.02347
2148.60658	0.02342
2146.67785	0.02334
2144.74912	0.02331
2142.82038	0.02332
2140.89165	0.02328
2138.96292	0.02321
2137.03419	0.02317
2135.10546	0.02316
2133.17673	0.02316
2131.24800	0.02318
2129.31927	0.02317
2127.39054	0.02313
2125.46180	0.02308
2123.53307	0.02300
2121.60434	0.02294
2119.67561	0.02293
2117.74688	0.02289
2115.81815	0.02282
2113.88942	0.02281
2111.96069	0.02285
2110.03195	0.02282
2108.10322	0.02276
2106.17449	0.02269
2104.24576	0.02263
2102.31703	0.02259
2100.38830	0.02256
2098.45957	0.02252
2096.53084	0.02256
2094.60210	0.02260
2092.67337	0.02257
2090.74464	0.02249
2088.81591	0.02241
2086.88718	0.02239
2084.95845	0.02240
2083.02972	0.02240
2081.10099	0.02238
2079.17225	0.02234
2077.24352	0.02231
2075.31479	0.02233
2073.38606	0.02232
2071.45733	0.02227
2069.52860	0.02224
2067.59987	0.02225
2065.67114	0.02225
2063.74240	0.02225
2061.81367	0.02225
2059.88494	0.02223
2057.95621	0.02225
2056.02748	0.02233
2054.09875	0.02241
2052.17002	0.02248
2050.24129	0.02255
2048.31256	0.02264
2046.38382	0.02274
2044.45509	0.02287
2042.52636	0.02297
2040.59763	0.02307
2038.66890	0.02320
2036.74017	0.02334
2034.81144	0.02351
2032.88271	0.02368
2030.95397	0.02382
2029.02524	0.02390
2027.09651	0.02396
2025.16778	0.02403
2023.23905	0.02410
2021.31032	0.02422
2019.38159	0.02437
2017.45286	0.02450
2015.52412	0.02467
2013.59539	0.02486
2011.66666	0.02504
2009.73793	0.02521
2007.80920	0.02536
2005.88047	0.02544
2003.95174	0.02545
2002.02301	0.02544
2000.09427	0.02551
1998.16554	0.02563
1996.23681	0.02582
1994.30808	0.02594
1992.37935	0.02586
1990.45062	0.02580
1988.52189	0.02580
1986.59316	0.02580
1984.66442	0.02582
1982.73569	0.02582
1980.80696	0.02583
1978.87823	0.02588
1976.94950	0.02591
1975.02077	0.02587
1973.09204	0.02584
1971.16331	0.02590
1969.23458	0.02590
1967.30584	0.02578
1965.37711	0.02577
1963.44838	0.02582
1961.51965	0.02582
1959.59092	0.02579
1957.66219	0.02579
1955.73346	0.02581
1953.80473	0.02584
1951.87599	0.02585
1949.94726	0.02586
1948.01853	0.02591
1946.08980	0.02605
1944.16107	0.02606
1942.23234	0.02598
1940.30361	0.02609
1938.37488	0.02625
1936.44614	0.02633
1934.51741	0.02638
1932.58868	0.02643
1930.65995	0.02650
1928.73122	0.02655
1926.80249	0.02654
1924.87376	0.02647
1922.94503	0.02640
1921.01629	0.02650
1919.08756	0.02639
1917.15883	0.02631
1915.23010	0.02655
1913.30137	0.02682
1911.37264	0.02704
1909.44391	0.02723
1907.51518	0.02746
1905.58644	0.02774
1903.65771	0.02802
1901.72898	0.02828
1899.80025	0.02855
1897.87152	0.02890
1895.94279	0.02922
1894.01406	0.02964
1892.08533	0.03004
1890.15660	0.03015
1888.22786	0.03032
1886.29913	0.03063
1884.37040	0.03084
1882.44167	0.03101
1880.51294	0.03117
1878.58421	0.03130
1876.65548	0.03141
1874.72675	0.03161
1872.79801	0.03193
1870.86928	0.03191
1868.94055	0.03149
1867.01182	0.03125
1865.08309	0.03116
1863.15436	0.03095
1861.22563	0.03065
1859.29690	0.03031
1857.36816	0.02993
1855.43943	0.02952
1853.51070	0.02908
1851.58197	0.02867
1849.65324	0.02842
1847.72451	0.02835
1845.79578	0.02783
1843.86705	0.02699
1841.93831	0.02668
1840.00958	0.02657
1838.08085	0.02633
1836.15212	0.02626
1834.22339	0.02647
1832.29466	0.02659
1830.36593	0.02640
1828.43720	0.02633
1826.50846	0.02625
1824.57973	0.02611
1822.65100	0.02622
1820.72227	0.02635
1818.79354	0.02635
1816.86481	0.02645
1814.93608	0.02675
1813.00735	0.02696
1811.07862	0.02695
1809.14988	0.02694
1807.22115	0.02705
1805.29242	0.02719
1803.36369	0.02713
1801.43496	0.02693
1799.50623	0.02703
1797.57750	0.02756
1795.64877	0.02811
1793.72003	0.02805
1791.79130	0.02768
1789.86257	0.02773
1787.93384	0.02783
1786.00511	0.02766
1784.07638	0.02767
1782.14765	0.02787
1780.21892	0.02800
1778.29018	0.02829
1776.36145	0.02882
1774.43272	0.02900
1772.50399	0.02862
1770.57526	0.02819
1768.64653	0.02783
1766.71780	0.02791
1764.78907	0.02837
1762.86033	0.02837
1760.93160	0.02825
1759.00287	0.02825
1757.07414	0.02824
1755.14541	0.02867
1753.21668	0.02911
1751.28795	0.02905
1749.35922	0.02902
1747.43048	0.02922
1745.50175	0.02961
1743.57302	0.03014
1741.64429	0.03064
1739.71556	0.03139
1737.78683	0.03280
1735.85810	0.03355
1733.92937	0.03334
1732.00064	0.03358
1730.07190	0.03399
1728.14317	0.03433
1726.21444	0.03483
1724.28571	0.03558
1722.35698	0.03692
1720.42825	0.03825
1718.49952	0.03863
1716.57079	0.03864
1714.64205	0.03896
1712.71332	0.03955
1710.78459	0.04041
1708.85586	0.04142
1706.92713	0.04246
1704.99840	0.04404
1703.06967	0.04594
1701.14094	0.04708
1699.21220	0.04831
1697.28347	0.04940
1695.35474	0.05002
1693.42601	0.05138
1691.49728	0.05299
1689.56855	0.05501
1687.63982	0.05754
1685.71109	0.05912
1683.78235	0.06005
1681.85362	0.06162
1679.92489	0.06341
1677.99616	0.06513
1676.06743	0.06664
1674.13870	0.06834
1672.20997	0.06991
1670.28124	0.07067
1668.35250	0.07171
1666.42377	0.07333
1664.49504	0.07445
1662.56631	0.07513
1660.63758	0.07626
1658.70885	0.07819
1656.78012	0.08044
1654.85139	0.08125
1652.92266	0.08109
1650.99392	0.08252
1649.06519	0.08359
1647.13646	0.08333
1645.20773	0.08344
1643.27900	0.08421
1641.35027	0.08515
1639.42154	0.08626
1637.49281	0.08655
1635.56407	0.08579
1633.63534	0.08541
1631.70661	0.08530
1629.77788	0.08481
1627.84915	0.08427
1625.92042	0.08361
1623.99169	0.08235
1622.06296	0.08130
1620.13422	0.08066
1618.20549	0.07898
1616.27676	0.07646
1614.34803	0.07452
1612.41930	0.07272
1610.49057	0.07062
1608.56184	0.06851
1606.63311	0.06656
1604.70437	0.06472
1602.77564	0.06291
1600.84691	0.06121
1598.91818	0.05966
1596.98945	0.05816
1595.06072	0.05667
1593.13199	0.05528
1591.20326	0.05404
1589.27452	0.05291
1587.34579	0.05186
1585.41706	0.05081
1583.48833	0.04985
1581.55960	0.04935
1579.63087	0.04923
1577.70214	0.04829
1575.77341	0.04684
1573.84468	0.04642
1571.91594	0.04604
1569.98721	0.04494
1568.05848	0.04409
1566.12975	0.04372
1564.20102	0.04418
1562.27229	0.04522
1560.34356	0.04491
1558.41483	0.04349
1556.48609	0.04256
1554.55736	0.04153
1552.62863	0.04067
1550.69990	0.04020
1548.77117	0.04012
1546.84244	0.04049
1544.91371	0.04109
1542.98498	0.04139
1541.05624	0.04037
1539.12751	0.03903
1537.19878	0.03883
1535.27005	0.03833
1533.34132	0.03736
1531.41259	0.03705
1529.48386	0.03695
1527.55513	0.03660
1525.62639	0.03640
1523.69766	0.03595
1521.76893	0.03477
1519.84020	0.03376
1517.91147	0.03285
1515.98274	0.03179
1514.05401	0.03109
1512.12528	0.03090
1510.19654	0.03093
1508.26781	0.02972
1506.33908	0.02766
1504.41035	0.02686
1502.48162	0.02680
1500.55289	0.02646
1498.62416	0.02582
1496.69543	0.02509
1494.76670	0.02499
1492.83796	0.02508
1490.90923	0.02455
1488.98050	0.02387
1487.05177	0.02350
1485.12304	0.02336
1483.19431	0.02321
1481.26558	0.02312
1479.33685	0.02335
1477.40811	0.02380
1475.47938	0.02410
1473.55065	0.02389
1471.62192	0.02382
1469.69319	0.02439
1467.76446	0.02476
1465.83573	0.02460
1463.90700	0.02479
1461.97826	0.02583
1460.04953	0.02662
1458.12080	0.02616
1456.19207	0.02569
1454.26334	0.02620
1452.33461	0.02667
1450.40588	0.02681
1448.47715	0.02681
1446.54841	0.02691
1444.61968	0.02715
1442.69095	0.02756
1440.76222	0.02831
1438.83349	0.02871
1436.90476	0.02843
1434.97603	0.02844
1433.04730	0.02861
1431.11856	0.02843
1429.18983	0.02835
1427.26110	0.02852
1425.33237	0.02873
1423.40364	0.02917
1421.47491	0.02945
1419.54618	0.02913
1417.61745	0.02899
1415.68872	0.02924
1413.75998	0.02940
1411.83125	0.02953
1409.90252	0.02979
1407.97379	0.03012
1406.04506	0.03028
1404.11633	0.03048
1402.18760	0.03076
1400.25887	0.03074
1398.33013	0.03045
1396.40140	0.02993
1394.47267	0.02926
1392.54394	0.02897
1390.61521	0.02878
1388.68648	0.02817
1386.75775	0.02754
1384.82902	0.02728
1382.90028	0.02722
1380.97155	0.02728
1379.04282	0.02743
1377.11409	0.02745
1375.18536	0.02718
1373.25663	0.02692
1371.32790	0.02687
1369.39917	0.02674
1367.47043	0.02666
1365.54170	0.02657
1363.61297	0.02619
1361.68424	0.02587
1359.75551	0.02588
1357.82678	0.02595
1355.89805	0.02593
1353.96932	0.02594
1352.04058	0.02602
1350.11185	0.02610
1348.18312	0.02620
1346.25439	0.02637
1344.32566	0.02661
1342.39693	0.02682
1340.46820	0.02688
1338.53947	0.02697
1336.61074	0.02720
1334.68200	0.02744
1332.75327	0.02740
1330.82454	0.02649
1328.89581	0.02602
1326.96708	0.02580
1325.03835	0.02560
1323.10962	0.02543
1321.18089	0.02527
1319.25215	0.02512
1317.32342	0.02508
1315.39469	0.02512
1313.46596	0.02512
1311.53723	0.02510
1309.60850	0.02512
1307.67977	0.02527
1305.75104	0.02558
1303.82230	0.02599
1301.89357	0.02640
1299.96484	0.02681
1298.03611	0.02729
1296.10738	0.02791
1294.17865	0.02862
1292.24992	0.02941
1290.32119	0.03034
1288.39245	0.03141
1286.46372	0.03259
1284.53499	0.03387
1282.60626	0.03526
1280.67753	0.03685
1278.74880	0.03863
1276.82007	0.04062
1274.89134	0.04285
1272.96260	0.04540
1271.03387	0.04838
1269.10514	0.05183
1267.17641	0.05573
1265.24768	0.06015
1263.31895	0.06515
1261.39022	0.07074
1259.46149	0.07694
1257.53276	0.08364
1255.60402	0.09062
1253.67529	0.09770
1251.74656	0.10471
1249.81783	0.11146
1247.88910	0.11780
1245.96037	0.12368
1244.03164	0.12909
1242.10291	0.13397
1240.17417	0.13831
1238.24544	0.14220
1236.31671	0.14573
1234.38798	0.14893
1232.45925	0.15182
1230.53052	0.15451
1228.60179	0.15702
1226.67306	0.15938
1224.74432	0.16170
1222.81559	0.16403
1220.88686	0.16629
1218.95813	0.16851
1217.02940	0.17074
1215.10067	0.17301
1213.17194	0.17534
1211.24321	0.17780
1209.31447	0.18037
1207.38574	0.18296
1205.45701	0.18557
1203.52828	0.18833
1201.59955	0.19121
1199.67082	0.19412
1197.74209	0.19689
1195.81336	0.19981
1193.88462	0.20277
1191.95589	0.20564
1190.02716	0.20835
1188.09843	0.21086
1186.16970	0.21334
1184.24097	0.21597
1182.31224	0.21867
1180.38351	0.22123
1178.45478	0.22355
1176.52604	0.22579
1174.59731	0.22812
1172.66858	0.23050
1170.73985	0.23282
1168.81112	0.23498
1166.88239	0.23693
1164.95366	0.23890
1163.02493	0.24101
1161.09619	0.24287
1159.16746	0.24426
1157.23873	0.24542
1155.31000	0.24654
1153.38127	0.24773
1151.45254	0.24907
1149.52381	0.25040
1147.59508	0.25159
1145.66634	0.25284
1143.73761	0.25433
1141.80888	0.25595
1139.88015	0.25747
1137.95142	0.25884
1136.02269	0.26034
1134.09396	0.26220
1132.16523	0.26436
1130.23649	0.26671
1128.30776	0.26921
1126.37903	0.27182
1124.45030	0.27457
1122.52157	0.27754
1120.59284	0.28085
1118.66411	0.28464
1116.73538	0.28892
1114.80664	0.29359
1112.87791	0.29867
1110.94918	0.30399
1109.02045	0.30935
1107.09172	0.31460
1105.16299	0.31956
1103.23426	0.32414
1101.30553	0.32824
1099.37680	0.33159
1097.44806	0.33423
1095.51933	0.33650
1093.59060	0.33840
1091.66187	0.33969
1089.73314	0.34049
1087.80441	0.34093
1085.87568	0.34088
1083.94695	0.34049
1082.01821	0.34006
1080.08948	0.33954
1078.16075	0.33871
1076.23202	0.33772
1074.30329	0.33678
1072.37456	0.33589
1070.44583	0.33505
1068.51710	0.33433
1066.58836	0.33381
1064.65963	0.33340
1062.73090	0.33286
1060.80217	0.33224
1058.87344	0.33153
1056.94471	0.33064
1055.01598	0.32978
1053.08725	0.32910
1051.15851	0.32848
1049.22978	0.32788
1047.30105	0.32727
1045.37232	0.32656
1043.44359	0.32588
1041.51486	0.32534
1039.58613	0.32475
1037.65740	0.32412
1035.72866	0.32378
1033.79993	0.32372
1031.87120	0.32367
1029.94247	0.32359
1028.01374	0.32349
1026.08501	0.32352
1024.15628	0.32367
1022.22755	0.32366
1020.29882	0.32346
1018.37008	0.32348
1016.44135	0.32357
1014.51262	0.32335
1012.58389	0.32301
1010.65516	0.32260
1008.72643	0.32175
1006.79770	0.32002
1004.86897	0.31733
1002.94023	0.31406
1001.01150	0.31047
999.08277	0.30636
997.15404	0.30172
995.22531	0.29670
993.29658	0.29146
991.36785	0.28615
989.43912	0.28079
987.51038	0.27532
985.58165	0.26971
983.65292	0.26408
981.72419	0.25864
979.79546	0.25375
977.86673	0.24902
975.93800	0.24450
974.00927	0.24016
972.08053	0.23588
970.15180	0.23164
968.22307	0.22745
966.29434	0.22304
964.36561	0.21826
962.43688	0.21323
960.50815	0.20826
958.57942	0.20355
956.65068	0.19896
954.72195	0.19430
952.79322	0.18958
950.86449	0.18485
948.93576	0.18030
947.00703	0.17595
945.07830	0.17147
943.14957	0.16690
941.22084	0.16252
939.29210	0.15828
937.36337	0.15406
935.43464	0.14984
933.50591	0.14569
931.57718	0.14163
929.64845	0.13752
927.71972	0.13339
925.79099	0.12951
923.86225	0.12572
921.93352	0.12187
920.00479	0.11808
918.07606	0.11437
916.14733	0.11056
914.21860	0.10669
912.28987	0.10278
910.36114	0.09867
908.43240	0.09424
906.50367	0.08950
904.57494	0.08471
902.64621	0.08010
900.71748	0.07551
898.78875	0.07085
896.86002	0.06638
894.93129	0.06202
893.00255	0.05758
891.07382	0.05336
889.14509	0.04963
887.21636	0.04612
885.28763	0.04260
883.35890	0.03915
881.43017	0.03587
879.50144	0.03287
877.57270	0.03022
875.64397	0.02787
873.71524	0.02563
871.78651	0.02341
869.85778	0.02108
867.92905	0.01866
866.00032	0.01641
864.07159	0.01438
862.14286	0.01238
860.21412	0.01030
858.28539	0.00817
856.35666	0.00617
854.42793	0.00435
852.49920	0.00263
850.57047	0.00106
848.64174	-0.00021
846.71301	-0.00118
844.78427	-0.00194
842.85554	-0.00240
840.92681	-0.00249
838.99808	-0.00226
837.06935	-0.00162
835.14062	-0.00049
833.21189	0.00077
831.28316	0.00172
829.35442	0.00261
827.42569	0.00382
825.49696	0.00527
823.56823	0.00681
821.63950	0.00854
819.71077	0.01048
817.78204	0.01272
815.85331	0.01540
813.92457	0.01842
811.99584	0.02165
810.06711	0.02504
808.13838	0.02861
806.20965	0.03241
804.28092	0.03611
802.35219	0.03913
800.42346	0.04125
798.49472	0.04254
796.56599	0.04308
794.63726	0.04308
792.70853	0.04311
790.77980	0.04326
788.85107	0.04322
786.92234	0.04307
784.99361	0.04307
783.06488	0.04312
781.13614	0.04267
779.20741	0.04129
777.27868	0.03916
775.34995	0.03668
773.42122	0.03415
771.49249	0.03200
769.56376	0.03054
767.63503	0.02977
765.70629	0.02963
763.77756	0.02981
761.84883	0.02970
759.92010	0.02940
757.99137	0.02931
756.06264	0.02941
754.13391	0.02957
752.20518	0.02981
750.27644	0.03000
748.34771	0.03006
746.41898	0.03012
744.49025	0.03008
742.56152	0.02964
740.63279	0.02885
738.70406	0.02823
736.77533	0.02786
734.84659	0.02749
732.91786	0.02721
730.98913	0.02707
729.06040	0.02705
727.13167	0.02710
725.20294	0.02691
723.27421	0.02608
721.34548	0.02550
719.41674	0.02507
717.48801	0.02461
715.55928	0.02418
713.63055	0.02393
711.70182	0.02409
709.77309	0.02442
707.84436	0.02448
705.91563	0.02434
703.98690	0.02443
702.05816	0.02510
700.12943	0.02625
698.20070	0.02759
696.27197	0.02887
694.34324	0.02982
692.41451	0.03027
690.48578	0.03034
688.55705	0.03043
686.62831	0.03070
684.69958	0.03095
682.77085	0.03113
680.84212	0.03121
678.91339	0.03087
676.98466	0.03031
675.05593	0.02957
673.12720	0.02857
671.19846	0.02750
669.26973	0.02655
667.34100	0.02516
665.41227	0.02377
663.48354	0.02310
661.55481	0.02240
659.62608	0.02120
657.69735	0.02028
655.76861	0.02006
653.83988	0.02041
651.91115	0.02097
649.98242	0.02163
648.05369	0.02262
646.12496	0.02394
644.19623	0.02543
642.26750	0.02692
640.33876	0.02816
638.41003	0.02890
636.48130	0.02914
634.55257	0.02881
632.62384	0.02802
630.69511	0.02711
628.76638	0.02614
626.83765	0.02500
624.90892	0.02365
622.98018	0.02256
621.05145	0.02191
619.12272	0.02175
617.19399	0.02222
615.26526	0.02331
613.33653	0.02499
611.40780	0.02698
609.47907	0.02866
607.55033	0.02982
605.62160	0.03090
603.69287	0.03225
601.76414	0.03362
599.83541	0.03479
597.90668	0.03565
595.97795	0.03614
594.04922	0.03652
592.12048	0.03711
590.19175	0.03783
588.26302	0.03839
586.33429	0.03869
584.40556	0.03863
582.47683	0.03813
580.54810	0.03728
578.61937	0.03621
576.69063	0.03481
574.76190	0.03333
572.83317	0.03230
570.90444	0.03127
568.97571	0.02771
567.04698	0.02421
565.11825	0.02114
563.18952	0.01826
561.26078	0.01580
559.33205	0.01388
557.40332	0.01212
555.47459	0.01044
553.54586	0.00913
551.61713	0.00799
549.68840	0.00695
547.75967	0.00699
545.83094	0.00880
543.90220	0.01106
541.97347	0.01201
540.04474	0.01136
538.11601	0.00935
536.18728	0.00652
534.25855	0.00383
532.32982	0.00153
530.40109	-0.00082
528.47235	-0.00354
526.54362	-0.00678
524.61489	-0.00997
522.68616	-0.01268
520.75743	-0.01505
518.82870	-0.01730
516.89997	-0.01937
514.97124	-0.02105
513.04250	-0.02236
511.11377	-0.02343
509.18504	-0.02421
507.25631	-0.02422
505.32758	-0.02343
503.39885	-0.02210
501.47012	-0.01942
499.54139	-0.01546
497.61265	-0.01199
495.68392	-0.00981
493.75519	-0.00759
491.82646	-0.00399
489.89773	0.00035
487.96900	0.00423
486.04027	0.00793
484.11154	0.01284
482.18280	0.01931
480.25407	0.02529
478.32534	0.02922
476.39661	0.03244
474.46788	0.03665
472.53915	0.04099
470.61042	0.04318
468.68169	0.04260
466.75296	0.04105
464.82422	0.03943
462.89549	0.03749
460.96676	0.03598
459.03803	0.03628
457.10930	0.03685
455.18057	0.03933
453.25184	0.04231
451.32311	0.04276
449.39437	0.04028
447.46564	0.03808
445.53691	0.03944
443.60818	0.04209
441.67945	0.04132
439.75072	0.03819
437.82199	0.03606
435.89326	0.03439
433.96452	0.03210
432.03579	0.03014
430.10706	0.02842
428.17833	0.02464
426.24960	0.01821
424.32087	0.01188
422.39214	0.00842
420.46341	0.00840
418.53467	0.00924
416.60594	0.00701
414.67721	0.00311
412.74848	0.00145
410.81975	0.00374
408.89102	0.01047
406.96229	0.01221
405.03356	0.01505
403.10482	0.01989
401.17609	0.02291
399.24736	0.02297
397.31863	0.02142
395.38990	0.01965
393.46117	0.01764
391.53244	0.01363
389.60371	0.00791
387.67498	0.00308
385.74624	0.00006
383.81751	-0.00508
381.88878	-0.01683
379.96005	-0.02966
378.03132	-0.03276
376.10259	-0.02026
374.17386	0.00351
372.24513	0.02274
370.31639	0.02236
368.38766	0.00198
