7496.97825	-0.00350
7495.04952	-0.00159
7493.12079	0.00008
7491.19206	-0.00034
7489.26333	0.00009
7487.33459	0.00348
7485.40586	0.00545
7483.47713	0.00306
7481.54840	0.00030
7479.61967	0.00001
7477.69094	0.00038
7475.76221	0.00012
7473.83348	-0.00007
7471.90474	0.00033
7469.97601	0.00079
7468.04728	0.00092
7466.11855	0.00126
7464.18982	0.00158
7462.26109	0.00167
7460.33236	0.00190
7458.40363	0.00199
7456.47489	0.00203
7454.54616	0.00249
7452.61743	0.00290
7450.68870	0.00312
7448.75997	0.00306
7446.83124	0.00183
7444.90251	0.00090
7442.97378	0.00232
7441.04504	0.00498
7439.11631	0.00717
7437.18758	0.00694
7435.25885	0.00350
7433.33012	0.00091
7431.40139	0.00290
7429.47266	0.00740
7427.54393	0.01037
7425.61520	0.01083
7423.68646	0.00971
7421.75773	0.00683
7419.82900	0.00288
7417.90027	0.00156
7415.97154	0.00482
7414.04281	0.00868
7412.11408	0.00971
7410.18535	0.00993
7408.25661	0.01062
7406.32788	0.01057
7404.39915	0.00994
7402.47042	0.00943
7400.54169	0.00924
7398.61296	0.00901
7396.68423	0.00819
7394.75550	0.00719
7392.82676	0.00625
7390.89803	0.00519
7388.96930	0.00441
7387.04057	0.00439
7385.11184	0.00531
7383.18311	0.00598
7381.25438	0.00485
7379.32565	0.00280
7377.39691	0.00210
7375.46818	0.00337
7373.53945	0.00535
7371.61072	0.00662
7369.68199	0.00731
7367.75326	0.00809
7365.82453	0.00883
7363.89580	0.00928
7361.96706	0.00911
7360.03833	0.00817
7358.10960	0.00684
7356.18087	0.00551
7354.25214	0.00548
7352.32341	0.00734
7350.39468	0.00958
7348.46595	0.01138
7346.53722	0.01233
7344.60848	0.01075
7342.67975	0.00783
7340.75102	0.00833
7338.82229	0.01137
7336.89356	0.01073
7334.96483	0.00671
7333.03610	0.00456
7331.10737	0.00441
7329.17863	0.00288
7327.24990	0.00044
7325.32117	0.00021
7323.39244	0.00363
7321.46371	0.00917
7319.53498	0.01334
7317.60625	0.01428
7315.67752	0.01307
7313.74878	0.01119
7311.82005	0.00947
7309.89132	0.00837
7307.96259	0.00721
7306.03386	0.00546
7304.10513	0.00513
7302.17640	0.00726
7300.24767	0.00970
7298.31893	0.01107
7296.39020	0.01188
7294.46147	0.01174
7292.53274	0.00985
7290.60401	0.00810
7288.67528	0.00881
7286.74655	0.01063
7284.81782	0.01082
7282.88908	0.00961
7280.96035	0.00964
7279.03162	0.01172
7277.10289	0.01332
7275.17416	0.01265
7273.24543	0.01098
7271.31670	0.01052
7269.38797	0.01245
7267.45924	0.01542
7265.53050	0.01661
7263.60177	0.01510
7261.67304	0.01164
7259.74431	0.00810
7257.81558	0.00746
7255.88685	0.00960
7253.95812	0.01059
7252.02939	0.00944
7250.10065	0.00926
7248.17192	0.01109
7246.24319	0.01250
7244.31446	0.01106
7242.38573	0.00834
7240.45700	0.00867
7238.52827	0.01192
7236.59954	0.01442
7234.67080	0.01457
7232.74207	0.01364
7230.81334	0.01323
7228.88461	0.01363
7226.95588	0.01435
7225.02715	0.01461
7223.09842	0.01392
7221.16969	0.01367
7219.24095	0.01533
7217.31222	0.01756
7215.38349	0.01801
7213.45476	0.01655
7211.52603	0.01551
7209.59730	0.01602
7207.66857	0.01621
7205.73984	0.01516
7203.81110	0.01388
7201.88237	0.01314
7199.95364	0.01402
7198.02491	0.01618
7196.09618	0.01721
7194.16745	0.01650
7192.23872	0.01559
7190.30999	0.01545
7188.38126	0.01631
7186.45252	0.01806
7184.52379	0.01954
7182.59506	0.01948
7180.66633	0.01851
7178.73760	0.01772
7176.80887	0.01665
7174.88014	0.01579
7172.95141	0.01603
7171.02267	0.01597
7169.09394	0.01470
7167.16521	0.01405
7165.23648	0.01582
7163.30775	0.01894
7161.37902	0.02006
7159.45029	0.01824
7157.52156	0.01626
7155.59282	0.01575
7153.66409	0.01623
7151.73536	0.01713
7149.80663	0.01793
7147.87790	0.01875
7145.94917	0.01978
7144.02044	0.01934
7142.09171	0.01681
7140.16297	0.01463
7138.23424	0.01476
7136.30551	0.01674
7134.37678	0.01838
7132.44805	0.01742
7130.51932	0.01476
7128.59059	0.01399
7126.66186	0.01570
7124.73312	0.01625
7122.80439	0.01431
7120.87566	0.01327
7118.94693	0.01495
7117.01820	0.01658
7115.08947	0.01623
7113.16074	0.01497
7111.23201	0.01411
7109.30328	0.01388
7107.37454	0.01358
7105.44581	0.01394
7103.51708	0.01616
7101.58835	0.01861
7099.65962	0.01908
7097.73089	0.01737
7095.80216	0.01522
7093.87343	0.01448
7091.94469	0.01514
7090.01596	0.01613
7088.08723	0.01713
7086.15850	0.01782
7084.22977	0.01738
7082.30104	0.01661
7080.37231	0.01654
7078.44358	0.01614
7076.51484	0.01530
7074.58611	0.01490
7072.65738	0.01453
7070.72865	0.01418
7068.79992	0.01451
7066.87119	0.01574
7064.94246	0.01770
7063.01373	0.01910
7061.08499	0.01855
7059.15626	0.01677
7057.22753	0.01556
7055.29880	0.01575
7053.37007	0.01653
7051.44134	0.01704
7049.51261	0.01785
7047.58388	0.01926
7045.65514	0.02044
7043.72641	0.02028
7041.79768	0.01872
7039.86895	0.01789
7037.94022	0.01844
7036.01149	0.01801
7034.08276	0.01628
7032.15403	0.01570
7030.22530	0.01698
7028.29656	0.01836
7026.36783	0.01872
7024.43910	0.01833
7022.51037	0.01766
7020.58164	0.01783
7018.65291	0.01879
7016.72418	0.01849
7014.79545	0.01716
7012.86671	0.01672
7010.93798	0.01641
7009.00925	0.01531
7007.08052	0.01576
7005.15179	0.01921
7003.22306	0.02220
7001.29433	0.02109
6999.36560	0.01780
6997.43686	0.01623
6995.50813	0.01625
6993.57940	0.01604
6991.65067	0.01599
6989.72194	0.01692
6987.79321	0.01830
6985.86448	0.01891
6983.93575	0.01837
6982.00701	0.01705
6980.07828	0.01555
6978.14955	0.01490
6976.22082	0.01511
6974.29209	0.01487
6972.36336	0.01478
6970.43463	0.01580
6968.50590	0.01604
6966.57716	0.01488
6964.64843	0.01469
6962.71970	0.01584
6960.79097	0.01650
6958.86224	0.01612
6956.93351	0.01600
6955.00478	0.01690
6953.07605	0.01769
6951.14732	0.01750
6949.21858	0.01644
6947.28985	0.01478
6945.36112	0.01368
6943.43239	0.01409
6941.50366	0.01593
6939.57493	0.01852
6937.64620	0.01985
6935.71747	0.01851
6933.78873	0.01647
6931.86000	0.01548
6929.93127	0.01449
6928.00254	0.01298
6926.07381	0.01201
6924.14508	0.01200
6922.21635	0.01279
6920.28762	0.01446
6918.35888	0.01637
6916.43015	0.01758
6914.50142	0.01809
6912.57269	0.01800
6910.64396	0.01756
6908.71523	0.01767
6906.78650	0.01835
6904.85777	0.01823
6902.92903	0.01687
6901.00030	0.01583
6899.07157	0.01643
6897.14284	0.01771
6895.21411	0.01794
6893.28538	0.01771
6891.35665	0.01806
6889.42792	0.01790
6887.49918	0.01728
6885.57045	0.01720
6883.64172	0.01666
6881.71299	0.01508
6879.78426	0.01393
6877.85553	0.01392
6875.92680	0.01445
6873.99807	0.01528
6872.06934	0.01592
6870.14060	0.01634
6868.21187	0.01698
6866.28314	0.01753
6864.35441	0.01787
6862.42568	0.01813
6860.49695	0.01808
6858.56822	0.01790
6856.63949	0.01809
6854.71075	0.01837
6852.78202	0.01835
6850.85329	0.01861
6848.92456	0.01882
6846.99583	0.01845
6845.06710	0.01914
6843.13837	0.02078
6841.20964	0.02095
6839.28090	0.01957
6837.35217	0.01860
6835.42344	0.01815
6833.49471	0.01701
6831.56598	0.01549
6829.63725	0.01480
6827.70852	0.01450
6825.77979	0.01419
6823.85105	0.01545
6821.92232	0.01723
6819.99359	0.01677
6818.06486	0.01571
6816.13613	0.01655
6814.20740	0.01810
6812.27867	0.01815
6810.34994	0.01669
6808.42120	0.01596
6806.49247	0.01738
6804.56374	0.01958
6802.63501	0.02029
6800.70628	0.01926
6798.77755	0.01794
6796.84882	0.01695
6794.92009	0.01594
6792.99136	0.01493
6791.06262	0.01451
6789.13389	0.01494
6787.20516	0.01594
6785.27643	0.01709
6783.34770	0.01724
6781.41897	0.01566
6779.49024	0.01415
6777.56151	0.01457
6775.63277	0.01620
6773.70404	0.01749
6771.77531	0.01844
6769.84658	0.01935
6767.91785	0.01926
6765.98912	0.01871
6764.06039	0.01939
6762.13166	0.02015
6760.20292	0.01952
6758.27419	0.01852
6756.34546	0.01704
6754.41673	0.01467
6752.48800	0.01404
6750.55927	0.01569
6748.63054	0.01691
6746.70181	0.01709
6744.77307	0.01670
6742.84434	0.01652
6740.91561	0.01772
6738.98688	0.01847
6737.05815	0.01714
6735.12942	0.01583
6733.20069	0.01683
6731.27196	0.01901
6729.34322	0.01962
6727.41449	0.01857
6725.48576	0.01746
6723.55703	0.01693
6721.62830	0.01673
6719.69957	0.01642
6717.77084	0.01605
6715.84211	0.01562
6713.91338	0.01544
6711.98464	0.01640
6710.05591	0.01831
6708.12718	0.01980
6706.19845	0.01969
6704.26972	0.01859
6702.34099	0.01772
6700.41226	0.01695
6698.48353	0.01651
6696.55479	0.01649
6694.62606	0.01614
6692.69733	0.01627
6690.76860	0.01749
6688.83987	0.01841
6686.91114	0.01833
6684.98241	0.01836
6683.05368	0.01933
6681.12494	0.01995
6679.19621	0.01916
6677.26748	0.01826
6675.33875	0.01829
6673.41002	0.01853
6671.48129	0.01862
6669.55256	0.01897
6667.62383	0.01918
6665.69509	0.01877
6663.76636	0.01819
6661.83763	0.01757
6659.90890	0.01688
6657.98017	0.01631
6656.05144	0.01606
6654.12271	0.01617
6652.19398	0.01652
6650.26524	0.01754
6648.33651	0.01890
6646.40778	0.01924
6644.47905	0.01828
6642.55032	0.01691
6640.62159	0.01613
6638.69286	0.01645
6636.76413	0.01718
6634.83540	0.01727
6632.90666	0.01724
6630.97793	0.01767
6629.04920	0.01785
6627.12047	0.01739
6625.19174	0.01691
6623.26301	0.01699
6621.33428	0.01671
6619.40555	0.01573
6617.47681	0.01582
6615.54808	0.01693
6613.61935	0.01727
6611.69062	0.01732
6609.76189	0.01815
6607.83316	0.01909
6605.90443	0.01910
6603.97570	0.01821
6602.04696	0.01719
6600.11823	0.01675
6598.18950	0.01704
6596.26077	0.01769
6594.33204	0.01804
6592.40331	0.01780
6590.47458	0.01740
6588.54585	0.01749
6586.61711	0.01825
6584.68838	0.01884
6582.75965	0.01855
6580.83092	0.01807
6578.90219	0.01817
6576.97346	0.01874
6575.04473	0.01888
6573.11600	0.01796
6571.18726	0.01684
6569.25853	0.01660
6567.32980	0.01718
6565.40107	0.01788
6563.47234	0.01833
6561.54361	0.01876
6559.61488	0.01918
6557.68615	0.01911
6555.75742	0.01820
6553.82868	0.01713
6551.89995	0.01725
6549.97122	0.01871
6548.04249	0.02005
6546.11376	0.02019
6544.18503	0.01951
6542.25630	0.01854
6540.32757	0.01759
6538.39883	0.01722
6536.47010	0.01698
6534.54137	0.01639
6532.61264	0.01626
6530.68391	0.01684
6528.75518	0.01760
6526.82645	0.01827
6524.89772	0.01860
6522.96898	0.01823
6521.04025	0.01767
6519.11152	0.01767
6517.18279	0.01782
6515.25406	0.01803
6513.32533	0.01830
6511.39660	0.01751
6509.46787	0.01653
6507.53913	0.01699
6505.61040	0.01768
6503.68167	0.01737
6501.75294	0.01685
6499.82421	0.01669
6497.89548	0.01688
6495.96675	0.01741
6494.03802	0.01805
6492.10928	0.01841
6490.18055	0.01781
6488.25182	0.01650
6486.32309	0.01603
6484.39436	0.01666
6482.46563	0.01716
6480.53690	0.01704
6478.60817	0.01720
6476.67944	0.01778
6474.75070	0.01731
6472.82197	0.01604
6470.89324	0.01590
6468.96451	0.01688
6467.03578	0.01751
6465.10705	0.01722
6463.17832	0.01672
6461.24959	0.01694
6459.32085	0.01779
6457.39212	0.01847
6455.46339	0.01860
6453.53466	0.01847
6451.60593	0.01846
6449.67720	0.01875
6447.74847	0.01922
6445.81974	0.01944
6443.89100	0.01955
6441.96227	0.01997
6440.03354	0.02037
6438.10481	0.02032
6436.17608	0.01990
6434.24735	0.01954
6432.31862	0.01957
6430.38989	0.01958
6428.46115	0.01983
6426.53242	0.02055
6424.60369	0.02060
6422.67496	0.02003
6420.74623	0.01985
6418.81750	0.02004
6416.88877	0.02047
6414.96004	0.02099
6413.03130	0.02099
6411.10257	0.02016
6409.17384	0.01893
6407.24511	0.01793
6405.31638	0.01769
6403.38765	0.01808
6401.45892	0.01819
6399.53019	0.01749
6397.60146	0.01676
6395.67272	0.01661
6393.74399	0.01647
6391.81526	0.01645
6389.88653	0.01695
6387.95780	0.01733
6386.02907	0.01768
6384.10034	0.01881
6382.17161	0.01961
6380.24287	0.01914
6378.31414	0.01889
6376.38541	0.01926
6374.45668	0.01932
6372.52795	0.01954
6370.59922	0.02011
6368.67049	0.02023
6366.74176	0.01989
6364.81302	0.01959
6362.88429	0.01958
6360.95556	0.01949
6359.02683	0.01898
6357.09810	0.01885
6355.16937	0.01955
6353.24064	0.02053
6351.31191	0.02106
6349.38317	0.02055
6347.45444	0.01956
6345.52571	0.01925
6343.59698	0.01987
6341.66825	0.02059
6339.73952	0.02041
6337.81079	0.01982
6335.88206	0.01960
6333.95332	0.01939
6332.02459	0.01933
6330.09586	0.01948
6328.16713	0.01920
6326.23840	0.01876
6324.30967	0.01900
6322.38094	0.01933
6320.45221	0.01893
6318.52348	0.01874
6316.59474	0.01933
6314.66601	0.02016
6312.73728	0.02102
6310.80855	0.02127
6308.87982	0.02063
6306.95109	0.02034
6305.02236	0.02075
6303.09363	0.02067
6301.16489	0.01975
6299.23616	0.01899
6297.30743	0.01907
6295.37870	0.01930
6293.44997	0.01866
6291.52124	0.01792
6289.59251	0.01858
6287.66378	0.01992
6285.73504	0.02035
6283.80631	0.01994
6281.87758	0.01964
6279.94885	0.01976
6278.02012	0.02018
6276.09139	0.02076
6274.16266	0.02141
6272.23393	0.02167
6270.30519	0.02115
6268.37646	0.02067
6266.44773	0.02055
6264.51900	0.01969
6262.59027	0.01852
6260.66154	0.01839
6258.73281	0.01895
6256.80408	0.01925
6254.87534	0.01919
6252.94661	0.01903
6251.01788	0.01935
6249.08915	0.01997
6247.16042	0.01994
6245.23169	0.01964
6243.30296	0.01956
6241.37423	0.01918
6239.44550	0.01853
6237.51676	0.01815
6235.58803	0.01822
6233.65930	0.01837
6231.73057	0.01838
6229.80184	0.01881
6227.87311	0.01973
6225.94438	0.02003
6224.01565	0.01925
6222.08691	0.01861
6220.15818	0.01880
6218.22945	0.01932
6216.30072	0.01976
6214.37199	0.01977
6212.44326	0.01936
6210.51453	0.01910
6208.58580	0.01910
6206.65706	0.01895
6204.72833	0.01863
6202.79960	0.01843
6200.87087	0.01806
6198.94214	0.01740
6197.01341	0.01691
6195.08468	0.01698
6193.15595	0.01760
6191.22721	0.01850
6189.29848	0.01917
6187.36975	0.01867
6185.44102	0.01749
6183.51229	0.01748
6181.58356	0.01870
6179.65483	0.01975
6177.72610	0.01980
6175.79736	0.01892
6173.86863	0.01809
6171.93990	0.01813
6170.01117	0.01884
6168.08244	0.01939
6166.15371	0.01909
6164.22498	0.01853
6162.29625	0.01866
6160.36752	0.01910
6158.43878	0.01923
6156.51005	0.01920
6154.58132	0.01924
6152.65259	0.01922
6150.72386	0.01920
6148.79513	0.01926
6146.86640	0.01918
6144.93767	0.01893
6143.00893	0.01895
6141.08020	0.01922
6139.15147	0.01917
6137.22274	0.01888
6135.29401	0.01887
6133.36528	0.01928
6131.43655	0.01990
6129.50782	0.02015
6127.57908	0.01952
6125.65035	0.01847
6123.72162	0.01805
6121.79289	0.01857
6119.86416	0.01939
6117.93543	0.01980
6116.00670	0.01978
6114.07797	0.01991
6112.14923	0.02003
6110.22050	0.01950
6108.29177	0.01903
6106.36304	0.01969
6104.43431	0.02081
6102.50558	0.02123
6100.57685	0.02103
6098.64812	0.02061
6096.71938	0.02003
6094.79065	0.01938
6092.86192	0.01898
6090.93319	0.01884
6089.00446	0.01865
6087.07573	0.01822
6085.14700	0.01796
6083.21827	0.01843
6081.28954	0.01945
6079.36080	0.02017
6077.43207	0.02024
6075.50334	0.02007
6073.57461	0.02007
6071.64588	0.02012
6069.71715	0.02011
6067.78842	0.01995
6065.85969	0.01950
6063.93095	0.01897
6062.00222	0.01861
6060.07349	0.01860
6058.14476	0.01927
6056.21603	0.02022
6054.28730	0.02037
6052.35857	0.01969
6050.42984	0.01916
6048.50110	0.01929
6046.57237	0.01970
6044.64364	0.01970
6042.71491	0.01942
6040.78618	0.01937
6038.85745	0.01950
6036.92872	0.01961
6034.99999	0.01951
6033.07125	0.01939
6031.14252	0.01952
6029.21379	0.01950
6027.28506	0.01947
6025.35633	0.01984
6023.42760	0.02003
6021.49887	0.01984
6019.57014	0.01975
6017.64140	0.01963
6015.71267	0.01929
6013.78394	0.01918
6011.85521	0.01952
6009.92648	0.01996
6007.99775	0.02034
6006.06902	0.02061
6004.14029	0.02048
6002.21156	0.01997
6000.28282	0.01963
5998.35409	0.01954
5996.42536	0.01943
5994.49663	0.01961
5992.56790	0.02015
5990.63917	0.02044
5988.71044	0.02021
5986.78171	0.01974
5984.85297	0.01948
5982.92424	0.01968
5980.99551	0.02033
5979.06678	0.02091
5977.13805	0.02088
5975.20932	0.02048
5973.28059	0.02018
5971.35186	0.02007
5969.42312	0.02027
5967.49439	0.02072
5965.56566	0.02069
5963.63693	0.02008
5961.70820	0.01979
5959.77947	0.02011
5957.85074	0.02038
5955.92201	0.02012
5953.99327	0.01956
5952.06454	0.01940
5950.13581	0.01974
5948.20708	0.02024
5946.27835	0.02059
5944.34962	0.02068
5942.42089	0.02057
5940.49216	0.02040
5938.56342	0.02043
5936.63469	0.02068
5934.70596	0.02088
5932.77723	0.02078
5930.84850	0.02031
5928.91977	0.01966
5926.99104	0.01913
5925.06231	0.01920
5923.13358	0.01993
5921.20484	0.02032
5919.27611	0.01979
5917.34738	0.01932
5915.41865	0.01933
5913.48992	0.01968
5911.56119	0.02045
5909.63246	0.02069
5907.70373	0.02019
5905.77499	0.02003
5903.84626	0.02049
5901.91753	0.02127
5899.98880	0.02183
5898.06007	0.02156
5896.13134	0.02077
5894.20261	0.02033
5892.27388	0.02068
5890.34514	0.02131
5888.41641	0.02129
5886.48768	0.02070
5884.55895	0.02041
5882.63022	0.02047
5880.70149	0.02029
5878.77276	0.01986
5876.84403	0.01964
5874.91529	0.01972
5872.98656	0.01991
5871.05783	0.02032
5869.12910	0.02083
5867.20037	0.02090
5865.27164	0.02053
5863.34291	0.02049
5861.41418	0.02089
5859.48544	0.02099
5857.55671	0.02060
5855.62798	0.02031
5853.69925	0.02035
5851.77052	0.02032
5849.84179	0.02009
5847.91306	0.02001
5845.98433	0.02009
5844.05560	0.02025
5842.12686	0.02085
5840.19813	0.02160
5838.26940	0.02168
5836.34067	0.02134
5834.41194	0.02122
5832.48321	0.02114
5830.55448	0.02079
5828.62575	0.02045
5826.69701	0.02032
5824.76828	0.02023
5822.83955	0.02035
5820.91082	0.02077
5818.98209	0.02096
5817.05336	0.02067
5815.12463	0.02051
5813.19590	0.02090
5811.26716	0.02154
5809.33843	0.02204
5807.40970	0.02218
5805.48097	0.02194
5803.55224	0.02159
5801.62351	0.02133
5799.69478	0.02120
5797.76605	0.02112
5795.83731	0.02123
5793.90858	0.02146
5791.97985	0.02135
5790.05112	0.02107
5788.12239	0.02111
5786.19366	0.02084
5784.26493	0.02005
5782.33620	0.01974
5780.40746	0.02023
5778.47873	0.02062
5776.55000	0.02066
5774.62127	0.02115
5772.69254	0.02207
5770.76381	0.02247
5768.83508	0.02234
5766.90635	0.02204
5764.97762	0.02156
5763.04888	0.02100
5761.12015	0.02055
5759.19142	0.02034
5757.26269	0.02025
5755.33396	0.02004
5753.40523	0.01989
5751.47650	0.02023
5749.54777	0.02074
5747.61903	0.02080
5745.69030	0.02077
5743.76157	0.02104
5741.83284	0.02124
5739.90411	0.02113
5737.97538	0.02062
5736.04665	0.01999
5734.11792	0.01990
5732.18918	0.02023
5730.26045	0.02039
5728.33172	0.02031
5726.40299	0.02022
5724.47426	0.02015
5722.54553	0.02025
5720.61680	0.02065
5718.68807	0.02094
5716.75933	0.02078
5714.83060	0.02040
5712.90187	0.02013
5710.97314	0.01998
5709.04441	0.01974
5707.11568	0.01962
5705.18695	0.02005
5703.25822	0.02057
5701.32948	0.02040
5699.40075	0.02002
5697.47202	0.02019
5695.54329	0.02042
5693.61456	0.02026
5691.68583	0.02022
5689.75710	0.02044
5687.82837	0.02030
5685.89964	0.01993
5683.97090	0.01982
5682.04217	0.01996
5680.11344	0.02033
5678.18471	0.02073
5676.25598	0.02077
5674.32725	0.02043
5672.39852	0.02042
5670.46979	0.02118
5668.54105	0.02188
5666.61232	0.02182
5664.68359	0.02147
5662.75486	0.02150
5660.82613	0.02153
5658.89740	0.02092
5656.96867	0.02021
5655.03994	0.01997
5653.11120	0.01995
5651.18247	0.02002
5649.25374	0.02014
5647.32501	0.02029
5645.39628	0.02051
5643.46755	0.02061
5641.53882	0.02059
5639.61009	0.02054
5637.68135	0.02028
5635.75262	0.02006
5633.82389	0.02048
5631.89516	0.02122
5629.96643	0.02164
5628.03770	0.02164
5626.10897	0.02135
5624.18024	0.02102
5622.25150	0.02103
5620.32277	0.02136
5618.39404	0.02159
5616.46531	0.02138
5614.53658	0.02108
5612.60785	0.02108
5610.67912	0.02103
5608.75039	0.02072
5606.82166	0.02042
5604.89292	0.02025
5602.96419	0.02009
5601.03546	0.02010
5599.10673	0.02055
5597.17800	0.02100
5595.24927	0.02132
5593.32054	0.02145
5591.39181	0.02124
5589.46307	0.02075
5587.53434	0.02066
5585.60561	0.02110
5583.67688	0.02129
5581.74815	0.02109
5579.81942	0.02105
5577.89069	0.02148
5575.96196	0.02209
5574.03322	0.02236
5572.10449	0.02221
5570.17576	0.02205
5568.24703	0.02208
5566.31830	0.02206
5564.38957	0.02188
5562.46084	0.02177
5560.53211	0.02168
5558.60337	0.02137
5556.67464	0.02080
5554.74591	0.02026
5552.81718	0.01997
5550.88845	0.01981
5548.95972	0.01989
5547.03099	0.02044
5545.10226	0.02124
5543.17352	0.02160
5541.24479	0.02117
5539.31606	0.02049
5537.38733	0.02038
5535.45860	0.02078
5533.52987	0.02125
5531.60114	0.02179
5529.67241	0.02226
5527.74368	0.02224
5525.81494	0.02173
5523.88621	0.02116
5521.95748	0.02087
5520.02875	0.02096
5518.10002	0.02126
5516.17129	0.02144
5514.24256	0.02134
5512.31383	0.02101
5510.38509	0.02063
5508.45636	0.02035
5506.52763	0.02027
5504.59890	0.02047
5502.67017	0.02076
5500.74144	0.02088
5498.81271	0.02082
5496.88398	0.02077
5494.95524	0.02067
5493.02651	0.02041
5491.09778	0.02025
5489.16905	0.02055
5487.24032	0.02117
5485.31159	0.02176
5483.38286	0.02209
5481.45413	0.02216
5479.52539	0.02171
5477.59666	0.02077
5475.66793	0.02011
5473.73920	0.02026
5471.81047	0.02068
5469.88174	0.02087
5467.95301	0.02111
5466.02428	0.02150
5464.09554	0.02151
5462.16681	0.02093
5460.23808	0.02060
5458.30935	0.02109
5456.38062	0.02168
5454.45189	0.02173
5452.52316	0.02141
5450.59443	0.02097
5448.66570	0.02057
5446.73696	0.02025
5444.80823	0.01988
5442.87950	0.01948
5440.95077	0.01954
5439.02204	0.02025
5437.09331	0.02081
5435.16458	0.02087
5433.23585	0.02098
5431.30711	0.02093
5429.37838	0.02050
5427.44965	0.02063
5425.52092	0.02149
5423.59219	0.02218
5421.66346	0.02249
5419.73473	0.02264
5417.80600	0.02245
5415.87726	0.02170
5413.94853	0.02080
5412.01980	0.02033
5410.09107	0.02048
5408.16234	0.02104
5406.23361	0.02167
5404.30488	0.02204
5402.37615	0.02221
5400.44741	0.02231
5398.51868	0.02220
5396.58995	0.02183
5394.66122	0.02142
5392.73249	0.02140
5390.80376	0.02183
5388.87503	0.02213
5386.94630	0.02193
5385.01756	0.02178
5383.08883	0.02219
5381.16010	0.02249
5379.23137	0.02195
5377.30264	0.02112
5375.37391	0.02120
5373.44518	0.02222
5371.51645	0.02309
5369.58772	0.02307
5367.65898	0.02232
5365.73025	0.02152
5363.80152	0.02133
5361.87279	0.02174
5359.94406	0.02222
5358.01533	0.02231
5356.08660	0.02169
5354.15787	0.02070
5352.22913	0.02046
5350.30040	0.02111
5348.37167	0.02141
5346.44294	0.02080
5344.51421	0.02023
5342.58548	0.02047
5340.65675	0.02066
5338.72802	0.02037
5336.79928	0.02073
5334.87055	0.02194
5332.94182	0.02271
5331.01309	0.02247
5329.08436	0.02169
5327.15563	0.02118
5325.22690	0.02149
5323.29817	0.02229
5321.36943	0.02283
5319.44070	0.02298
5317.51197	0.02294
5315.58324	0.02283
5313.65451	0.02288
5311.72578	0.02313
5309.79705	0.02314
5307.86832	0.02282
5305.93958	0.02265
5304.01085	0.02281
5302.08212	0.02305
5300.15339	0.02324
5298.22466	0.02342
5296.29593	0.02355
5294.36720	0.02334
5292.43847	0.02280
5290.50974	0.02252
5288.58100	0.02278
5286.65227	0.02305
5284.72354	0.02290
5282.79481	0.02265
5280.86608	0.02269
5278.93735	0.02296
5277.00862	0.02320
5275.07989	0.02340
5273.15115	0.02366
5271.22242	0.02372
5269.29369	0.02334
5267.36496	0.02251
5265.43623	0.02140
5263.50750	0.02078
5261.57877	0.02132
5259.65004	0.02222
5257.72130	0.02232
5255.79257	0.02171
5253.86384	0.02135
5251.93511	0.02143
5250.00638	0.02115
5248.07765	0.02047
5246.14892	0.02014
5244.22019	0.02048
5242.29145	0.02122
5240.36272	0.02182
5238.43399	0.02191
5236.50526	0.02165
5234.57653	0.02126
5232.64780	0.02091
5230.71907	0.02083
5228.79034	0.02093
5226.86160	0.02079
5224.93287	0.02047
5223.00414	0.02041
5221.07541	0.02061
5219.14668	0.02096
5217.21795	0.02143
5215.28922	0.02167
5213.36049	0.02147
5211.43176	0.02083
5209.50302	0.01979
5207.57429	0.01887
5205.64556	0.01899
5203.71683	0.02009
5201.78810	0.02096
5199.85937	0.02087
5197.93064	0.02026
5196.00191	0.01996
5194.07317	0.02012
5192.14444	0.02029
5190.21571	0.02035
5188.28698	0.02064
5186.35825	0.02087
5184.42952	0.02061
5182.50079	0.02021
5180.57206	0.02013
5178.64332	0.02031
5176.71459	0.02058
5174.78586	0.02082
5172.85713	0.02081
5170.92840	0.02060
5168.99967	0.02047
5167.07094	0.02035
5165.14221	0.02006
5163.21347	0.01986
5161.28474	0.01994
5159.35601	0.02012
5157.42728	0.02033
5155.49855	0.02062
5153.56982	0.02082
5151.64109	0.02075
5149.71236	0.02069
5147.78362	0.02080
5145.85489	0.02082
5143.92616	0.02073
5141.99743	0.02084
5140.06870	0.02123
5138.13997	0.02153
5136.21124	0.02137
5134.28251	0.02094
5132.35378	0.02081
5130.42504	0.02102
5128.49631	0.02126
5126.56758	0.02148
5124.63885	0.02167
5122.71012	0.02157
5120.78139	0.02130
5118.85266	0.02129
5116.92393	0.02150
5114.99519	0.02158
5113.06646	0.02149
5111.13773	0.02142
5109.20900	0.02144
5107.28027	0.02150
5105.35154	0.02154
5103.42281	0.02159
5101.49408	0.02170
5099.56534	0.02194
5097.63661	0.02223
5095.70788	0.02236
5093.77915	0.02234
5091.85042	0.02228
5089.92169	0.02220
5087.99296	0.02231
5086.06423	0.02266
5084.13549	0.02284
5082.20676	0.02278
5080.27803	0.02288
5078.34930	0.02312
5076.42057	0.02305
5074.49184	0.02267
5072.56311	0.02255
5070.63438	0.02281
5068.70564	0.02301
5066.77691	0.02301
5064.84818	0.02295
5062.91945	0.02289
5060.99072	0.02292
5059.06199	0.02320
5057.13326	0.02365
5055.20453	0.02385
5053.27580	0.02369
5051.34706	0.02339
5049.41833	0.02315
5047.48960	0.02313
5045.56087	0.02343
5043.63214	0.02367
5041.70341	0.02356
5039.77468	0.02341
5037.84595	0.02343
5035.91721	0.02337
5033.98848	0.02321
5032.05975	0.02323
5030.13102	0.02347
5028.20229	0.02382
5026.27356	0.02416
5024.34483	0.02437
5022.41610	0.02441
5020.48736	0.02439
5018.55863	0.02433
5016.62990	0.02405
5014.70117	0.02368
5012.77244	0.02366
5010.84371	0.02389
5008.91498	0.02400
5006.98625	0.02407
5005.05751	0.02430
5003.12878	0.02454
5001.20005	0.02451
4999.27132	0.02419
4997.34259	0.02386
4995.41386	0.02376
4993.48513	0.02388
4991.55640	0.02405
4989.62766	0.02428
4987.69893	0.02462
4985.77020	0.02474
4983.84147	0.02453
4981.91274	0.02438
4979.98401	0.02446
4978.05528	0.02453
4976.12655	0.02452
4974.19782	0.02458
4972.26908	0.02466
4970.34035	0.02470
4968.41162	0.02486
4966.48289	0.02517
4964.55416	0.02515
4962.62543	0.02480
4960.69670	0.02457
4958.76797	0.02458
4956.83923	0.02466
4954.91050	0.02473
4952.98177	0.02480
4951.05304	0.02482
4949.12431	0.02479
4947.19558	0.02474
4945.26685	0.02472
4943.33812	0.02491
4941.40938	0.02519
4939.48065	0.02517
4937.55192	0.02514
4935.62319	0.02540
4933.69446	0.02557
4931.76573	0.02540
4929.83700	0.02527
4927.90827	0.02536
4925.97953	0.02547
4924.05080	0.02553
4922.12207	0.02554
4920.19334	0.02543
4918.26461	0.02522
4916.33588	0.02503
4914.40715	0.02500
4912.47842	0.02510
4910.54968	0.02514
4908.62095	0.02499
4906.69222	0.02483
4904.76349	0.02483
4902.83476	0.02490
4900.90603	0.02500
4898.97730	0.02522
4897.04857	0.02548
4895.11984	0.02549
4893.19110	0.02524
4891.26237	0.02505
4889.33364	0.02507
4887.40491	0.02510
4885.47618	0.02506
4883.54745	0.02495
4881.61872	0.02467
4879.68999	0.02448
4877.76125	0.02468
4875.83252	0.02511
4873.90379	0.02553
4871.97506	0.02578
4870.04633	0.02566
4868.11760	0.02514
4866.18887	0.02482
4864.26014	0.02507
4862.33140	0.02536
4860.40267	0.02521
4858.47394	0.02488
4856.54521	0.02468
4854.61648	0.02466
4852.68775	0.02478
4850.75902	0.02484
4848.83029	0.02477
4846.90155	0.02470
4844.97282	0.02486
4843.04409	0.02510
4841.11536	0.02508
4839.18663	0.02484
4837.25790	0.02471
4835.32917	0.02479
4833.40044	0.02495
4831.47170	0.02505
4829.54297	0.02512
4827.61424	0.02517
4825.68551	0.02523
4823.75678	0.02519
4821.82805	0.02503
4819.89932	0.02484
4817.97059	0.02466
4816.04186	0.02461
4814.11312	0.02475
4812.18439	0.02481
4810.25566	0.02466
4808.32693	0.02451
4806.39820	0.02447
4804.46947	0.02444
4802.54074	0.02437
4800.61201	0.02418
4798.68327	0.02390
4796.75454	0.02387
4794.82581	0.02412
4792.89708	0.02425
4790.96835	0.02421
4789.03962	0.02422
4787.11089	0.02424
4785.18216	0.02411
4783.25342	0.02396
4781.32469	0.02398
4779.39596	0.02410
4777.46723	0.02412
4775.53850	0.02398
4773.60977	0.02378
4771.68104	0.02376
4769.75231	0.02396
4767.82357	0.02405
4765.89484	0.02386
4763.96611	0.02362
4762.03738	0.02349
4760.10865	0.02352
4758.17992	0.02367
4756.25119	0.02369
4754.32246	0.02354
4752.39372	0.02341
4750.46499	0.02349
4748.53626	0.02381
4746.60753	0.02404
4744.67880	0.02394
4742.75007	0.02379
4740.82134	0.02380
4738.89261	0.02379
4736.96388	0.02370
4735.03514	0.02371
4733.10641	0.02392
4731.17768	0.02412
4729.24895	0.02413
4727.32022	0.02405
4725.39149	0.02402
4723.46276	0.02397
4721.53403	0.02382
4719.60529	0.02361
4717.67656	0.02350
4715.74783	0.02375
4713.81910	0.02415
4711.89037	0.02423
4709.96164	0.02407
4708.03291	0.02400
4706.10418	0.02406
4704.17544	0.02408
4702.24671	0.02405
4700.31798	0.02402
4698.38925	0.02402
4696.46052	0.02410
4694.53179	0.02419
4692.60306	0.02423
4690.67433	0.02439
4688.74559	0.02461
4686.81686	0.02462
4684.88813	0.02442
4682.95940	0.02431
4681.03067	0.02436
4679.10194	0.02451
4677.17321	0.02466
4675.24448	0.02461
4673.31574	0.02450
4671.38701	0.02462
4669.45828	0.02490
4667.52955	0.02510
4665.60082	0.02516
4663.67209	0.02498
4661.74336	0.02469
4659.81463	0.02458
4657.88590	0.02461
4655.95716	0.02469
4654.02843	0.02489
4652.09970	0.02510
4650.17097	0.02508
4648.24224	0.02501
4646.31351	0.02530
4644.38478	0.02576
4642.45605	0.02597
4640.52731	0.02589
4638.59858	0.02569
4636.66985	0.02558
4634.74112	0.02563
4632.81239	0.02578
4630.88366	0.02585
4628.95493	0.02575
4627.02620	0.02559
4625.09746	0.02552
4623.16873	0.02557
4621.24000	0.02572
4619.31127	0.02578
4617.38254	0.02577
4615.45381	0.02587
4613.52508	0.02597
4611.59635	0.02603
4609.66761	0.02623
4607.73888	0.02638
4605.81015	0.02617
4603.88142	0.02587
4601.95269	0.02590
4600.02396	0.02602
4598.09523	0.02589
4596.16650	0.02576
4594.23776	0.02581
4592.30903	0.02580
4590.38030	0.02568
4588.45157	0.02563
4586.52284	0.02563
4584.59411	0.02563
4582.66538	0.02567
4580.73665	0.02582
4578.80792	0.02603
4576.87918	0.02620
4574.95045	0.02629
4573.02172	0.02623
4571.09299	0.02601
4569.16426	0.02586
4567.23553	0.02589
4565.30680	0.02590
4563.37807	0.02581
4561.44933	0.02574
4559.52060	0.02570
4557.59187	0.02575
4555.66314	0.02596
4553.73441	0.02618
4551.80568	0.02631
4549.87695	0.02636
4547.94822	0.02627
4546.01948	0.02607
4544.09075	0.02590
4542.16202	0.02583
4540.23329	0.02593
4538.30456	0.02613
4536.37583	0.02623
4534.44710	0.02630
4532.51837	0.02625
4530.58963	0.02599
4528.66090	0.02588
4526.73217	0.02610
4524.80344	0.02636
4522.87471	0.02654
4520.94598	0.02660
4519.01725	0.02648
4517.08852	0.02634
4515.15978	0.02642
4513.23105	0.02648
4511.30232	0.02626
4509.37359	0.02601
4507.44486	0.02598
4505.51613	0.02609
4503.58740	0.02616
4501.65867	0.02610
4499.72994	0.02602
4497.80120	0.02606
4495.87247	0.02623
4493.94374	0.02637
4492.01501	0.02635
4490.08628	0.02624
4488.15755	0.02618
4486.22882	0.02609
4484.30009	0.02592
4482.37135	0.02584
4480.44262	0.02598
4478.51389	0.02615
4476.58516	0.02616
4474.65643	0.02613
4472.72770	0.02617
4470.79897	0.02613
4468.87024	0.02597
4466.94150	0.02591
4465.01277	0.02601
4463.08404	0.02621
4461.15531	0.02636
4459.22658	0.02633
4457.29785	0.02631
4455.36912	0.02641
4453.44039	0.02644
4451.51165	0.02639
4449.58292	0.02642
4447.65419	0.02653
4445.72546	0.02668
4443.79673	0.02677
4441.86800	0.02667
4439.93927	0.02657
4438.01054	0.02674
4436.08180	0.02696
4434.15307	0.02693
4432.22434	0.02677
4430.29561	0.02678
4428.36688	0.02695
4426.43815	0.02703
4424.50942	0.02703
4422.58069	0.02712
4420.65196	0.02725
4418.72322	0.02738
4416.79449	0.02743
4414.86576	0.02729
4412.93703	0.02710
4411.00830	0.02704
4409.07957	0.02708
4407.15084	0.02713
4405.22211	0.02705
4403.29337	0.02693
4401.36464	0.02698
4399.43591	0.02718
4397.50718	0.02726
4395.57845	0.02712
4393.64972	0.02693
4391.72099	0.02685
4389.79226	0.02693
4387.86352	0.02708
4385.93479	0.02722
4384.00606	0.02734
4382.07733	0.02737
4380.14860	0.02738
4378.21987	0.02746
4376.29114	0.02749
4374.36241	0.02746
4372.43367	0.02743
4370.50494	0.02734
4368.57621	0.02742
4366.64748	0.02781
4364.71875	0.02808
4362.79002	0.02793
4360.86129	0.02763
4358.93256	0.02750
4357.00382	0.02757
4355.07509	0.02772
4353.14636	0.02796
4351.21763	0.02823
4349.28890	0.02838
4347.36017	0.02841
4345.43144	0.02829
4343.50271	0.02806
4341.57398	0.02788
4339.64524	0.02773
4337.71651	0.02764
4335.78778	0.02775
4333.85905	0.02794
4331.93032	0.02794
4330.00159	0.02790
4328.07286	0.02800
4326.14413	0.02811
4324.21539	0.02802
4322.28666	0.02781
4320.35793	0.02766
4318.42920	0.02766
4316.50047	0.02772
4314.57174	0.02776
4312.64301	0.02777
4310.71428	0.02776
4308.78554	0.02783
4306.85681	0.02790
4304.92808	0.02789
4302.99935	0.02785
4301.07062	0.02786
4299.14189	0.02796
4297.21316	0.02802
4295.28443	0.02791
4293.35569	0.02770
4291.42696	0.02754
4289.49823	0.02747
4287.56950	0.02760
4285.64077	0.02780
4283.71204	0.02782
4281.78331	0.02769
4279.85458	0.02757
4277.92584	0.02756
4275.99711	0.02767
4274.06838	0.02781
4272.13965	0.02792
4270.21092	0.02790
4268.28219	0.02777
4266.35346	0.02772
4264.42473	0.02776
4262.49600	0.02784
4260.56726	0.02791
4258.63853	0.02788
4256.70980	0.02782
4254.78107	0.02788
4252.85234	0.02789
4250.92361	0.02779
4248.99488	0.02773
4247.06615	0.02781
4245.13741	0.02794
4243.20868	0.02803
4241.27995	0.02804
4239.35122	0.02794
4237.42249	0.02771
4235.49376	0.02752
4233.56503	0.02755
4231.63630	0.02767
4229.70756	0.02769
4227.77883	0.02780
4225.85010	0.02800
4223.92137	0.02800
4221.99264	0.02789
4220.06391	0.02800
4218.13518	0.02815
4216.20645	0.02814
4214.27771	0.02811
4212.34898	0.02813
4210.42025	0.02817
4208.49152	0.02825
4206.56279	0.02824
4204.63406	0.02816
4202.70533	0.02817
4200.77660	0.02827
4198.84786	0.02829
4196.91913	0.02821
4194.99040	0.02815
4193.06167	0.02821
4191.13294	0.02832
4189.20421	0.02827
4187.27548	0.02816
4185.34675	0.02823
4183.41802	0.02835
4181.48928	0.02833
4179.56055	0.02834
4177.63182	0.02844
4175.70309	0.02847
4173.77436	0.02844
4171.84563	0.02838
4169.91690	0.02828
4167.98817	0.02822
4166.05943	0.02822
4164.13070	0.02819
4162.20197	0.02803
4160.27324	0.02776
4158.34451	0.02764
4156.41578	0.02776
4154.48705	0.02792
4152.55832	0.02795
4150.62958	0.02782
4148.70085	0.02761
4146.77212	0.02749
4144.84339	0.02749
4142.91466	0.02753
4140.98593	0.02761
4139.05720	0.02774
4137.12847	0.02775
4135.19973	0.02751
4133.27100	0.02721
4131.34227	0.02721
4129.41354	0.02748
4127.48481	0.02762
4125.55608	0.02762
4123.62735	0.02762
4121.69862	0.02756
4119.76988	0.02751
4117.84115	0.02762
4115.91242	0.02774
4113.98369	0.02781
4112.05496	0.02792
4110.12623	0.02788
4108.19750	0.02752
4106.26877	0.02713
4104.34004	0.02706
4102.41130	0.02730
4100.48257	0.02762
4098.55384	0.02783
4096.62511	0.02790
4094.69638	0.02786
4092.76765	0.02778
4090.83892	0.02761
4088.91019	0.02730
4086.98145	0.02714
4085.05272	0.02729
4083.12399	0.02738
4081.19526	0.02727
4079.26653	0.02733
4077.33780	0.02762
4075.40907	0.02776
4073.48034	0.02769
4071.55160	0.02770
4069.62287	0.02782
4067.69414	0.02788
4065.76541	0.02774
4063.83668	0.02746
4061.90795	0.02721
4059.97922	0.02718
4058.05049	0.02742
4056.12175	0.02773
4054.19302	0.02778
4052.26429	0.02760
4050.33556	0.02749
4048.40683	0.02731
4046.47810	0.02683
4044.54937	0.02656
4042.62064	0.02699
4040.69190	0.02751
4038.76317	0.02764
4036.83444	0.02761
4034.90571	0.02758
4032.97698	0.02755
4031.04825	0.02752
4029.11952	0.02744
4027.19079	0.02720
4025.26206	0.02701
4023.33332	0.02706
4021.40459	0.02703
4019.47586	0.02686
4017.54713	0.02693
4015.61840	0.02719
4013.68967	0.02729
4011.76094	0.02703
4009.83221	0.02657
4007.90347	0.02644
4005.97474	0.02668
4004.04601	0.02682
4002.11728	0.02683
4000.18855	0.02687
3998.25982	0.02667
3996.33109	0.02671
3994.40236	0.02670
3992.47362	0.02659
3990.54489	0.02651
3988.61616	0.02655
3986.68743	0.02665
3984.75870	0.02673
3982.82997	0.02673
3980.90124	0.02666
3978.97251	0.02663
3977.04377	0.02668
3975.11504	0.02669
3973.18631	0.02661
3971.25758	0.02654
3969.32885	0.02657
3967.40012	0.02666
3965.47139	0.02668
3963.54266	0.02659
3961.61392	0.02643
3959.68519	0.02634
3957.75646	0.02639
3955.82773	0.02649
3953.89900	0.02652
3951.97027	0.02630
3950.04154	0.02570
3948.11281	0.02512
3946.18408	0.02515
3944.25534	0.02558
3942.32661	0.02579
3940.39788	0.02582
3938.46915	0.02581
3936.54042	0.02556
3934.61169	0.02503
3932.68296	0.02464
3930.75423	0.02476
3928.82549	0.02518
3926.89676	0.02552
3924.96803	0.02560
3923.03930	0.02539
3921.11057	0.02506
3919.18184	0.02466
3917.25311	0.02449
3915.32438	0.02480
3913.39564	0.02529
3911.46691	0.02550
3909.53818	0.02550
3907.60945	0.02552
3905.68072	0.02537
3903.75199	0.02479
3901.82326	0.02437
3899.89453	0.02445
3897.96579	0.02447
3896.03706	0.02434
3894.10833	0.02426
3892.17960	0.02408
3890.25087	0.02387
3888.32214	0.02386
3886.39341	0.02375
3884.46468	0.02342
3882.53594	0.02305
3880.60721	0.02275
3878.67848	0.02269
3876.74975	0.02291
3874.82102	0.02298
3872.89229	0.02278
3870.96356	0.02253
3869.03483	0.02234
3867.10610	0.02230
3865.17736	0.02226
3863.24863	0.02199
3861.31990	0.02161
3859.39117	0.02143
3857.46244	0.02153
3855.53371	0.02199
3853.60498	0.02251
3851.67625	0.02234
3849.74751	0.02171
3847.81878	0.02137
3845.89005	0.02165
3843.96132	0.02210
3842.03259	0.02233
3840.10386	0.02238
3838.17513	0.02227
3836.24640	0.02218
3834.31766	0.02215
3832.38893	0.02207
3830.46020	0.02208
3828.53147	0.02217
3826.60274	0.02225
3824.67401	0.02242
3822.74528	0.02270
3820.81655	0.02268
3818.88781	0.02248
3816.95908	0.02247
3815.03035	0.02246
3813.10162	0.02246
3811.17289	0.02262
3809.24416	0.02295
3807.31543	0.02319
3805.38670	0.02342
3803.45796	0.02371
3801.52923	0.02369
3799.60050	0.02332
3797.67177	0.02311
3795.74304	0.02324
3793.81431	0.02368
3791.88558	0.02411
3789.95685	0.02434
3788.02812	0.02442
3786.09938	0.02445
3784.17065	0.02446
3782.24192	0.02461
3780.31319	0.02483
3778.38446	0.02485
3776.45573	0.02472
3774.52700	0.02464
3772.59827	0.02458
3770.66953	0.02433
3768.74080	0.02380
3766.81207	0.02328
3764.88334	0.02297
3762.95461	0.02286
3761.02588	0.02272
3759.09715	0.02218
3757.16842	0.02152
3755.23968	0.02142
3753.31095	0.02160
3751.38222	0.02106
3749.45349	0.02002
3747.52476	0.01971
3745.59603	0.01984
3743.66730	0.02027
3741.73857	0.02102
3739.80983	0.02180
3737.88110	0.02241
3735.95237	0.02270
3734.02364	0.02298
3732.09491	0.02369
3730.16618	0.02457
3728.23745	0.02521
3726.30872	0.02574
3724.37998	0.02660
3722.45125	0.02799
3720.52252	0.02966
3718.59379	0.03127
3716.66506	0.03282
3714.73633	0.03457
3712.80760	0.03656
3710.87887	0.03838
3708.95014	0.03996
3707.02140	0.04170
3705.09267	0.04374
3703.16394	0.04584
3701.23521	0.04774
3699.30648	0.04948
3697.37775	0.05121
3695.44902	0.05297
3693.52029	0.05479
3691.59155	0.05671
3689.66282	0.05846
3687.73409	0.05999
3685.80536	0.06160
3683.87663	0.06354
3681.94790	0.06613
3680.01917	0.06951
3678.09044	0.07321
3676.16170	0.07635
3674.23297	0.07842
3672.30424	0.08013
3670.37551	0.08199
3668.44678	0.08382
3666.51805	0.08566
3664.58932	0.08784
3662.66059	0.09019
3660.73185	0.09201
3658.80312	0.09309
3656.87439	0.09379
3654.94566	0.09474
3653.01693	0.09629
3651.08820	0.09805
3649.15947	0.09930
3647.23074	0.10041
3645.30200	0.10166
3643.37327	0.10288
3641.44454	0.10416
3639.51581	0.10553
3637.58708	0.10688
3635.65835	0.10810
3633.72962	0.10928
3631.80089	0.11041
3629.87216	0.11136
3627.94342	0.11218
3626.01469	0.11300
3624.08596	0.11394
3622.15723	0.11501
3620.22850	0.11573
3618.29977	0.11562
3616.37104	0.11514
3614.44231	0.11492
3612.51357	0.11496
3610.58484	0.11505
3608.65611	0.11523
3606.72738	0.11568
3604.79865	0.11636
3602.86992	0.11688
3600.94119	0.11703
3599.01246	0.11698
3597.08372	0.11697
3595.15499	0.11716
3593.22626	0.11764
3591.29753	0.11822
3589.36880	0.11862
3587.44007	0.11882
3585.51134	0.11923
3583.58261	0.11987
3581.65387	0.12049
3579.72514	0.12103
3577.79641	0.12156
3575.86768	0.12207
3573.93895	0.12251
3572.01022	0.12286
3570.08149	0.12296
3568.15276	0.12264
3566.22402	0.12249
3564.29529	0.12316
3562.36656	0.12425
3560.43783	0.12511
3558.50910	0.12570
3556.58037	0.12620
3554.65164	0.12663
3552.72291	0.12693
3550.79418	0.12708
3548.86544	0.12695
3546.93671	0.12675
3545.00798	0.12708
3543.07925	0.12794
3541.15052	0.12869
3539.22179	0.12903
3537.29306	0.12920
3535.36433	0.12947
3533.43559	0.12975
3531.50686	0.12987
3529.57813	0.12980
3527.64940	0.12960
3525.72067	0.12954
3523.79194	0.12978
3521.86321	0.13011
3519.93448	0.13042
3518.00574	0.13077
3516.07701	0.13108
3514.14828	0.13120
3512.21955	0.13117
3510.29082	0.13120
3508.36209	0.13143
3506.43336	0.13174
3504.50463	0.13192
3502.57589	0.13205
3500.64716	0.13240
3498.71843	0.13297
3496.78970	0.13341
3494.86097	0.13365
3492.93224	0.13388
3491.00351	0.13410
3489.07478	0.13427
3487.14604	0.13448
3485.21731	0.13482
3483.28858	0.13525
3481.35985	0.13561
3479.43112	0.13585
3477.50239	0.13598
3475.57366	0.13606
3473.64493	0.13631
3471.71620	0.13675
3469.78746	0.13712
3467.85873	0.13734
3465.93000	0.13747
3464.00127	0.13747
3462.07254	0.13741
3460.14381	0.13749
3458.21508	0.13770
3456.28635	0.13788
3454.35761	0.13801
3452.42888	0.13812
3450.50015	0.13818
3448.57142	0.13820
3446.64269	0.13811
3444.71396	0.13791
3442.78523	0.13767
3440.85650	0.13753
3438.92776	0.13750
3436.99903	0.13754
3435.07030	0.13771
3433.14157	0.13791
3431.21284	0.13787
3429.28411	0.13760
3427.35538	0.13734
3425.42665	0.13711
3423.49791	0.13679
3421.56918	0.13644
3419.64045	0.13631
3417.71172	0.13635
3415.78299	0.13625
3413.85426	0.13600
3411.92553	0.13576
3409.99680	0.13558
3408.06806	0.13548
3406.13933	0.13533
3404.21060	0.13501
3402.28187	0.13466
3400.35314	0.13427
3398.42441	0.13340
3396.49568	0.13278
3394.56695	0.13230
3392.63822	0.13192
3390.70948	0.13176
3388.78075	0.13169
3386.85202	0.13142
3384.92329	0.13095
3382.99456	0.13042
3381.06583	0.12983
3379.13710	0.12922
3377.20837	0.12875
3375.27963	0.12835
3373.35090	0.12785
3371.42217	0.12718
3369.49344	0.12634
3367.56471	0.12549
3365.63598	0.12474
3363.70725	0.12404
3361.77852	0.12336
3359.84978	0.12279
3357.92105	0.12226
3355.99232	0.12167
3354.06359	0.12100
3352.13486	0.12026
3350.20613	0.11943
3348.27740	0.11860
3346.34867	0.11783
3344.41993	0.11708
3342.49120	0.11621
3340.56247	0.11518
3338.63374	0.11413
3336.70501	0.11311
3334.77628	0.11214
3332.84755	0.11125
3330.91882	0.11039
3328.99008	0.10947
3327.06135	0.10845
3325.13262	0.10744
3323.20389	0.10648
3321.27516	0.10535
3319.34643	0.10399
3317.41770	0.10262
3315.48897	0.10128
3313.56024	0.09986
3311.63150	0.09844
3309.70277	0.09712
3307.77404	0.09592
3305.84531	0.09468
3303.91658	0.09333
3301.98785	0.09200
3300.05912	0.09070
3298.13039	0.08932
3296.20165	0.08783
3294.27292	0.08621
3292.34419	0.08449
3290.41546	0.08285
3288.48673	0.08141
3286.55800	0.08011
3284.62927	0.07871
3282.70054	0.07705
3280.77180	0.07526
3278.84307	0.07347
3276.91434	0.07165
3274.98561	0.06977
3273.05688	0.06793
3271.12815	0.06631
3269.19942	0.06479
3267.27069	0.06304
3265.34195	0.06106
3263.41322	0.05915
3261.48449	0.05733
3259.55576	0.05553
3257.62703	0.05373
3255.69830	0.05185
3253.76957	0.04994
3251.84084	0.04811
3249.91210	0.04625
3247.98337	0.04416
3246.05464	0.04196
3244.12591	0.03990
3242.19718	0.03801
3240.26845	0.03609
3238.33972	0.03410
3236.41099	0.03211
3234.48226	0.03020
3232.55352	0.02835
3230.62479	0.02642
3228.69606	0.02437
3226.76733	0.02243
3224.83860	0.02059
3222.90987	0.01858
3220.98114	0.01644
3219.05241	0.01448
3217.12367	0.01265
3215.19494	0.01071
3213.26621	0.00875
3211.33748	0.00701
3209.40875	0.00545
3207.48002	0.00384
3205.55129	0.00210
3203.62256	0.00036
3201.69382	-0.00137
3199.76509	-0.00319
3197.83636	-0.00509
3195.90763	-0.00688
3193.97890	-0.00855
3192.05017	-0.01028
3190.12144	-0.01210
3188.19271	-0.01389
3186.26397	-0.01557
3184.33524	-0.01712
3182.40651	-0.01862
3180.47778	-0.02032
3178.54905	-0.02214
3176.62032	-0.02371
3174.69159	-0.02502
3172.76286	-0.02635
3170.83412	-0.02772
3168.90539	-0.02908
3166.97666	-0.03044
3165.04793	-0.03176
3163.11920	-0.03304
3161.19047	-0.03432
3159.26174	-0.03556
3157.33301	-0.03670
3155.40428	-0.03783
3153.47554	-0.03911
3151.54681	-0.04042
3149.61808	-0.04154
3147.68935	-0.04253
3145.76062	-0.04361
3143.83189	-0.04475
3141.90316	-0.04578
3139.97443	-0.04669
3138.04569	-0.04756
3136.11696	-0.04848
3134.18823	-0.04945
3132.25950	-0.05027
3130.33077	-0.05091
3128.40204	-0.05151
3126.47331	-0.05206
3124.54458	-0.05249
3122.61584	-0.05277
3120.68711	-0.05281
3118.75838	-0.05267
3116.82965	-0.05238
3114.90092	-0.05179
3112.97219	-0.05091
3111.04346	-0.04996
3109.11473	-0.04899
3107.18599	-0.04787
3105.25726	-0.04660
3103.32853	-0.04526
3101.39980	-0.04373
3099.47107	-0.04190
3097.54234	-0.03998
3095.61361	-0.03807
3093.68488	-0.03599
3091.75614	-0.03366
3089.82741	-0.03125
3087.89868	-0.02892
3085.96995	-0.02673
3084.04122	-0.02468
3082.11249	-0.02274
3080.18376	-0.02079
3078.25503	-0.01873
3076.32630	-0.01660
3074.39756	-0.01456
3072.46883	-0.01271
3070.54010	-0.01100
3068.61137	-0.00941
3066.68264	-0.00800
3064.75391	-0.00667
3062.82518	-0.00523
3060.89645	-0.00375
3058.96771	-0.00249
3057.03898	-0.00145
3055.11025	-0.00051
3053.18152	0.00033
3051.25279	0.00099
3049.32406	0.00162
3047.39533	0.00230
3045.46660	0.00290
3043.53786	0.00329
3041.60913	0.00345
3039.68040	0.00343
3037.75167	0.00336
3035.82294	0.00328
3033.89421	0.00302
3031.96548	0.00265
3030.03675	0.00239
3028.10801	0.00217
3026.17928	0.00188
3024.25055	0.00158
3022.32182	0.00133
3020.39309	0.00107
3018.46436	0.00082
3016.53563	0.00070
3014.60690	0.00073
3012.67816	0.00086
3010.74943	0.00120
3008.82070	0.00173
3006.89197	0.00232
3004.96324	0.00293
3003.03451	0.00364
3001.10578	0.00443
2999.17705	0.00542
2997.24832	0.00644
2995.31958	0.00754
2993.39085	0.00884
2991.46212	0.01030
2989.53339	0.01175
2987.60466	0.01324
2985.67593	0.01496
2983.74720	0.01673
2981.81847	0.01832
2979.88973	0.01985
2977.96100	0.02147
2976.03227	0.02323
2974.10354	0.02516
2972.17481	0.02722
2970.24608	0.02931
2968.31735	0.03143
2966.38862	0.03359
2964.45988	0.03564
2962.53115	0.03739
2960.60242	0.03888
2958.67369	0.04016
2956.74496	0.04122
2954.81623	0.04217
2952.88750	0.04323
2950.95877	0.04441
2949.03003	0.04566
2947.10130	0.04714
2945.17257	0.04897
2943.24384	0.05102
2941.31511	0.05319
2939.38638	0.05547
2937.45765	0.05780
2935.52892	0.06020
2933.60018	0.06271
2931.67145	0.06518
2929.74272	0.06741
2927.81399	0.06920
2925.88526	0.07028
2923.95653	0.07061
2922.02780	0.07028
2920.09907	0.06935
2918.17034	0.06790
2916.24160	0.06615
2914.31287	0.06437
2912.38414	0.06285
2910.45541	0.06167
2908.52668	0.06062
2906.59795	0.05964
2904.66922	0.05876
2902.74049	0.05802
2900.81175	0.05743
2898.88302	0.05697
2896.95429	0.05663
2895.02556	0.05635
2893.09683	0.05598
2891.16810	0.05559
2889.23937	0.05526
2887.31064	0.05501
2885.38190	0.05487
2883.45317	0.05488
2881.52444	0.05499
2879.59571	0.05525
2877.66698	0.05568
2875.73825	0.05614
2873.80952	0.05647
2871.88079	0.05670
2869.95205	0.05694
2868.02332	0.05728
2866.09459	0.05785
2864.16586	0.05873
2862.23713	0.05989
2860.30840	0.06127
2858.37967	0.06268
2856.45094	0.06376
2854.52220	0.06415
2852.59347	0.06368
2850.66474	0.06232
2848.73601	0.06026
2846.80728	0.05795
2844.87855	0.05580
2842.94982	0.05390
2841.02109	0.05225
2839.09236	0.05093
2837.16362	0.04996
2835.23489	0.04923
2833.30616	0.04864
2831.37743	0.04822
2829.44870	0.04791
2827.51997	0.04756
2825.59124	0.04714
2823.66251	0.04678
2821.73377	0.04652
2819.80504	0.04627
2817.87631	0.04604
2815.94758	0.04583
2814.01885	0.04561
2812.09012	0.04533
2810.16139	0.04504
2808.23266	0.04475
2806.30392	0.04449
2804.37519	0.04428
2802.44646	0.04412
2800.51773	0.04390
2798.58900	0.04361
2796.66027	0.04336
2794.73154	0.04320
2792.80281	0.04306
2790.87407	0.04292
2788.94534	0.04276
2787.01661	0.04263
2785.08788	0.04255
2783.15915	0.04249
2781.23042	0.04240
2779.30169	0.04239
2777.37296	0.04246
2775.44422	0.04257
2773.51549	0.04270
2771.58676	0.04285
2769.65803	0.04297
2767.72930	0.04312
2765.80057	0.04334
2763.87184	0.04361
2761.94311	0.04386
2760.01438	0.04411
2758.08564	0.04443
2756.15691	0.04477
2754.22818	0.04504
2752.29945	0.04522
2750.37072	0.04536
2748.44199	0.04548
2746.51326	0.04558
2744.58453	0.04565
2742.65579	0.04572
2740.72706	0.04581
2738.79833	0.04586
2736.86960	0.04584
2734.94087	0.04579
2733.01214	0.04578
2731.08341	0.04578
2729.15468	0.04573
2727.22594	0.04562
2725.29721	0.04551
2723.36848	0.04543
2721.43975	0.04539
2719.51102	0.04539
2717.58229	0.04540
2715.65356	0.04533
2713.72483	0.04519
2711.79609	0.04509
2709.86736	0.04505
2707.93863	0.04496
2706.00990	0.04481
2704.08117	0.04470
2702.15244	0.04465
2700.22371	0.04463
2698.29498	0.04459
2696.36624	0.04454
2694.43751	0.04450
2692.50878	0.04444
2690.58005	0.04435
2688.65132	0.04424
2686.72259	0.04417
2684.79386	0.04409
2682.86513	0.04393
2680.93640	0.04380
2679.00766	0.04379
2677.07893	0.04380
2675.15020	0.04372
2673.22147	0.04357
2671.29274	0.04341
2669.36401	0.04324
2667.43528	0.04308
2665.50655	0.04297
2663.57781	0.04289
2661.64908	0.04281
2659.72035	0.04275
2657.79162	0.04268
2655.86289	0.04260
2653.93416	0.04253
2652.00543	0.04240
2650.07670	0.04226
2648.14796	0.04213
2646.21923	0.04202
2644.29050	0.04196
2642.36177	0.04192
2640.43304	0.04189
2638.50431	0.04185
2636.57558	0.04177
2634.64685	0.04163
2632.71811	0.04147
2630.78938	0.04129
2628.86065	0.04118
2626.93192	0.04115
2625.00319	0.04108
2623.07446	0.04093
2621.14573	0.04076
2619.21700	0.04064
2617.28826	0.04056
2615.35953	0.04050
2613.43080	0.04041
2611.50207	0.04029
2609.57334	0.04016
2607.64461	0.04001
2605.71588	0.03987
2603.78715	0.03974
2601.85842	0.03960
2599.92968	0.03945
2598.00095	0.03933
2596.07222	0.03922
2594.14349	0.03913
2592.21476	0.03905
2590.28603	0.03897
2588.35730	0.03887
2586.42857	0.03879
2584.49983	0.03871
2582.57110	0.03865
2580.64237	0.03857
2578.71364	0.03849
2576.78491	0.03841
2574.85618	0.03829
2572.92745	0.03815
2570.99872	0.03805
2569.06998	0.03797
2567.14125	0.03790
2565.21252	0.03785
2563.28379	0.03780
2561.35506	0.03771
2559.42633	0.03761
2557.49760	0.03752
2555.56887	0.03747
2553.64013	0.03740
2551.71140	0.03727
2549.78267	0.03722
2547.85394	0.03721
2545.92521	0.03722
2543.99648	0.03721
2542.06775	0.03718
2540.13902	0.03716
2538.21028	0.03715
2536.28155	0.03716
2534.35282	0.03717
2532.42409	0.03713
2530.49536	0.03701
2528.56663	0.03690
2526.63790	0.03686
2524.70917	0.03687
2522.78044	0.03691
2520.85170	0.03693
2518.92297	0.03690
2516.99424	0.03686
2515.06551	0.03683
2513.13678	0.03678
2511.20805	0.03673
2509.27932	0.03674
2507.35059	0.03680
2505.42185	0.03684
2503.49312	0.03681
2501.56439	0.03674
2499.63566	0.03671
2497.70693	0.03678
2495.77820	0.03684
2493.84947	0.03682
2491.92074	0.03680
2489.99200	0.03680
2488.06327	0.03680
2486.13454	0.03677
2484.20581	0.03677
2482.27708	0.03683
2480.34835	0.03693
2478.41962	0.03696
2476.49089	0.03692
2474.56215	0.03689
2472.63342	0.03690
2470.70469	0.03692
2468.77596	0.03691
2466.84723	0.03687
2464.91850	0.03677
2462.98977	0.03670
2461.06104	0.03673
2459.13230	0.03670
2457.20357	0.03660
2455.27484	0.03659
2453.34611	0.03667
2451.41738	0.03669
2449.48865	0.03662
2447.55992	0.03653
2445.63119	0.03647
2443.70246	0.03643
2441.77372	0.03642
2439.84499	0.03645
2437.91626	0.03643
2435.98753	0.03637
2434.05880	0.03628
2432.13007	0.03609
2430.20134	0.03575
2428.27261	0.03540
2426.34387	0.03532
2424.41514	0.03558
2422.48641	0.03592
2420.55768	0.03614
2418.62895	0.03623
2416.70022	0.03623
2414.77149	0.03622
2412.84276	0.03627
2410.91402	0.03636
2408.98529	0.03641
2407.05656	0.03642
2405.12783	0.03648
2403.19910	0.03657
2401.27037	0.03660
2399.34164	0.03655
2397.41291	0.03655
2395.48417	0.03661
2393.55544	0.03664
2391.62671	0.03664
2389.69798	0.03668
2387.76925	0.03675
2385.84052	0.03681
2383.91179	0.03684
2381.98306	0.03682
2380.05432	0.03663
2378.12559	0.03627
2376.19686	0.03584
2374.26813	0.03563
2372.33940	0.03586
2370.41067	0.03636
2368.48194	0.03684
2366.55321	0.03722
2364.62448	0.03739
2362.69574	0.03742
2360.76701	0.03745
2358.83828	0.03732
2356.90955	0.03693
2354.98082	0.03652
2353.05209	0.03656
2351.12336	0.03729
2349.19463	0.03787
2347.26589	0.03744
2345.33716	0.03682
2343.40843	0.03683
2341.47970	0.03718
2339.55097	0.03753
2337.62224	0.03764
2335.69351	0.03740
2333.76478	0.03699
2331.83604	0.03662
2329.90731	0.03629
2327.97858	0.03595
2326.04985	0.03558
2324.12112	0.03527
2322.19239	0.03509
2320.26366	0.03498
2318.33493	0.03491
2316.40619	0.03481
2314.47746	0.03469
2312.54873	0.03469
2310.62000	0.03489
2308.69127	0.03514
2306.76254	0.03535
2304.83381	0.03553
2302.90508	0.03569
2300.97634	0.03586
2299.04761	0.03602
2297.11888	0.03614
2295.19015	0.03620
2293.26142	0.03629
2291.33269	0.03640
2289.40396	0.03650
2287.47523	0.03653
2285.54650	0.03655
2283.61776	0.03662
2281.68903	0.03670
2279.76030	0.03676
2277.83157	0.03678
2275.90284	0.03679
2273.97411	0.03682
2272.04538	0.03684
2270.11665	0.03686
2268.18791	0.03687
2266.25918	0.03685
2264.33045	0.03684
2262.40172	0.03686
2260.47299	0.03690
2258.54426	0.03695
2256.61553	0.03700
2254.68680	0.03701
2252.75806	0.03701
2250.82933	0.03695
2248.90060	0.03665
2246.97187	0.03677
2245.04314	0.03690
2243.11441	0.03705
2241.18568	0.03716
2239.25695	0.03723
2237.32821	0.03730
2235.39948	0.03738
2233.47075	0.03745
2231.54202	0.03750
2229.61329	0.03749
2227.68456	0.03745
2225.75583	0.03743
2223.82710	0.03744
2221.89836	0.03744
2219.96963	0.03734
2218.04090	0.03726
2216.11217	0.03720
2214.18344	0.03708
2212.25471	0.03696
2210.32598	0.03691
2208.39725	0.03689
2206.46852	0.03680
2204.53978	0.03664
2202.61105	0.03656
2200.68232	0.03653
2198.75359	0.03643
2196.82486	0.03628
2194.89613	0.03619
2192.96740	0.03617
2191.03867	0.03612
2189.10993	0.03600
2187.18120	0.03588
2185.25247	0.03579
2183.32374	0.03568
2181.39501	0.03555
2179.46628	0.03550
2177.53755	0.03553
2175.60882	0.03549
2173.68008	0.03535
2171.75135	0.03521
2169.82262	0.03511
2167.89389	0.03511
2165.96516	0.03513
2164.03643	0.03507
2162.10770	0.03498
2160.17897	0.03496
2158.25023	0.03499
2156.32150	0.03501
2154.39277	0.03502
2152.46404	0.03502
2150.53531	0.03494
2148.60658	0.03479
2146.67785	0.03470
2144.74912	0.03472
2142.82038	0.03473
2140.89165	0.03464
2138.96292	0.03449
2137.03419	0.03435
2135.10546	0.03429
2133.17673	0.03434
2131.24800	0.03440
2129.31927	0.03442
2127.39054	0.03436
2125.46180	0.03423
2123.53307	0.03407
2121.60434	0.03395
2119.67561	0.03384
2117.74688	0.03367
2115.81815	0.03351
2113.88942	0.03351
2111.96069	0.03360
2110.03195	0.03359
2108.10322	0.03352
2106.17449	0.03343
2104.24576	0.03333
2102.31703	0.03324
2100.38830	0.03320
2098.45957	0.03314
2096.53084	0.03295
2094.60210	0.03276
2092.67337	0.03260
2090.74464	0.03239
2088.81591	0.03213
2086.88718	0.03188
2084.95845	0.03159
2083.02972	0.03122
2081.10099	0.03078
2079.17225	0.03031
2077.24352	0.02989
2075.31479	0.02959
2073.38606	0.02934
2071.45733	0.02905
2069.52860	0.02880
2067.59987	0.02865
2065.67114	0.02857
2063.74240	0.02855
2061.81367	0.02865
2059.88494	0.02889
2057.95621	0.02920
2056.02748	0.02951
2054.09875	0.02983
2052.17002	0.03022
2050.24129	0.03065
2048.31256	0.03110
2046.38382	0.03160
2044.45509	0.03217
2042.52636	0.03276
2040.59763	0.03329
2038.66890	0.03375
2036.74017	0.03422
2034.81144	0.03470
2032.88271	0.03513
2030.95397	0.03546
2029.02524	0.03567
2027.09651	0.03579
2025.16778	0.03599
2023.23905	0.03633
2021.31032	0.03674
2019.38159	0.03711
2017.45286	0.03738
2015.52412	0.03760
2013.59539	0.03786
2011.66666	0.03819
2009.73793	0.03846
2007.80920	0.03868
2005.88047	0.03887
2003.95174	0.03902
2002.02301	0.03917
2000.09427	0.03937
1998.16554	0.03955
1996.23681	0.03962
1994.30808	0.03955
1992.37935	0.03944
1990.45062	0.03946
1988.52189	0.03960
1986.59316	0.03970
1984.66442	0.03976
1982.73569	0.03981
1980.80696	0.03988
1978.87823	0.03995
1976.94950	0.03998
1975.02077	0.04000
1973.09204	0.04004
1971.16331	0.04008
1969.23458	0.04005
1967.30584	0.03996
1965.37711	0.03983
1963.44838	0.03979
1961.51965	0.03979
1959.59092	0.03973
1957.66219	0.03969
1955.73346	0.03969
1953.80473	0.03973
1951.87599	0.03978
1949.94726	0.03985
1948.01853	0.03992
1946.08980	0.03996
1944.16107	0.03988
1942.23234	0.03977
1940.30361	0.03979
1938.37488	0.03994
1936.44614	0.04012
1934.51741	0.04025
1932.58868	0.04033
1930.65995	0.04044
1928.73122	0.04050
1926.80249	0.04039
1924.87376	0.04027
1922.94503	0.04015
1921.01629	0.04015
1919.08756	0.04033
1917.15883	0.04042
1915.23010	0.04033
1913.30137	0.04036
1911.37264	0.04060
1909.44391	0.04084
1907.51518	0.04104
1905.58644	0.04129
1903.65771	0.04162
1901.72898	0.04195
1899.80025	0.04225
1897.87152	0.04250
1895.94279	0.04265
1894.01406	0.04282
1892.08533	0.04316
1890.15660	0.04355
1888.22786	0.04369
1886.29913	0.04370
1884.37040	0.04377
1882.44167	0.04389
1880.51294	0.04398
1878.58421	0.04400
1876.65548	0.04388
1874.72675	0.04371
1872.79801	0.04365
1870.86928	0.04367
1868.94055	0.04348
1867.01182	0.04295
1865.08309	0.04236
1863.15436	0.04192
1861.22563	0.04148
1859.29690	0.04091
1857.36816	0.04031
1855.43943	0.03974
1853.51070	0.03918
1851.58197	0.03866
1849.65324	0.03824
1847.72451	0.03797
1845.79578	0.03768
1843.86705	0.03722
1841.93831	0.03657
1840.00958	0.03602
1838.08085	0.03572
1836.15212	0.03555
1834.22339	0.03557
1832.29466	0.03591
1830.36593	0.03615
1828.43720	0.03592
1826.50846	0.03558
1824.57973	0.03543
1822.65100	0.03533
1820.72227	0.03514
1818.79354	0.03489
1816.86481	0.03487
1814.93608	0.03518
1813.00735	0.03553
1811.07862	0.03565
1809.14988	0.03553
1807.22115	0.03536
1805.29242	0.03513
1803.36369	0.03474
1801.43496	0.03449
1799.50623	0.03462
1797.57750	0.03493
1795.64877	0.03534
1793.72003	0.03586
1791.79130	0.03599
1789.86257	0.03558
1787.93384	0.03500
1786.00511	0.03462
1784.07638	0.03467
1782.14765	0.03510
1780.21892	0.03541
1778.29018	0.03547
1776.36145	0.03583
1774.43272	0.03670
1772.50399	0.03720
1770.57526	0.03657
1768.64653	0.03558
1766.71780	0.03527
1764.78907	0.03576
1762.86033	0.03638
1760.93160	0.03659
1759.00287	0.03648
1757.07414	0.03647
1755.14541	0.03670
1753.21668	0.03723
1751.28795	0.03781
1749.35922	0.03798
1747.43048	0.03782
1745.50175	0.03784
1743.57302	0.03833
1741.64429	0.03914
1739.71556	0.03985
1737.78683	0.04058
1735.85810	0.04158
1733.92937	0.04222
1732.00064	0.04196
1730.07190	0.04154
1728.14317	0.04143
1726.21444	0.04157
1724.28571	0.04184
1722.35698	0.04246
1720.42825	0.04380
1718.49952	0.04520
1716.57079	0.04522
1714.64205	0.04418
1712.71332	0.04324
1710.78459	0.04304
1708.85586	0.04352
1706.92713	0.04412
1704.99840	0.04453
1703.06967	0.04529
1701.14094	0.04655
1699.21220	0.04737
1697.28347	0.04753
1695.35474	0.04735
1693.42601	0.04708
1691.49728	0.04719
1689.56855	0.04812
1687.63982	0.05025
1685.71109	0.05309
1683.78235	0.05470
1681.85362	0.05439
1679.92489	0.05427
1677.99616	0.05556
1676.06743	0.05774
1674.13870	0.05973
1672.20997	0.06137
1670.28124	0.06279
1668.35250	0.06362
1666.42377	0.06411
1664.49504	0.06493
1662.56631	0.06578
1660.63758	0.06596
1658.70885	0.06612
1656.78012	0.06730
1654.85139	0.06900
1652.92266	0.06887
1650.99392	0.06701
1649.06519	0.06592
1647.13646	0.06591
1645.20773	0.06539
1643.27900	0.06421
1641.35027	0.06356
1639.42154	0.06393
1637.49281	0.06437
1635.56407	0.06318
1633.63534	0.06047
1631.70661	0.05816
1629.77788	0.05694
1627.84915	0.05602
1625.92042	0.05468
1623.99169	0.05259
1622.06296	0.04996
1620.13422	0.04789
1618.20549	0.04633
1616.27676	0.04384
1614.34803	0.04053
1612.41930	0.03768
1610.49057	0.03548
1608.56184	0.03333
1606.63311	0.03099
1604.70437	0.02868
1602.77564	0.02659
1600.84691	0.02485
1598.91818	0.02360
1596.98945	0.02290
1595.06072	0.02262
1593.13199	0.02259
1591.20326	0.02271
1589.27452	0.02293
1587.34579	0.02313
1585.41706	0.02326
1583.48833	0.02336
1581.55960	0.02369
1579.63087	0.02470
1577.70214	0.02615
1575.77341	0.02685
1573.84468	0.02658
1571.91594	0.02665
1569.98721	0.02743
1568.05848	0.02805
1566.12975	0.02857
1564.20102	0.02993
1562.27229	0.03281
1560.34356	0.03673
1558.41483	0.03884
1556.48609	0.03796
1554.55736	0.03669
1552.62863	0.03629
1550.69990	0.03654
1548.77117	0.03703
1546.84244	0.03785
1544.91371	0.03928
1542.98498	0.04132
1541.05624	0.04304
1539.12751	0.04260
1537.19878	0.04056
1535.27005	0.03934
1533.34132	0.03907
1531.41259	0.03858
1529.48386	0.03802
1527.55513	0.03775
1525.62639	0.03766
1523.69766	0.03777
1521.76893	0.03751
1519.84020	0.03629
1517.91147	0.03475
1515.98274	0.03326
1514.05401	0.03185
1512.12528	0.03092
1510.19654	0.03090
1508.26781	0.03130
1506.33908	0.03048
1504.41035	0.02797
1502.48162	0.02573
1500.55289	0.02487
1498.62416	0.02484
1496.69543	0.02435
1494.76670	0.02337
1492.83796	0.02276
1490.90923	0.02252
1488.98050	0.02194
1487.05177	0.02098
1485.12304	0.02014
1483.19431	0.01965
1481.26558	0.01945
1479.33685	0.01949
1477.40811	0.01994
1475.47938	0.02092
1473.55065	0.02210
1471.62192	0.02267
1469.69319	0.02245
1467.76446	0.02228
1465.83573	0.02222
1463.90700	0.02162
1461.97826	0.02099
1460.04953	0.02114
1458.12080	0.02109
1456.19207	0.01953
1454.26334	0.01736
1452.33461	0.01571
1450.40588	0.01478
1448.47715	0.01385
1446.54841	0.01231
1444.61968	0.01040
1442.69095	0.00847
1440.76222	0.00665
1438.83349	0.00466
1436.90476	0.00180
1434.97603	-0.00179
1433.04730	-0.00528
1431.11856	-0.00887
1429.18983	-0.01335
1427.26110	-0.01886
1425.33237	-0.02525
1423.40364	-0.03242
1421.47491	-0.04050
1419.54618	-0.05057
1417.61745	-0.06249
1415.68872	-0.07390
1413.75998	-0.08477
1411.83125	-0.09646
1409.90252	-0.10900
1407.97379	-0.12138
1406.04506	-0.13300
1404.11633	-0.14296
1402.18760	-0.14941
1400.25887	-0.15137
1398.33013	-0.14870
1396.40140	-0.14130
1394.47267	-0.13003
1392.54394	-0.11775
1390.61521	-0.10718
1388.68648	-0.09973
1386.75775	-0.09510
1384.82902	-0.08859
1382.90028	-0.07513
1380.97155	-0.05661
1379.04282	-0.03938
1377.11409	-0.02645
1375.18536	-0.01649
1373.25663	-0.00817
1371.32790	-0.00128
1369.39917	0.00448
1367.47043	0.00938
1365.54170	0.01336
1363.61297	0.01666
1361.68424	0.01965
1359.75551	0.02244
1357.82678	0.02487
1355.89805	0.02687
1353.96932	0.02866
1352.04058	0.03051
1350.11185	0.03240
1348.18312	0.03406
1346.25439	0.03528
1344.32566	0.03609
1342.39693	0.03661
1340.46820	0.03697
1338.53947	0.03748
1336.61074	0.03844
1334.68200	0.03971
1332.75327	0.04094
1330.82454	0.04168
1328.89581	0.04163
1326.96708	0.04139
1325.03835	0.04130
1323.10962	0.04141
1321.18089	0.04184
1319.25215	0.04257
1317.32342	0.04357
1315.39469	0.04486
1313.46596	0.04646
1311.53723	0.04824
1309.60850	0.04999
1307.67977	0.05157
1305.75104	0.05298
1303.82230	0.05439
1301.89357	0.05581
1299.96484	0.05711
1298.03611	0.05828
1296.10738	0.05945
1294.17865	0.06070
1292.24992	0.06197
1290.32119	0.06314
1288.39245	0.06430
1286.46372	0.06571
1284.53499	0.06757
1282.60626	0.06985
1280.67753	0.07240
1278.74880	0.07514
1276.82007	0.07812
1274.89134	0.08140
1272.96260	0.08505
1271.03387	0.08930
1269.10514	0.09427
1267.17641	0.09995
1265.24768	0.10632
1263.31895	0.11348
1261.39022	0.12145
1259.46149	0.13009
1257.53276	0.13930
1255.60402	0.14905
1253.67529	0.15933
1251.74656	0.16992
1249.81783	0.18030
1247.88910	0.19006
1245.96037	0.19917
1244.03164	0.20755
1242.10291	0.21505
1240.17417	0.22168
1238.24544	0.22764
1236.31671	0.23301
1234.38798	0.23774
1232.45925	0.24181
1230.53052	0.24533
1228.60179	0.24849
1226.67306	0.25147
1224.74432	0.25439
1222.81559	0.25715
1220.88686	0.25969
1218.95813	0.26206
1217.02940	0.26427
1215.10067	0.26630
1213.17194	0.26826
1211.24321	0.27032
1209.31447	0.27237
1207.38574	0.27415
1205.45701	0.27578
1203.52828	0.27761
1201.59955	0.27966
1199.67082	0.28171
1197.74209	0.28371
1195.81336	0.28592
1193.88462	0.28826
1191.95589	0.29058
1190.02716	0.29298
1188.09843	0.29567
1186.16970	0.29860
1184.24097	0.30162
1182.31224	0.30457
1180.38351	0.30739
1178.45478	0.30989
1176.52604	0.31187
1174.59731	0.31372
1172.66858	0.31586
1170.73985	0.31816
1168.81112	0.32028
1166.88239	0.32219
1164.95366	0.32409
1163.02493	0.32598
1161.09619	0.32759
1159.16746	0.32870
1157.23873	0.32939
1155.31000	0.33002
1153.38127	0.33093
1151.45254	0.33212
1149.52381	0.33313
1147.59508	0.33383
1145.66634	0.33453
1143.73761	0.33521
1141.80888	0.33564
1139.88015	0.33587
1137.95142	0.33608
1136.02269	0.33661
1134.09396	0.33780
1132.16523	0.33956
1130.23649	0.34197
1128.30776	0.34500
1126.37903	0.34792
1124.45030	0.35039
1122.52157	0.35296
1120.59284	0.35618
1118.66411	0.35991
1116.73538	0.36405
1114.80664	0.36912
1112.87791	0.37535
1110.94918	0.38192
1109.02045	0.38818
1107.09172	0.39427
1105.16299	0.40041
1103.23426	0.40649
1101.30553	0.41205
1099.37680	0.41683
1097.44806	0.42093
1095.51933	0.42421
1093.59060	0.42646
1091.66187	0.42791
1089.73314	0.42905
1087.80441	0.43003
1085.87568	0.43081
1083.94695	0.43143
1082.01821	0.43198
1080.08948	0.43202
1078.16075	0.43099
1076.23202	0.42955
1074.30329	0.42862
1072.37456	0.42812
1070.44583	0.42762
1068.51710	0.42691
1066.58836	0.42595
1064.65963	0.42462
1062.73090	0.42303
1060.80217	0.42139
1058.87344	0.41948
1056.94471	0.41697
1055.01598	0.41436
1053.08725	0.41235
1051.15851	0.41054
1049.22978	0.40842
1047.30105	0.40623
1045.37232	0.40419
1043.44359	0.40208
1041.51486	0.39972
1039.58613	0.39713
1037.65740	0.39437
1035.72866	0.39180
1033.79993	0.38958
1031.87120	0.38749
1029.94247	0.38526
1028.01374	0.38282
1026.08501	0.38058
1024.15628	0.37867
1022.22755	0.37667
1020.29882	0.37412
1018.37008	0.37109
1016.44135	0.36818
1014.51262	0.36564
1012.58389	0.36306
1010.65516	0.35981
1008.72643	0.35567
1006.79770	0.35110
1004.86897	0.34650
1002.94023	0.34185
1001.01150	0.33698
999.08277	0.33171
997.15404	0.32576
995.22531	0.31916
993.29658	0.31208
991.36785	0.30486
989.43912	0.29799
987.51038	0.29165
985.58165	0.28565
983.65292	0.27978
981.72419	0.27419
979.79546	0.26901
977.86673	0.26416
975.93800	0.25939
974.00927	0.25519
972.08053	0.25088
970.15180	0.24660
968.22307	0.24227
966.29434	0.23779
964.36561	0.23334
962.43688	0.22907
960.50815	0.22479
958.57942	0.22042
956.65068	0.21611
954.72195	0.21193
952.79322	0.20778
950.86449	0.20353
948.93576	0.19922
947.00703	0.19506
945.07830	0.19117
943.14957	0.18741
941.22084	0.18345
939.29210	0.17907
937.36337	0.17436
935.43464	0.16969
933.50591	0.16540
931.57718	0.16147
929.64845	0.15775
927.71972	0.15400
925.79099	0.15008
923.86225	0.14625
921.93352	0.14279
920.00479	0.13944
918.07606	0.13574
916.14733	0.13177
914.21860	0.12790
912.28987	0.12397
910.36114	0.11951
908.43240	0.11473
906.50367	0.11015
904.57494	0.10565
902.64621	0.10078
900.71748	0.09565
898.78875	0.09056
896.86002	0.08562
894.93129	0.08094
893.00255	0.07635
891.07382	0.07167
889.14509	0.06716
887.21636	0.06289
885.28763	0.05881
883.35890	0.05516
881.43017	0.05192
879.50144	0.04865
877.57270	0.04524
875.64397	0.04215
873.71524	0.03941
871.78651	0.03670
869.85778	0.03408
867.92905	0.03162
866.00032	0.02921
864.07159	0.02676
862.14286	0.02423
860.21412	0.02159
858.28539	0.01904
856.35666	0.01707
854.42793	0.01570
852.49920	0.01447
850.57047	0.01327
848.64174	0.01233
846.71301	0.01186
844.78427	0.01192
842.85554	0.01246
840.92681	0.01336
838.99808	0.01487
837.06935	0.01709
835.14062	0.01973
833.21189	0.02244
831.28316	0.02498
829.35442	0.02740
827.42569	0.02984
825.49696	0.03243
823.56823	0.03535
821.63950	0.03845
819.71077	0.04157
817.78204	0.04464
815.85331	0.04768
813.92457	0.05086
811.99584	0.05449
810.06711	0.05856
808.13838	0.06279
806.20965	0.06686
804.28092	0.07047
802.35219	0.07347
800.42346	0.07560
798.49472	0.07655
796.56599	0.07664
794.63726	0.07636
792.70853	0.07579
790.77980	0.07465
788.85107	0.07299
786.92234	0.07110
784.99361	0.06911
783.06488	0.06706
781.13614	0.06497
779.20741	0.06281
777.27868	0.06051
775.34995	0.05776
773.42122	0.05434
771.49249	0.05068
769.56376	0.04780
767.63503	0.04634
765.70629	0.04633
763.77756	0.04594
761.84883	0.04544
759.92010	0.04512
757.99137	0.04498
756.06264	0.04480
754.13391	0.04472
752.20518	0.04494
750.27644	0.04531
748.34771	0.04562
746.41898	0.04587
744.49025	0.04605
742.56152	0.04619
740.63279	0.04627
738.70406	0.04635
736.77533	0.04634
734.84659	0.04630
732.91786	0.04658
730.98913	0.04715
729.06040	0.04750
727.13167	0.04745
725.20294	0.04710
723.27421	0.04580
721.34548	0.04502
719.41674	0.04443
717.48801	0.04400
715.55928	0.04378
713.63055	0.04367
711.70182	0.04396
709.77309	0.04448
707.84436	0.04459
705.91563	0.04428
703.98690	0.04422
702.05816	0.04494
700.12943	0.04608
698.20070	0.04726
696.27197	0.04830
694.34324	0.04876
692.41451	0.04862
690.48578	0.04845
688.55705	0.04865
686.62831	0.04907
684.69958	0.04945
682.77085	0.04974
680.84212	0.04977
678.91339	0.04916
676.98466	0.04841
675.05593	0.04781
673.12720	0.04730
671.19846	0.04538
669.26973	0.04179
667.34100	0.04054
665.41227	0.04182
663.48354	0.04111
661.55481	0.03829
659.62608	0.03553
657.69735	0.03351
655.76861	0.03238
653.83988	0.03215
651.91115	0.03258
649.98242	0.03348
648.05369	0.03470
646.12496	0.03614
644.19623	0.03781
642.26750	0.03959
640.33876	0.04125
638.41003	0.04291
636.48130	0.04460
634.55257	0.04547
632.62384	0.04487
630.69511	0.04288
628.76638	0.03992
626.83765	0.03737
624.90892	0.03505
622.98018	0.03246
621.05145	0.03000
619.12272	0.02864
617.19399	0.02884
615.26526	0.03029
613.33653	0.03273
611.40780	0.03590
609.47907	0.03894
607.55033	0.04106
605.62160	0.04244
603.69287	0.04399
601.76414	0.04566
599.83541	0.04653
597.90668	0.04665
595.97795	0.04706
594.04922	0.04828
592.12048	0.04959
590.19175	0.05056
588.26302	0.05204
586.33429	0.05392
584.40556	0.05475
582.47683	0.05387
580.54810	0.05216
578.61937	0.05084
576.69063	0.04990
574.76190	0.04878
572.83317	0.04793
570.90444	0.04703
568.97571	0.04292
567.04698	0.03835
565.11825	0.03443
563.18952	0.03121
561.26078	0.02836
559.33205	0.02557
557.40332	0.02305
555.47459	0.02101
553.54586	0.01888
551.61713	0.01692
549.68840	0.01634
547.75967	0.01701
545.83094	0.01748
543.90220	0.01700
541.97347	0.01613
540.04474	0.01472
538.11601	0.01171
536.18728	0.00810
534.25855	0.00558
532.32982	0.00282
530.40109	-0.00169
528.47235	-0.00660
526.54362	-0.01022
524.61489	-0.01248
522.68616	-0.01439
520.75743	-0.01647
518.82870	-0.01866
516.89997	-0.02114
514.97124	-0.02365
513.04250	-0.02516
511.11377	-0.02514
509.18504	-0.02425
507.25631	-0.02326
505.32758	-0.02190
503.39885	-0.01960
501.47012	-0.01661
499.54139	-0.01357
497.61265	-0.01010
495.68392	-0.00564
493.75519	-0.00061
491.82646	0.00445
489.89773	0.00987
487.96900	0.01644
486.04027	0.02369
484.11154	0.02960
482.18280	0.03365
480.25407	0.03775
478.32534	0.04362
476.39661	0.05080
474.46788	0.05694
472.53915	0.06120
470.61042	0.06485
468.68169	0.06667
466.75296	0.06406
464.82422	0.05829
462.89549	0.05333
460.96676	0.05217
459.03803	0.05531
457.10930	0.05743
455.18057	0.05644
453.25184	0.05457
451.32311	0.05418
449.39437	0.05584
447.46564	0.05805
445.53691	0.05868
443.60818	0.05691
441.67945	0.05322
439.75072	0.04939
437.82199	0.04753
435.89326	0.04803
433.96452	0.04874
432.03579	0.04642
430.10706	0.04026
428.17833	0.03251
426.24960	0.02537
424.32087	0.01956
422.39214	0.01493
420.46341	0.01057
418.53467	0.00618
416.60594	0.00366
414.67721	0.00294
412.74848	0.00252
410.81975	0.00437
408.89102	0.00964
406.96229	0.00780
405.03356	0.00457
403.10482	0.00590
401.17609	0.01298
399.24736	0.01896
397.31863	0.01133
395.38990	-0.00424
393.46117	-0.00759
391.53244	-0.00087
389.60371	-0.00062
387.67498	-0.01044
385.74624	-0.02308
383.81751	-0.03583
381.88878	-0.04623
379.96005	-0.04482
378.03132	-0.03383
376.10259	-0.03149
374.17386	-0.04032
372.24513	-0.03631
370.31639	-0.01566
368.38766	0.00085
