7496.94889	-0.00831
7495.02016	0.00187
7493.09144	0.00932
7491.16272	0.01259
7489.23399	0.01254
7487.30527	0.01032
7485.37654	0.00737
7483.44782	0.00434
7481.51910	0.00190
7479.59037	0.00148
7477.66165	0.00379
7475.73293	0.00701
7473.80420	0.00666
7471.87548	0.00245
7469.94676	-0.00008
7468.01803	0.00262
7466.08931	0.00923
7464.16058	0.01530
7462.23186	0.01707
7460.30314	0.01428
7458.37441	0.00893
7456.44569	0.00573
7454.51697	0.00692
7452.58824	0.00730
7450.65952	0.00555
7448.73079	0.00609
7446.80207	0.00766
7444.87335	0.00736
7442.94462	0.00643
7441.01590	0.00606
7439.08718	0.00612
7437.15845	0.00569
7435.22973	0.00567
7433.30101	0.00870
7431.37228	0.01191
7429.44356	0.00996
7427.51483	0.00506
7425.58611	0.00334
7423.65739	0.00654
7421.72866	0.01049
7419.79994	0.01068
7417.87122	0.01057
7415.94249	0.01514
7414.01377	0.01935
7412.08505	0.01801
7410.15632	0.01385
7408.22760	0.00885
7406.29887	0.00297
7404.37015	-0.00162
7402.44143	-0.00449
7400.51270	-0.00664
7398.58398	-0.00485
7396.65526	0.00234
7394.72653	0.00812
7392.79781	0.00714
7390.86908	0.00280
7388.94036	0.00046
7387.01164	0.00246
7385.08291	0.00862
7383.15419	0.01538
7381.22547	0.01800
7379.29674	0.01659
7377.36802	0.01512
7375.43930	0.01475
7373.51057	0.01320
7371.58185	0.00962
7369.65312	0.00491
7367.72440	-0.00149
7365.79568	-0.00728
7363.86695	-0.00694
7361.93823	-0.00108
7360.00951	0.00489
7358.08078	0.00740
7356.15206	0.00548
7354.22334	0.00143
7352.29461	-0.00096
7350.36589	0.00030
7348.43716	0.00567
7346.50844	0.01145
7344.57972	0.01195
7342.65099	0.00756
7340.72227	0.00199
7338.79355	-0.00238
7336.86482	-0.00296
7334.93610	0.00063
7333.00737	0.00497
7331.07865	0.00563
7329.14993	0.00248
7327.22120	0.00055
7325.29248	0.00200
7323.36376	0.00356
7321.43503	0.00357
7319.50631	0.00370
7317.57759	0.00507
7315.64886	0.00653
7313.72014	0.00703
7311.79141	0.00710
7309.86269	0.00713
7307.93397	0.00678
7306.00524	0.00659
7304.07652	0.00734
7302.14780	0.00797
7300.21907	0.00672
7298.29035	0.00205
7296.36163	-0.00492
7294.43290	-0.00756
7292.50418	-0.00119
7290.57545	0.00796
7288.64673	0.01097
7286.71801	0.00787
7284.78928	0.00365
7282.86056	0.00062
7280.93184	-0.00047
7279.00311	0.00236
7277.07439	0.00748
7275.14566	0.00874
7273.21694	0.00530
7271.28822	0.00289
7269.35949	0.00362
7267.43077	0.00552
7265.50205	0.00693
7263.57332	0.00688
7261.64460	0.00614
7259.71588	0.00481
7257.78715	0.00191
7255.85843	-0.00067
7253.92970	-0.00158
7252.00098	-0.00198
7250.07226	-0.00131
7248.14353	-0.00003
7246.21481	-0.00210
7244.28609	-0.00705
7242.35736	-0.00817
7240.42864	-0.00442
7238.49992	-0.00141
7236.57119	0.00002
7234.64247	0.00219
7232.71374	0.00289
7230.78502	-0.00104
7228.85630	-0.00624
7226.92757	-0.00809
7224.99885	-0.00643
7223.07013	-0.00265
7221.14140	0.00178
7219.21268	0.00465
7217.28396	0.00447
7215.35523	0.00130
7213.42651	-0.00396
7211.49778	-0.00878
7209.56906	-0.01100
7207.64034	-0.01305
7205.71161	-0.01593
7203.78289	-0.01533
7201.85417	-0.01212
7199.92544	-0.01235
7197.99672	-0.01542
7196.06799	-0.01546
7194.13927	-0.01071
7192.21055	-0.00527
7190.28182	-0.00403
7188.35310	-0.00733
7186.42438	-0.00971
7184.49565	-0.00699
7182.56693	-0.00219
7180.63821	-0.00032
7178.70948	-0.00113
7176.78076	-0.00229
7174.85203	-0.00434
7172.92331	-0.00709
7170.99459	-0.00831
7169.06586	-0.00811
7167.13714	-0.00809
7165.20842	-0.00862
7163.27969	-0.00880
7161.35097	-0.00810
7159.42225	-0.00767
7157.49352	-0.00844
7155.56480	-0.01049
7153.63607	-0.01334
7151.70735	-0.01510
7149.77863	-0.01359
7147.84990	-0.00970
7145.92118	-0.00744
7143.99246	-0.00842
7142.06373	-0.01045
7140.13501	-0.01184
7138.20628	-0.01273
7136.27756	-0.01336
7134.34884	-0.01330
7132.42011	-0.01193
7130.49139	-0.00887
7128.56267	-0.00618
7126.63394	-0.00733
7124.70522	-0.01006
7122.77650	-0.00830
7120.84777	-0.00361
7118.91905	-0.00453
7116.99032	-0.01348
7115.06160	-0.02131
7113.13288	-0.02032
7111.20415	-0.01488
7109.27543	-0.01188
7107.34671	-0.00955
7105.41798	-0.00496
7103.48926	-0.00273
7101.56054	-0.00614
7099.63181	-0.01063
7097.70309	-0.01059
7095.77436	-0.00680
7093.84564	-0.00387
7091.91692	-0.00311
7089.98819	-0.00338
7088.05947	-0.00463
7086.13075	-0.00627
7084.20202	-0.00697
7082.27330	-0.00782
7080.34457	-0.01001
7078.41585	-0.01226
7076.48713	-0.01337
7074.55840	-0.01357
7072.62968	-0.01371
7070.70096	-0.01432
7068.77223	-0.01405
7066.84351	-0.01091
7064.91479	-0.00670
7062.98606	-0.00529
7061.05734	-0.00651
7059.12861	-0.00694
7057.19989	-0.00502
7055.27117	-0.00295
7053.34244	-0.00373
7051.41372	-0.00644
7049.48500	-0.00950
7047.55627	-0.01369
7045.62755	-0.01729
7043.69883	-0.01700
7041.77010	-0.01437
7039.84138	-0.01269
7037.91265	-0.01283
7035.98393	-0.01395
7034.05521	-0.01392
7032.12648	-0.01291
7030.19776	-0.01356
7028.26904	-0.01539
7026.34031	-0.01516
7024.41159	-0.01137
7022.48286	-0.00682
7020.55414	-0.00590
7018.62542	-0.00861
7016.69669	-0.01215
7014.76797	-0.01470
7012.83925	-0.01400
7010.91052	-0.01059
7008.98180	-0.00860
7007.05308	-0.00825
7005.12435	-0.00745
7003.19563	-0.00796
7001.26690	-0.01058
6999.33818	-0.01138
6997.40946	-0.00909
6995.48073	-0.00806
6993.55201	-0.00950
6991.62329	-0.00968
6989.69456	-0.00843
6987.76584	-0.00930
6985.83712	-0.01172
6983.90839	-0.01214
6981.97967	-0.01129
6980.05094	-0.01135
6978.12222	-0.01082
6976.19350	-0.00889
6974.26477	-0.00719
6972.33605	-0.00644
6970.40733	-0.00643
6968.47860	-0.00769
6966.54988	-0.00983
6964.62115	-0.00980
6962.69243	-0.00680
6960.76371	-0.00435
6958.83498	-0.00495
6956.90626	-0.00787
6954.97754	-0.00975
6953.04881	-0.00995
6951.12009	-0.01192
6949.19137	-0.01386
6947.26264	-0.01250
6945.33392	-0.01060
6943.40519	-0.00963
6941.47647	-0.00934
6939.54775	-0.01131
6937.61902	-0.01390
6935.69030	-0.01433
6933.76158	-0.01347
6931.83285	-0.01196
6929.90413	-0.00944
6927.97541	-0.00812
6926.04668	-0.00912
6924.11796	-0.01014
6922.18923	-0.01051
6920.26051	-0.01121
6918.33179	-0.01175
6916.40306	-0.01132
6914.47434	-0.01023
6912.54562	-0.00953
6910.61689	-0.01000
6908.68817	-0.01171
6906.75944	-0.01288
6904.83072	-0.01129
6902.90200	-0.00851
6900.97327	-0.00690
6899.04455	-0.00697
6897.11583	-0.00950
6895.18710	-0.01298
6893.25838	-0.01449
6891.32966	-0.01463
6889.40093	-0.01470
6887.47221	-0.01362
6885.54348	-0.01173
6883.61476	-0.01061
6881.68604	-0.00986
6879.75731	-0.00960
6877.82859	-0.01025
6875.89987	-0.01034
6873.97114	-0.00943
6872.04242	-0.00881
6870.11370	-0.00881
6868.18497	-0.00851
6866.25625	-0.00776
6864.32752	-0.00783
6862.39880	-0.01012
6860.47008	-0.01313
6858.54135	-0.01339
6856.61263	-0.01131
6854.68391	-0.01035
6852.75518	-0.01120
6850.82646	-0.01177
6848.89773	-0.01148
6846.96901	-0.01017
6845.04029	-0.00803
6843.11156	-0.00621
6841.18284	-0.00673
6839.25412	-0.00916
6837.32539	-0.01125
6835.39667	-0.01103
6833.46795	-0.00936
6831.53922	-0.00846
6829.61050	-0.00917
6827.68177	-0.01090
6825.75305	-0.01215
6823.82433	-0.01168
6821.89560	-0.00997
6819.96688	-0.01015
6818.03816	-0.01262
6816.10943	-0.01179
6814.18071	-0.00629
6812.25199	-0.00250
6810.32326	-0.00308
6808.39454	-0.00450
6806.46581	-0.00602
6804.53709	-0.00902
6802.60837	-0.01071
6800.67964	-0.00880
6798.75092	-0.00706
6796.82220	-0.00835
6794.89347	-0.01108
6792.96475	-0.01403
6791.03603	-0.01534
6789.10730	-0.01296
6787.17858	-0.01019
6785.24985	-0.01066
6783.32113	-0.01213
6781.39241	-0.01147
6779.46368	-0.00990
6777.53496	-0.00938
6775.60624	-0.00867
6773.67751	-0.00742
6771.74879	-0.00730
6769.82006	-0.00844
6767.89134	-0.01004
6765.96262	-0.01012
6764.03389	-0.00799
6762.10517	-0.00652
6760.17645	-0.00706
6758.24772	-0.00887
6756.31900	-0.01089
6754.39028	-0.01080
6752.46155	-0.00882
6750.53283	-0.00768
6748.60410	-0.00770
6746.67538	-0.00895
6744.74666	-0.01103
6742.81793	-0.01112
6740.88921	-0.00965
6738.96049	-0.00918
6737.03176	-0.00893
6735.10304	-0.00801
6733.17432	-0.00716
6731.24559	-0.00702
6729.31687	-0.00680
6727.38814	-0.00523
6725.45942	-0.00290
6723.53070	-0.00263
6721.60197	-0.00639
6719.67325	-0.01137
6717.74453	-0.01232
6715.81580	-0.00885
6713.88708	-0.00547
6711.95835	-0.00450
6710.02963	-0.00440
6708.10091	-0.00420
6706.17218	-0.00520
6704.24346	-0.00740
6702.31474	-0.00810
6700.38601	-0.00728
6698.45729	-0.00688
6696.52857	-0.00656
6694.59984	-0.00710
6692.67112	-0.00894
6690.74239	-0.00933
6688.81367	-0.00811
6686.88495	-0.00780
6684.95622	-0.00892
6683.02750	-0.01026
6681.09878	-0.01081
6679.17005	-0.01020
6677.24133	-0.00911
6675.31261	-0.00931
6673.38388	-0.01163
6671.45516	-0.01355
6669.52643	-0.01277
6667.59771	-0.01171
6665.66899	-0.01232
6663.74026	-0.01162
6661.81154	-0.00807
6659.88282	-0.00492
6657.95409	-0.00460
6656.02537	-0.00638
6654.09664	-0.00803
6652.16792	-0.00836
6650.23920	-0.00901
6648.31047	-0.01025
6646.38175	-0.01063
6644.45303	-0.01045
6642.52430	-0.01017
6640.59558	-0.00935
6638.66686	-0.00780
6636.73813	-0.00691
6634.80941	-0.00769
6632.88068	-0.00919
6630.95196	-0.01111
6629.02324	-0.01286
6627.09451	-0.01295
6625.16579	-0.01195
6623.23707	-0.01125
6621.30834	-0.01070
6619.37962	-0.01016
6617.45090	-0.00999
6615.52217	-0.00901
6613.59345	-0.00764
6611.66472	-0.00838
6609.73600	-0.00981
6607.80728	-0.00930
6605.87855	-0.00844
6603.94983	-0.00894
6602.02111	-0.00938
6600.09238	-0.00830
6598.16366	-0.00627
6596.23493	-0.00580
6594.30621	-0.00750
6592.37749	-0.00842
6590.44876	-0.00784
6588.52004	-0.00789
6586.59132	-0.00878
6584.66259	-0.00868
6582.73387	-0.00715
6580.80515	-0.00627
6578.87642	-0.00728
6576.94770	-0.00867
6575.01897	-0.00811
6573.09025	-0.00594
6571.16153	-0.00498
6569.23280	-0.00635
6567.30408	-0.00877
6565.37536	-0.01057
6563.44663	-0.01053
6561.51791	-0.00905
6559.58919	-0.00788
6557.66046	-0.00775
6555.73174	-0.00757
6553.80301	-0.00685
6551.87429	-0.00681
6549.94557	-0.00826
6548.01684	-0.00983
6546.08812	-0.00968
6544.15940	-0.00832
6542.23067	-0.00716
6540.30195	-0.00619
6538.37322	-0.00621
6536.44450	-0.00804
6534.51578	-0.00935
6532.58705	-0.00812
6530.65833	-0.00634
6528.72961	-0.00649
6526.80088	-0.00809
6524.87216	-0.00931
6522.94344	-0.00958
6521.01471	-0.00947
6519.08599	-0.00866
6517.15726	-0.00692
6515.22854	-0.00593
6513.29982	-0.00683
6511.37109	-0.00874
6509.44237	-0.01034
6507.51365	-0.01075
6505.58492	-0.01008
6503.65620	-0.00950
6501.72748	-0.01008
6499.79875	-0.01160
6497.87003	-0.01219
6495.94130	-0.01088
6494.01258	-0.00941
6492.08386	-0.00955
6490.15513	-0.01064
6488.22641	-0.01116
6486.29769	-0.01012
6484.36896	-0.00779
6482.44024	-0.00643
6480.51151	-0.00733
6478.58279	-0.00867
6476.65407	-0.00936
6474.72534	-0.00959
6472.79662	-0.00889
6470.86790	-0.00842
6468.93917	-0.00933
6467.01045	-0.01097
6465.08173	-0.01320
6463.15300	-0.01470
6461.22428	-0.01413
6459.29555	-0.01263
6457.36683	-0.01177
6455.43811	-0.01236
6453.50938	-0.01319
6451.58066	-0.01229
6449.65194	-0.01056
6447.72321	-0.01026
6445.79449	-0.01164
6443.86577	-0.01273
6441.93704	-0.01247
6440.00832	-0.01182
6438.07959	-0.01136
6436.15087	-0.01113
6434.22215	-0.01093
6432.29342	-0.00999
6430.36470	-0.00942
6428.43598	-0.00998
6426.50725	-0.01039
6424.57853	-0.01092
6422.64980	-0.01201
6420.72108	-0.01228
6418.79236	-0.01123
6416.86363	-0.00988
6414.93491	-0.00903
6413.00619	-0.00862
6411.07746	-0.00811
6409.14874	-0.00754
6407.22002	-0.00760
6405.29129	-0.00807
6403.36257	-0.00897
6401.43384	-0.01084
6399.50512	-0.01156
6397.57640	-0.00889
6395.64767	-0.00678
6393.71895	-0.00935
6391.79023	-0.01249
6389.86150	-0.01170
6387.93278	-0.00961
6386.00406	-0.00909
6384.07533	-0.00958
6382.14661	-0.00953
6380.21788	-0.00816
6378.28916	-0.00674
6376.36044	-0.00683
6374.43171	-0.00827
6372.50299	-0.00977
6370.57427	-0.00998
6368.64554	-0.00909
6366.71682	-0.00833
6364.78810	-0.00737
6362.85937	-0.00615
6360.93065	-0.00570
6359.00192	-0.00601
6357.07320	-0.00761
6355.14448	-0.01151
6353.21575	-0.01541
6351.28703	-0.01574
6349.35831	-0.01293
6347.42958	-0.01040
6345.50086	-0.00987
6343.57213	-0.01001
6341.64341	-0.00927
6339.71469	-0.00803
6337.78596	-0.00717
6335.85724	-0.00746
6333.92852	-0.00932
6331.99979	-0.01065
6330.07107	-0.00980
6328.14235	-0.00815
6326.21362	-0.00706
6324.28490	-0.00723
6322.35617	-0.00887
6320.42745	-0.01023
6318.49873	-0.00948
6316.57000	-0.00837
6314.64128	-0.00926
6312.71256	-0.01043
6310.78383	-0.01017
6308.85511	-0.00941
6306.92639	-0.00876
6304.99766	-0.00833
6303.06894	-0.00852
6301.14021	-0.00897
6299.21149	-0.00868
6297.28277	-0.00821
6295.35404	-0.00869
6293.42532	-0.00950
6291.49660	-0.01013
6289.56787	-0.01004
6287.63915	-0.00846
6285.71042	-0.00654
6283.78170	-0.00600
6281.85298	-0.00681
6279.92425	-0.00796
6277.99553	-0.00861
6276.06681	-0.00889
6274.13808	-0.00881
6272.20936	-0.00766
6270.28064	-0.00627
6268.35191	-0.00651
6266.42319	-0.00820
6264.49446	-0.00993
6262.56574	-0.01056
6260.63702	-0.00956
6258.70829	-0.00812
6256.77957	-0.00757
6254.85085	-0.00733
6252.92212	-0.00720
6250.99340	-0.00806
6249.06468	-0.00880
6247.13595	-0.00804
6245.20723	-0.00706
6243.27850	-0.00750
6241.34978	-0.00928
6239.42106	-0.01024
6237.49233	-0.00838
6235.56361	-0.00554
6233.63489	-0.00472
6231.70616	-0.00607
6229.77744	-0.00765
6227.84871	-0.00774
6225.91999	-0.00663
6223.99127	-0.00564
6222.06254	-0.00503
6220.13382	-0.00558
6218.20510	-0.00774
6216.27637	-0.00910
6214.34765	-0.00854
6212.41893	-0.00770
6210.49020	-0.00754
6208.56148	-0.00762
6206.63275	-0.00733
6204.70403	-0.00700
6202.77531	-0.00714
6200.84658	-0.00749
6198.91786	-0.00785
6196.98914	-0.00790
6195.06041	-0.00758
6193.13169	-0.00734
6191.20297	-0.00749
6189.27424	-0.00815
6187.34552	-0.00883
6185.41679	-0.00879
6183.48807	-0.00863
6181.55935	-0.00879
6179.63062	-0.00849
6177.70190	-0.00794
6175.77318	-0.00796
6173.84445	-0.00796
6171.91573	-0.00780
6169.98700	-0.00857
6168.05828	-0.01011
6166.12956	-0.01161
6164.20083	-0.01266
6162.27211	-0.01265
6160.34339	-0.01131
6158.41466	-0.00961
6156.48594	-0.00909
6154.55722	-0.00957
6152.62849	-0.00905
6150.69977	-0.00765
6148.77104	-0.00735
6146.84232	-0.00744
6144.91360	-0.00656
6142.98487	-0.00683
6141.05615	-0.00909
6139.12743	-0.01042
6137.19870	-0.00983
6135.26998	-0.00970
6133.34126	-0.01030
6131.41253	-0.00986
6129.48381	-0.00906
6127.55508	-0.00929
6125.62636	-0.00961
6123.69764	-0.00912
6121.76891	-0.00856
6119.84019	-0.00812
6117.91147	-0.00739
6115.98274	-0.00692
6114.05402	-0.00741
6112.12529	-0.00856
6110.19657	-0.00954
6108.26785	-0.00965
6106.33912	-0.00927
6104.41040	-0.00907
6102.48168	-0.00877
6100.55295	-0.00822
6098.62423	-0.00785
6096.69551	-0.00772
6094.76678	-0.00756
6092.83806	-0.00743
6090.90933	-0.00759
6088.98061	-0.00819
6087.05189	-0.00967
6085.12316	-0.01154
6083.19444	-0.01198
6081.26572	-0.01105
6079.33699	-0.01019
6077.40827	-0.00915
6075.47955	-0.00766
6073.55082	-0.00670
6071.62210	-0.00700
6069.69337	-0.00802
6067.76465	-0.00854
6065.83593	-0.00806
6063.90720	-0.00705
6061.97848	-0.00658
6060.04976	-0.00722
6058.12103	-0.00792
6056.19231	-0.00830
6054.26358	-0.00888
6052.33486	-0.00902
6050.40614	-0.00852
6048.47741	-0.00836
6046.54869	-0.00882
6044.61997	-0.00962
6042.69124	-0.01028
6040.76252	-0.01006
6038.83380	-0.00924
6036.90507	-0.00877
6034.97635	-0.00869
6033.04762	-0.00867
6031.11890	-0.00867
6029.19018	-0.00896
6027.26145	-0.00963
6025.33273	-0.01005
6023.40401	-0.00962
6021.47528	-0.00897
6019.54656	-0.00976
6017.61784	-0.01145
6015.68911	-0.01119
6013.76039	-0.00958
6011.83166	-0.00948
6009.90294	-0.01023
6007.97422	-0.01025
6006.04549	-0.01020
6004.11677	-0.01074
6002.18805	-0.01130
6000.25932	-0.01092
5998.33060	-0.00979
5996.40187	-0.00863
5994.47315	-0.00774
5992.54443	-0.00801
5990.61570	-0.00939
5988.68698	-0.01071
5986.75826	-0.01175
5984.82953	-0.01247
5982.90081	-0.01290
5980.97209	-0.01288
5979.04336	-0.01128
5977.11464	-0.00891
5975.18591	-0.00816
5973.25719	-0.00895
5971.32847	-0.00955
5969.39974	-0.00968
5967.47102	-0.00965
5965.54230	-0.00947
5963.61357	-0.00984
5961.68485	-0.01108
5959.75613	-0.01184
5957.82740	-0.01138
5955.89868	-0.01134
5953.96995	-0.01266
5952.04123	-0.01376
5950.11251	-0.01308
5948.18378	-0.01116
5946.25506	-0.00942
5944.32634	-0.00833
5942.39761	-0.00851
5940.46889	-0.01035
5938.54017	-0.01149
5936.61144	-0.01032
5934.68272	-0.00883
5932.75399	-0.00867
5930.82527	-0.00907
5928.89655	-0.00922
5926.96782	-0.00972
5925.03910	-0.01036
5923.11038	-0.00960
5921.18165	-0.00838
5919.25293	-0.00860
5917.32420	-0.00937
5915.39548	-0.00941
5913.46676	-0.00957
5911.53803	-0.01051
5909.60931	-0.01111
5907.68059	-0.01059
5905.75186	-0.01025
5903.82314	-0.01098
5901.89442	-0.01129
5899.96569	-0.01032
5898.03697	-0.00942
5896.10824	-0.00942
5894.17952	-0.00944
5892.25080	-0.00867
5890.32207	-0.00762
5888.39335	-0.00717
5886.46463	-0.00737
5884.53590	-0.00816
5882.60718	-0.00936
5880.67846	-0.01011
5878.74973	-0.00968
5876.82101	-0.00887
5874.89228	-0.00885
5872.96356	-0.00898
5871.03484	-0.00855
5869.10611	-0.00853
5867.17739	-0.00944
5865.24867	-0.01049
5863.31994	-0.01098
5861.39122	-0.01060
5859.46249	-0.00942
5857.53377	-0.00840
5855.60505	-0.00817
5853.67632	-0.00808
5851.74760	-0.00834
5849.81888	-0.00969
5847.89015	-0.01060
5845.96143	-0.00975
5844.03271	-0.00868
5842.10398	-0.00823
5840.17526	-0.00743
5838.24653	-0.00649
5836.31781	-0.00655
5834.38909	-0.00749
5832.46036	-0.00809
5830.53164	-0.00831
5828.60292	-0.00942
5826.67419	-0.01104
5824.74547	-0.01165
5822.81675	-0.01143
5820.88802	-0.01109
5818.95930	-0.01053
5817.03057	-0.00983
5815.10185	-0.00939
5813.17313	-0.00941
5811.24440	-0.00979
5809.31568	-0.01031
5807.38696	-0.01060
5805.45823	-0.01057
5803.52951	-0.01096
5801.60078	-0.01145
5799.67206	-0.01076
5797.74334	-0.00942
5795.81461	-0.00886
5793.88589	-0.00921
5791.95717	-0.00942
5790.02844	-0.00898
5788.09972	-0.00868
5786.17100	-0.00890
5784.24227	-0.00935
5782.31355	-0.00965
5780.38482	-0.00988
5778.45610	-0.01048
5776.52738	-0.01088
5774.59865	-0.01032
5772.66993	-0.00910
5770.74121	-0.00806
5768.81248	-0.00776
5766.88376	-0.00779
5764.95504	-0.00790
5763.02631	-0.00864
5761.09759	-0.00986
5759.16886	-0.01031
5757.24014	-0.00933
5755.31142	-0.00798
5753.38269	-0.00791
5751.45397	-0.00850
5749.52525	-0.00771
5747.59652	-0.00621
5745.66780	-0.00619
5743.73907	-0.00796
5741.81035	-0.00989
5739.88163	-0.01064
5737.95290	-0.01035
5736.02418	-0.00944
5734.09546	-0.00873
5732.16673	-0.00919
5730.23801	-0.00956
5728.30929	-0.00867
5726.38056	-0.00796
5724.45184	-0.00815
5722.52311	-0.00846
5720.59439	-0.00882
5718.66567	-0.00940
5716.73694	-0.00998
5714.80822	-0.00999
5712.87950	-0.00950
5710.95077	-0.00952
5709.02205	-0.01001
5707.09333	-0.00986
5705.16460	-0.00892
5703.23588	-0.00825
5701.30715	-0.00852
5699.37843	-0.00838
5697.44971	-0.00707
5695.52098	-0.00635
5693.59226	-0.00688
5691.66354	-0.00721
5689.73481	-0.00692
5687.80609	-0.00667
5685.87736	-0.00681
5683.94864	-0.00773
5682.01992	-0.00869
5680.09119	-0.00856
5678.16247	-0.00829
5676.23375	-0.00899
5674.30502	-0.00973
5672.37630	-0.00962
5670.44758	-0.00934
5668.51885	-0.00904
5666.59013	-0.00782
5664.66140	-0.00627
5662.73268	-0.00589
5660.80396	-0.00626
5658.87523	-0.00631
5656.94651	-0.00655
5655.01779	-0.00757
5653.08906	-0.00874
5651.16034	-0.00918
5649.23162	-0.00873
5647.30289	-0.00816
5645.37417	-0.00791
5643.44544	-0.00766
5641.51672	-0.00780
5639.58800	-0.00847
5637.65927	-0.00849
5635.73055	-0.00787
5633.80183	-0.00780
5631.87310	-0.00803
5629.94438	-0.00779
5628.01565	-0.00754
5626.08693	-0.00775
5624.15821	-0.00806
5622.22948	-0.00820
5620.30076	-0.00852
5618.37204	-0.00891
5616.44331	-0.00903
5614.51459	-0.00909
5612.58587	-0.00917
5610.65714	-0.00864
5608.72842	-0.00755
5606.79969	-0.00740
5604.87097	-0.00841
5602.94225	-0.00908
5601.01352	-0.00897
5599.08480	-0.00845
5597.15608	-0.00789
5595.22735	-0.00767
5593.29863	-0.00790
5591.36991	-0.00815
5589.44118	-0.00802
5587.51246	-0.00790
5585.58373	-0.00815
5583.65501	-0.00819
5581.72629	-0.00785
5579.79756	-0.00785
5577.86884	-0.00805
5575.94012	-0.00748
5574.01139	-0.00638
5572.08267	-0.00608
5570.15394	-0.00664
5568.22522	-0.00713
5566.29650	-0.00744
5564.36777	-0.00773
5562.43905	-0.00776
5560.51033	-0.00746
5558.58160	-0.00713
5556.65288	-0.00720
5554.72416	-0.00792
5552.79543	-0.00885
5550.86671	-0.00897
5548.93798	-0.00803
5547.00926	-0.00707
5545.08054	-0.00700
5543.15181	-0.00747
5541.22309	-0.00768
5539.29437	-0.00770
5537.36564	-0.00797
5535.43692	-0.00833
5533.50820	-0.00837
5531.57947	-0.00822
5529.65075	-0.00805
5527.72202	-0.00784
5525.79330	-0.00780
5523.86458	-0.00812
5521.93585	-0.00838
5520.00713	-0.00841
5518.07841	-0.00858
5516.14968	-0.00877
5514.22096	-0.00848
5512.29224	-0.00813
5510.36351	-0.00829
5508.43479	-0.00851
5506.50606	-0.00803
5504.57734	-0.00725
5502.64862	-0.00710
5500.71989	-0.00750
5498.79117	-0.00774
5496.86245	-0.00785
5494.93372	-0.00815
5493.00500	-0.00861
5491.07627	-0.00898
5489.14755	-0.00900
5487.21883	-0.00857
5485.29010	-0.00770
5483.36138	-0.00686
5481.43266	-0.00650
5479.50393	-0.00665
5477.57521	-0.00744
5475.64649	-0.00842
5473.71776	-0.00875
5471.78904	-0.00846
5469.86031	-0.00795
5467.93159	-0.00749
5466.00287	-0.00729
5464.07414	-0.00740
5462.14542	-0.00781
5460.21670	-0.00818
5458.28797	-0.00808
5456.35925	-0.00778
5454.43053	-0.00781
5452.50180	-0.00842
5450.57308	-0.00939
5448.64435	-0.01018
5446.71563	-0.01063
5444.78691	-0.01070
5442.85818	-0.01044
5440.92946	-0.00995
5439.00074	-0.00918
5437.07201	-0.00840
5435.14329	-0.00776
5433.21456	-0.00741
5431.28584	-0.00808
5429.35712	-0.00945
5427.42839	-0.00981
5425.49967	-0.00895
5423.57095	-0.00826
5421.64222	-0.00806
5419.71350	-0.00812
5417.78478	-0.00901
5415.85605	-0.01078
5413.92733	-0.01203
5411.99860	-0.01159
5410.06988	-0.01022
5408.14116	-0.00909
5406.21243	-0.00846
5404.28371	-0.00808
5402.35499	-0.00780
5400.42626	-0.00793
5398.49754	-0.00873
5396.56882	-0.00994
5394.64009	-0.01090
5392.71137	-0.01090
5390.78264	-0.01018
5388.85392	-0.00990
5386.92520	-0.01043
5384.99647	-0.01087
5383.06775	-0.01046
5381.13903	-0.00983
5379.21030	-0.01001
5377.28158	-0.01079
5375.35285	-0.01107
5373.42413	-0.01031
5371.49541	-0.00934
5369.56668	-0.00918
5367.63796	-0.00984
5365.70924	-0.01054
5363.78051	-0.01092
5361.85179	-0.01087
5359.92307	-0.01018
5357.99434	-0.00959
5356.06562	-0.01042
5354.13689	-0.01199
5352.20817	-0.01215
5350.27945	-0.01103
5348.35072	-0.01103
5346.42200	-0.01286
5344.49328	-0.01458
5342.56455	-0.01467
5340.63583	-0.01396
5338.70711	-0.01334
5336.77838	-0.01263
5334.84966	-0.01174
5332.92093	-0.01129
5330.99221	-0.01164
5329.06349	-0.01232
5327.13476	-0.01251
5325.20604	-0.01203
5323.27732	-0.01158
5321.34859	-0.01164
5319.41987	-0.01187
5317.49114	-0.01193
5315.56242	-0.01180
5313.63370	-0.01131
5311.70497	-0.01057
5309.77625	-0.01009
5307.84753	-0.01027
5305.91880	-0.01073
5303.99008	-0.01092
5302.06136	-0.01089
5300.13263	-0.01084
5298.20391	-0.01056
5296.27518	-0.00998
5294.34646	-0.00949
5292.41774	-0.00939
5290.48901	-0.00942
5288.56029	-0.00935
5286.63157	-0.00953
5284.70284	-0.00992
5282.77412	-0.01006
5280.84540	-0.00982
5278.91667	-0.00916
5276.98795	-0.00799
5275.05922	-0.00682
5273.13050	-0.00646
5271.20178	-0.00695
5269.27305	-0.00769
5267.34433	-0.00838
5265.41561	-0.00922
5263.48688	-0.00996
5261.55816	-0.00985
5259.62943	-0.00894
5257.70071	-0.00828
5255.77199	-0.00816
5253.84326	-0.00771
5251.91454	-0.00697
5249.98582	-0.00713
5248.05709	-0.00807
5246.12837	-0.00841
5244.19965	-0.00771
5242.27092	-0.00685
5240.34220	-0.00641
5238.41347	-0.00633
5236.48475	-0.00649
5234.55603	-0.00686
5232.62730	-0.00718
5230.69858	-0.00720
5228.76986	-0.00709
5226.84113	-0.00721
5224.91241	-0.00740
5222.98369	-0.00716
5221.05496	-0.00659
5219.12624	-0.00608
5217.19751	-0.00574
5215.26879	-0.00563
5213.34007	-0.00580
5211.41134	-0.00628
5209.48262	-0.00692
5207.55390	-0.00728
5205.62517	-0.00678
5203.69645	-0.00564
5201.76772	-0.00485
5199.83900	-0.00483
5197.91028	-0.00524
5195.98155	-0.00547
5194.05283	-0.00593
5192.12411	-0.00676
5190.19538	-0.00708
5188.26666	-0.00673
5186.33794	-0.00655
5184.40921	-0.00681
5182.48049	-0.00699
5180.55176	-0.00695
5178.62304	-0.00685
5176.69432	-0.00674
5174.76559	-0.00677
5172.83687	-0.00700
5170.90815	-0.00714
5168.97942	-0.00707
5167.05070	-0.00722
5165.12198	-0.00778
5163.19325	-0.00823
5161.26453	-0.00844
5159.33580	-0.00842
5157.40708	-0.00808
5155.47836	-0.00769
5153.54963	-0.00752
5151.62091	-0.00751
5149.69219	-0.00752
5147.76346	-0.00744
5145.83474	-0.00731
5143.90601	-0.00729
5141.97729	-0.00733
5140.04857	-0.00735
5138.11984	-0.00767
5136.19112	-0.00825
5134.26240	-0.00845
5132.33367	-0.00822
5130.40495	-0.00811
5128.47623	-0.00816
5126.54750	-0.00816
5124.61878	-0.00819
5122.69005	-0.00805
5120.76133	-0.00768
5118.83261	-0.00744
5116.90388	-0.00749
5114.97516	-0.00758
5113.04644	-0.00755
5111.11771	-0.00742
5109.18899	-0.00727
5107.26027	-0.00724
5105.33154	-0.00723
5103.40282	-0.00729
5101.47409	-0.00758
5099.54537	-0.00791
5097.61665	-0.00795
5095.68792	-0.00770
5093.75920	-0.00737
5091.83048	-0.00707
5089.90175	-0.00709
5087.97303	-0.00780
5086.04431	-0.00856
5084.11558	-0.00846
5082.18686	-0.00772
5080.25813	-0.00724
5078.32941	-0.00719
5076.40069	-0.00716
5074.47196	-0.00733
5072.54324	-0.00767
5070.61452	-0.00776
5068.68579	-0.00751
5066.75707	-0.00738
5064.82834	-0.00754
5062.89962	-0.00758
5060.97090	-0.00738
5059.04217	-0.00725
5057.11345	-0.00720
5055.18473	-0.00740
5053.25600	-0.00798
5051.32728	-0.00845
5049.39856	-0.00844
5047.46983	-0.00831
5045.54111	-0.00838
5043.61238	-0.00831
5041.68366	-0.00800
5039.75494	-0.00780
5037.82621	-0.00775
5035.89749	-0.00776
5033.96877	-0.00781
5032.04004	-0.00764
5030.11132	-0.00725
5028.18260	-0.00700
5026.25387	-0.00689
5024.32515	-0.00671
5022.39642	-0.00671
5020.46770	-0.00714
5018.53898	-0.00782
5016.61025	-0.00843
5014.68153	-0.00848
5012.75281	-0.00810
5010.82408	-0.00786
5008.89536	-0.00788
5006.96663	-0.00806
5005.03791	-0.00830
5003.10919	-0.00837
5001.18046	-0.00817
4999.25174	-0.00788
4997.32302	-0.00800
4995.39429	-0.00806
4993.46557	-0.00808
4991.53685	-0.00820
4989.60812	-0.00831
4987.67940	-0.00824
4985.75067	-0.00802
4983.82195	-0.00800
4981.89323	-0.00816
4979.96450	-0.00827
4978.03578	-0.00846
4976.10706	-0.00849
4974.17833	-0.00804
4972.24961	-0.00750
4970.32089	-0.00726
4968.39216	-0.00719
4966.46344	-0.00716
4964.53471	-0.00714
4962.60599	-0.00700
4960.67727	-0.00683
4958.74854	-0.00702
4956.81982	-0.00752
4954.89110	-0.00794
4952.96237	-0.00818
4951.03365	-0.00793
4949.10492	-0.00725
4947.17620	-0.00698
4945.24748	-0.00718
4943.31875	-0.00717
4941.39003	-0.00682
4939.46131	-0.00645
4937.53258	-0.00632
4935.60386	-0.00665
4933.67514	-0.00724
4931.74641	-0.00765
4929.81769	-0.00766
4927.88896	-0.00750
4925.96024	-0.00769
4924.03152	-0.00795
4922.10279	-0.00760
4920.17407	-0.00692
4918.24535	-0.00653
4916.31662	-0.00658
4914.38790	-0.00698
4912.45918	-0.00741
4910.53045	-0.00743
4908.60173	-0.00702
4906.67300	-0.00669
4904.74428	-0.00674
4902.81556	-0.00696
4900.88683	-0.00700
4898.95811	-0.00695
4897.02939	-0.00709
4895.10066	-0.00744
4893.17194	-0.00764
4891.24321	-0.00757
4889.31449	-0.00754
4887.38577	-0.00761
4885.45704	-0.00773
4883.52832	-0.00786
4881.59960	-0.00782
4879.67087	-0.00764
4877.74215	-0.00757
4875.81343	-0.00744
4873.88470	-0.00716
4871.95598	-0.00707
4870.02725	-0.00714
4868.09853	-0.00721
4866.16981	-0.00721
4864.24108	-0.00738
4862.31236	-0.00770
4860.38364	-0.00768
4858.45491	-0.00738
4856.52619	-0.00733
4854.59747	-0.00740
4852.66874	-0.00705
4850.74002	-0.00666
4848.81129	-0.00693
4846.88257	-0.00751
4844.95385	-0.00737
4843.02512	-0.00668
4841.09640	-0.00662
4839.16768	-0.00717
4837.23895	-0.00757
4835.31023	-0.00762
4833.38150	-0.00733
4831.45278	-0.00699
4829.52406	-0.00700
4827.59533	-0.00700
4825.66661	-0.00671
4823.73789	-0.00664
4821.80916	-0.00714
4819.88044	-0.00781
4817.95172	-0.00815
4816.02299	-0.00822
4814.09427	-0.00827
4812.16554	-0.00827
4810.23682	-0.00802
4808.30810	-0.00773
4806.37937	-0.00770
4804.45065	-0.00781
4802.52193	-0.00784
4800.59320	-0.00782
4798.66448	-0.00794
4796.73576	-0.00821
4794.80703	-0.00846
4792.87831	-0.00860
4790.94958	-0.00863
4789.02086	-0.00841
4787.09214	-0.00814
4785.16341	-0.00809
4783.23469	-0.00802
4781.30597	-0.00795
4779.37724	-0.00826
4777.44852	-0.00866
4775.51979	-0.00861
4773.59107	-0.00825
4771.66235	-0.00811
4769.73362	-0.00827
4767.80490	-0.00836
4765.87618	-0.00821
4763.94745	-0.00803
4762.01873	-0.00815
4760.09001	-0.00851
4758.16128	-0.00858
4756.23256	-0.00828
4754.30383	-0.00804
4752.37511	-0.00793
4750.44639	-0.00781
4748.51766	-0.00793
4746.58894	-0.00828
4744.66022	-0.00847
4742.73149	-0.00844
4740.80277	-0.00816
4738.87405	-0.00790
4736.94532	-0.00801
4735.01660	-0.00827
4733.08787	-0.00840
4731.15915	-0.00822
4729.23043	-0.00763
4727.30170	-0.00707
4725.37298	-0.00695
4723.44426	-0.00714
4721.51553	-0.00727
4719.58681	-0.00720
4717.65808	-0.00730
4715.72936	-0.00765
4713.80064	-0.00777
4711.87191	-0.00753
4709.94319	-0.00731
4708.01447	-0.00759
4706.08574	-0.00814
4704.15702	-0.00835
4702.22830	-0.00845
4700.29957	-0.00871
4698.37085	-0.00860
4696.44212	-0.00796
4694.51340	-0.00720
4692.58468	-0.00679
4690.65595	-0.00696
4688.72723	-0.00739
4686.79851	-0.00758
4684.86978	-0.00760
4682.94106	-0.00759
4681.01234	-0.00743
4679.08361	-0.00721
4677.15489	-0.00706
4675.22616	-0.00709
4673.29744	-0.00737
4671.36872	-0.00772
4669.43999	-0.00776
4667.51127	-0.00736
4665.58255	-0.00705
4663.65382	-0.00712
4661.72510	-0.00727
4659.79638	-0.00724
4657.86765	-0.00703
4655.93893	-0.00667
4654.01020	-0.00637
4652.08148	-0.00656
4650.15276	-0.00707
4648.22403	-0.00710
4646.29531	-0.00658
4644.36659	-0.00626
4642.43786	-0.00620
4640.50914	-0.00596
4638.58041	-0.00573
4636.65169	-0.00588
4634.72297	-0.00633
4632.79424	-0.00697
4630.86552	-0.00752
4628.93680	-0.00736
4627.00807	-0.00659
4625.07935	-0.00588
4623.15063	-0.00561
4621.22190	-0.00576
4619.29318	-0.00612
4617.36445	-0.00648
4615.43573	-0.00675
4613.50701	-0.00686
4611.57828	-0.00675
4609.64956	-0.00656
4607.72084	-0.00654
4605.79211	-0.00662
4603.86339	-0.00662
4601.93467	-0.00670
4600.00594	-0.00701
4598.07722	-0.00735
4596.14849	-0.00739
4594.21977	-0.00710
4592.29105	-0.00684
4590.36232	-0.00675
4588.43360	-0.00675
4586.50488	-0.00663
4584.57615	-0.00646
4582.64743	-0.00654
4580.71870	-0.00669
4578.78998	-0.00673
4576.86126	-0.00712
4574.93253	-0.00780
4573.00381	-0.00793
4571.07509	-0.00753
4569.14636	-0.00730
4567.21764	-0.00713
4565.28892	-0.00676
4563.36019	-0.00637
4561.43147	-0.00609
4559.50274	-0.00610
4557.57402	-0.00664
4555.64530	-0.00747
4553.71657	-0.00800
4551.78785	-0.00802
4549.85913	-0.00777
4547.93040	-0.00758
4546.00168	-0.00750
4544.07296	-0.00749
4542.14423	-0.00747
4540.21551	-0.00723
4538.28678	-0.00698
4536.35806	-0.00715
4534.42934	-0.00749
4532.50061	-0.00757
4530.57189	-0.00736
4528.64317	-0.00727
4526.71444	-0.00737
4524.78572	-0.00747
4522.85699	-0.00765
4520.92827	-0.00789
4518.99955	-0.00794
4517.07082	-0.00777
4515.14210	-0.00760
4513.21338	-0.00750
4511.28465	-0.00758
4509.35593	-0.00792
4507.42721	-0.00828
4505.49848	-0.00838
4503.56976	-0.00831
4501.64103	-0.00807
4499.71231	-0.00777
4497.78359	-0.00774
4495.85486	-0.00779
4493.92614	-0.00757
4491.99742	-0.00735
4490.06869	-0.00738
4488.13997	-0.00750
4486.21125	-0.00770
4484.28252	-0.00804
4482.35380	-0.00824
4480.42507	-0.00808
4478.49635	-0.00765
4476.56763	-0.00725
4474.63890	-0.00725
4472.71018	-0.00777
4470.78146	-0.00828
4468.85273	-0.00834
4466.92401	-0.00816
4464.99528	-0.00785
4463.06656	-0.00752
4461.13784	-0.00743
4459.20911	-0.00732
4457.28039	-0.00699
4455.35167	-0.00684
4453.42294	-0.00688
4451.49422	-0.00690
4449.56550	-0.00693
4447.63677	-0.00690
4445.70805	-0.00681
4443.77932	-0.00680
4441.85060	-0.00691
4439.92188	-0.00714
4437.99315	-0.00725
4436.06443	-0.00694
4434.13571	-0.00648
4432.20698	-0.00638
4430.27826	-0.00651
4428.34954	-0.00667
4426.42081	-0.00687
4424.49209	-0.00703
4422.56336	-0.00695
4420.63464	-0.00675
4418.70592	-0.00672
4416.77719	-0.00678
4414.84847	-0.00676
4412.91975	-0.00677
4410.99102	-0.00682
4409.06230	-0.00671
4407.13357	-0.00640
4405.20485	-0.00592
4403.27613	-0.00558
4401.34740	-0.00576
4399.41868	-0.00632
4397.48996	-0.00692
4395.56123	-0.00722
4393.63251	-0.00703
4391.70379	-0.00669
4389.77506	-0.00656
4387.84634	-0.00643
4385.91761	-0.00607
4383.98889	-0.00575
4382.06017	-0.00571
4380.13144	-0.00598
4378.20272	-0.00650
4376.27400	-0.00695
4374.34527	-0.00708
4372.41655	-0.00714
4370.48783	-0.00718
4368.55910	-0.00689
4366.63038	-0.00648
4364.70165	-0.00629
4362.77293	-0.00623
4360.84421	-0.00615
4358.91548	-0.00610
4356.98676	-0.00610
4355.05804	-0.00607
4353.12931	-0.00596
4351.20059	-0.00591
4349.27186	-0.00589
4347.34314	-0.00582
4345.41442	-0.00595
4343.48569	-0.00627
4341.55697	-0.00653
4339.62825	-0.00660
4337.69952	-0.00650
4335.77080	-0.00637
4333.84208	-0.00634
4331.91335	-0.00641
4329.98463	-0.00653
4328.05590	-0.00667
4326.12718	-0.00693
4324.19846	-0.00715
4322.26973	-0.00705
4320.34101	-0.00679
4318.41229	-0.00650
4316.48356	-0.00625
4314.55484	-0.00653
4312.62612	-0.00711
4310.69739	-0.00731
4308.76867	-0.00703
4306.83994	-0.00671
4304.91122	-0.00667
4302.98250	-0.00677
4301.05377	-0.00661
4299.12505	-0.00618
4297.19633	-0.00604
4295.26760	-0.00665
4293.33888	-0.00739
4291.41015	-0.00746
4289.48143	-0.00712
4287.55271	-0.00697
4285.62398	-0.00696
4283.69526	-0.00687
4281.76654	-0.00687
4279.83781	-0.00692
4277.90909	-0.00669
4275.98037	-0.00635
4274.05164	-0.00636
4272.12292	-0.00661
4270.19419	-0.00679
4268.26547	-0.00685
4266.33675	-0.00681
4264.40802	-0.00674
4262.47930	-0.00682
4260.55058	-0.00702
4258.62185	-0.00707
4256.69313	-0.00682
4254.76441	-0.00655
4252.83568	-0.00652
4250.90696	-0.00659
4248.97823	-0.00669
4247.04951	-0.00677
4245.12079	-0.00681
4243.19206	-0.00695
4241.26334	-0.00720
4239.33462	-0.00739
4237.40589	-0.00747
4235.47717	-0.00750
4233.54845	-0.00751
4231.61972	-0.00775
4229.69100	-0.00819
4227.76227	-0.00848
4225.83355	-0.00832
4223.90483	-0.00769
4221.97610	-0.00707
4220.04738	-0.00693
4218.11866	-0.00722
4216.18993	-0.00771
4214.26121	-0.00801
4212.33248	-0.00794
4210.40376	-0.00776
4208.47504	-0.00758
4206.54631	-0.00717
4204.61759	-0.00670
4202.68887	-0.00643
4200.76014	-0.00637
4198.83142	-0.00647
4196.90270	-0.00670
4194.97397	-0.00706
4193.04525	-0.00737
4191.11652	-0.00746
4189.18780	-0.00735
4187.25908	-0.00707
4185.33035	-0.00682
4183.40163	-0.00690
4181.47291	-0.00718
4179.54418	-0.00736
4177.61546	-0.00738
4175.68674	-0.00735
4173.75801	-0.00732
4171.82929	-0.00735
4169.90056	-0.00734
4167.97184	-0.00713
4166.04312	-0.00696
4164.11439	-0.00724
4162.18567	-0.00780
4160.25695	-0.00802
4158.32822	-0.00786
4156.39950	-0.00781
4154.47077	-0.00783
4152.54205	-0.00764
4150.61333	-0.00748
4148.68460	-0.00752
4146.75588	-0.00755
4144.82716	-0.00755
4142.89843	-0.00766
4140.96971	-0.00775
4139.04099	-0.00780
4137.11226	-0.00802
4135.18354	-0.00839
4133.25481	-0.00854
4131.32609	-0.00827
4129.39737	-0.00795
4127.46864	-0.00791
4125.53992	-0.00806
4123.61120	-0.00808
4121.68247	-0.00794
4119.75375	-0.00785
4117.82503	-0.00790
4115.89630	-0.00801
4113.96758	-0.00795
4112.03885	-0.00771
4110.11013	-0.00761
4108.18141	-0.00787
4106.25268	-0.00819
4104.32396	-0.00811
4102.39524	-0.00766
4100.46651	-0.00729
4098.53779	-0.00727
4096.60906	-0.00743
4094.68034	-0.00759
4092.75162	-0.00759
4090.82289	-0.00756
4088.89417	-0.00764
4086.96545	-0.00758
4085.03672	-0.00739
4083.10800	-0.00718
4081.17928	-0.00702
4079.25055	-0.00708
4077.32183	-0.00739
4075.39310	-0.00764
4073.46438	-0.00751
4071.53566	-0.00704
4069.60693	-0.00673
4067.67821	-0.00685
4065.74949	-0.00707
4063.82076	-0.00710
4061.89204	-0.00716
4059.96332	-0.00734
4058.03459	-0.00735
4056.10587	-0.00719
4054.17714	-0.00715
4052.24842	-0.00719
4050.31970	-0.00714
4048.39097	-0.00743
4046.46225	-0.00829
4044.53353	-0.00877
4042.60480	-0.00830
4040.67608	-0.00764
4038.74735	-0.00741
4036.81863	-0.00735
4034.88991	-0.00720
4032.96118	-0.00723
4031.03246	-0.00745
4029.10374	-0.00759
4027.17501	-0.00772
4025.24629	-0.00789
4023.31757	-0.00784
4021.38884	-0.00777
4019.46012	-0.00775
4017.53139	-0.00764
4015.60267	-0.00766
4013.67395	-0.00782
4011.74522	-0.00821
4009.81650	-0.00886
4007.88778	-0.00908
4005.95905	-0.00863
4004.03033	-0.00823
4002.10161	-0.00811
4000.17288	-0.00802
3998.24416	-0.00806
3996.31543	-0.00783
3994.38671	-0.00771
3992.45799	-0.00785
3990.52926	-0.00798
3988.60054	-0.00796
3986.67182	-0.00781
3984.74309	-0.00770
3982.81437	-0.00777
3980.88564	-0.00786
3978.95692	-0.00773
3977.02820	-0.00745
3975.09947	-0.00730
3973.17075	-0.00729
3971.24203	-0.00722
3969.31330	-0.00710
3967.38458	-0.00701
3965.45586	-0.00697
3963.52713	-0.00697
3961.59841	-0.00690
3959.66968	-0.00666
3957.74096	-0.00632
3955.81224	-0.00615
3953.88351	-0.00622
3951.95479	-0.00655
3950.02607	-0.00720
3948.09734	-0.00776
3946.16862	-0.00753
3944.23990	-0.00686
3942.31117	-0.00652
3940.38245	-0.00647
3938.45372	-0.00645
3936.52500	-0.00660
3934.59628	-0.00696
3932.66755	-0.00711
3930.73883	-0.00681
3928.81011	-0.00629
3926.88138	-0.00579
3924.95266	-0.00552
3923.02393	-0.00580
3921.09521	-0.00631
3919.16649	-0.00669
3917.23776	-0.00687
3915.30904	-0.00675
3913.38032	-0.00653
3911.45159	-0.00645
3909.52287	-0.00645
3907.59415	-0.00634
3905.66542	-0.00648
3903.73670	-0.00719
3901.80797	-0.00772
3899.87925	-0.00762
3897.95053	-0.00762
3896.02180	-0.00782
3894.09308	-0.00777
3892.16436	-0.00763
3890.23563	-0.00777
3888.30691	-0.00803
3886.37819	-0.00830
3884.44946	-0.00866
3882.52074	-0.00921
3880.59201	-0.00972
3878.66329	-0.00985
3876.73457	-0.00970
3874.80584	-0.00957
3872.87712	-0.00965
3870.94840	-0.00979
3869.01967	-0.00978
3867.09095	-0.00966
3865.16222	-0.00962
3863.23350	-0.00980
3861.30478	-0.01022
3859.37605	-0.01081
3857.44733	-0.01148
3855.51861	-0.01153
3853.58988	-0.01042
3851.66116	-0.00969
3849.73244	-0.01009
3847.80371	-0.01079
3845.87499	-0.01087
3843.94626	-0.01059
3842.01754	-0.01040
3840.08882	-0.01035
3838.16009	-0.01047
3836.23137	-0.01064
3834.30265	-0.01059
3832.37392	-0.01033
3830.44520	-0.00999
3828.51648	-0.00983
3826.58775	-0.00983
3824.65903	-0.00966
3822.73030	-0.00921
3820.80158	-0.00912
3818.87286	-0.00959
3816.94413	-0.00985
3815.01541	-0.00969
3813.08669	-0.00941
3811.15796	-0.00915
3809.22924	-0.00871
3807.30052	-0.00845
3805.37179	-0.00845
3803.44307	-0.00833
3801.51434	-0.00817
3799.58562	-0.00828
3797.65690	-0.00832
3795.72817	-0.00789
3793.79945	-0.00710
3791.87073	-0.00647
3789.94200	-0.00622
3788.01328	-0.00626
3786.08455	-0.00630
3784.15583	-0.00629
3782.22711	-0.00618
3780.29838	-0.00613
3778.36966	-0.00637
3776.44094	-0.00672
3774.51221	-0.00692
3772.58349	-0.00696
3770.65477	-0.00718
3768.72604	-0.00783
3766.79732	-0.00858
3764.86859	-0.00918
3762.93987	-0.00958
3761.01115	-0.00988
3759.08242	-0.01050
3757.15370	-0.01152
3755.22498	-0.01224
3753.29625	-0.01244
3751.36753	-0.01270
3749.43881	-0.01336
3747.51008	-0.01371
3745.58136	-0.01383
3743.65263	-0.01323
3741.72391	-0.01229
3739.79519	-0.01177
3737.86646	-0.01128
3735.93774	-0.01041
3734.00902	-0.00951
3732.08029	-0.00869
3730.15157	-0.00783
3728.22284	-0.00689
3726.29412	-0.00592
3724.36540	-0.00502
3722.43667	-0.00394
3720.50795	-0.00242
3718.57923	-0.00075
3716.65050	0.00078
3714.72178	0.00253
3712.79306	0.00510
3710.86433	0.00796
3708.93561	0.01027
3707.00688	0.01207
3705.07816	0.01390
3703.14944	0.01614
3701.22071	0.01859
3699.29199	0.02087
3697.36327	0.02288
3695.43454	0.02475
3693.50582	0.02666
3691.57710	0.02883
3689.64837	0.03108
3687.71965	0.03319
3685.79092	0.03517
3683.86220	0.03696
3681.93348	0.03894
3680.00475	0.04136
3678.07603	0.04439
3676.14731	0.04839
3674.21858	0.05234
3672.28986	0.05513
3670.36113	0.05723
3668.43241	0.05901
3666.50369	0.06037
3664.57496	0.06198
3662.64624	0.06431
3660.71752	0.06676
3658.78879	0.06861
3656.86007	0.06982
3654.93135	0.07073
3653.00262	0.07183
3651.07390	0.07336
3649.14517	0.07466
3647.21645	0.07555
3645.28773	0.07613
3643.35900	0.07657
3641.43028	0.07735
3639.50156	0.07839
3637.57283	0.07918
3635.64411	0.07968
3633.71539	0.08014
3631.78666	0.08075
3629.85794	0.08181
3627.92921	0.08317
3626.00049	0.08426
3624.07177	0.08503
3622.14304	0.08597
3620.21432	0.08710
3618.28560	0.08785
3616.35687	0.08791
3614.42815	0.08761
3612.49942	0.08735
3610.57070	0.08759
3608.64198	0.08864
3606.71325	0.08998
3604.78453	0.09089
3602.85581	0.09154
3600.92708	0.09230
3598.99836	0.09300
3597.06964	0.09361
3595.14091	0.09429
3593.21219	0.09491
3591.28346	0.09543
3589.35474	0.09636
3587.42602	0.09770
3585.49729	0.09885
3583.56857	0.09970
3581.63985	0.10052
3579.71112	0.10143
3577.78240	0.10223
3575.85368	0.10278
3573.92495	0.10330
3571.99623	0.10418
3570.06750	0.10547
3568.13878	0.10678
3566.21006	0.10772
3564.28133	0.10838
3562.35261	0.10905
3560.42389	0.10991
3558.49516	0.11081
3556.56644	0.11158
3554.63771	0.11222
3552.70899	0.11280
3550.78027	0.11332
3548.85154	0.11387
3546.92282	0.11462
3544.99410	0.11561
3543.06537	0.11658
3541.13665	0.11738
3539.20793	0.11800
3537.27920	0.11847
3535.35048	0.11894
3533.42175	0.11965
3531.49303	0.12055
3529.56431	0.12135
3527.63558	0.12195
3525.70686	0.12263
3523.77814	0.12350
3521.84941	0.12416
3519.92069	0.12460
3517.99197	0.12512
3516.06324	0.12574
3514.13452	0.12624
3512.20579	0.12663
3510.27707	0.12711
3508.34835	0.12759
3506.41962	0.12790
3504.49090	0.12825
3502.56218	0.12900
3500.63345	0.13008
3498.70473	0.13108
3496.77600	0.13174
3494.84728	0.13206
3492.91856	0.13241
3490.98983	0.13300
3489.06111	0.13357
3487.13239	0.13385
3485.20366	0.13412
3483.27494	0.13471
3481.34622	0.13533
3479.41749	0.13578
3477.48877	0.13624
3475.56004	0.13680
3473.63132	0.13720
3471.70260	0.13728
3469.77387	0.13745
3467.84515	0.13802
3465.91643	0.13861
3463.98770	0.13884
3462.05898	0.13884
3460.13026	0.13893
3458.20153	0.13924
3456.27281	0.13978
3454.34408	0.14029
3452.41536	0.14041
3450.48664	0.14029
3448.55791	0.14020
3446.62919	0.14008
3444.70047	0.13994
3442.77174	0.13990
3440.84302	0.13988
3438.91429	0.13985
3436.98557	0.13993
3435.05685	0.14005
3433.12812	0.14010
3431.19940	0.14013
3429.27068	0.14011
3427.34195	0.13978
3425.41323	0.13925
3423.48451	0.13895
3421.55578	0.13888
3419.62706	0.13884
3417.69833	0.13888
3415.76961	0.13909
3413.84089	0.13925
3411.91216	0.13905
3409.98344	0.13855
3408.05472	0.13819
3406.12599	0.13804
3404.19727	0.13761
3402.26855	0.13685
3400.33982	0.13586
3398.41110	0.13358
3396.48237	0.13318
3394.55365	0.13326
3392.62493	0.13329
3390.69620	0.13342
3388.76748	0.13326
3386.83876	0.13251
3384.91003	0.13188
3382.98131	0.13152
3381.05259	0.13111
3379.12386	0.13058
3377.19514	0.13009
3375.26641	0.12948
3373.33769	0.12846
3371.40897	0.12704
3369.48024	0.12565
3367.55152	0.12465
3365.62280	0.12420
3363.69407	0.12406
3361.76535	0.12380
3359.83662	0.12326
3357.90790	0.12259
3355.97918	0.12194
3354.05045	0.12120
3352.12173	0.12023
3350.19301	0.11930
3348.26428	0.11862
3346.33556	0.11783
3344.40684	0.11684
3342.47811	0.11585
3340.54939	0.11469
3338.62066	0.11336
3336.69194	0.11231
3334.76322	0.11164
3332.83449	0.11096
3330.90577	0.11015
3328.97705	0.10926
3327.04832	0.10823
3325.11960	0.10707
3323.19088	0.10602
3321.26215	0.10510
3319.33343	0.10394
3317.40470	0.10246
3315.47598	0.10104
3313.54726	0.09990
3311.61853	0.09883
3309.68981	0.09754
3307.76109	0.09612
3305.83236	0.09478
3303.90364	0.09358
3301.97491	0.09253
3300.04619	0.09144
3298.11747	0.09007
3296.18874	0.08839
3294.26002	0.08669
3292.33130	0.08519
3290.40257	0.08380
3288.47385	0.08234
3286.54513	0.08082
3284.61640	0.07926
3282.68768	0.07762
3280.75895	0.07582
3278.83023	0.07380
3276.90151	0.07174
3274.97278	0.07000
3273.04406	0.06867
3271.11534	0.06746
3269.18661	0.06599
3267.25789	0.06411
3265.32917	0.06209
3263.40044	0.06030
3261.47172	0.05870
3259.54299	0.05679
3257.61427	0.05449
3255.68555	0.05228
3253.75682	0.05047
3251.82810	0.04899
3249.89938	0.04763
3247.97065	0.04590
3246.04193	0.04368
3244.11320	0.04156
3242.18448	0.03990
3240.25576	0.03825
3238.32703	0.03625
3236.39831	0.03414
3234.46959	0.03219
3232.54086	0.03016
3230.61214	0.02797
3228.68342	0.02593
3226.75469	0.02415
3224.82597	0.02233
3222.89724	0.02038
3220.96852	0.01858
3219.03980	0.01691
3217.11107	0.01512
3215.18235	0.01329
3213.25363	0.01165
3211.32490	0.01009
3209.39618	0.00842
3207.46746	0.00677
3205.53873	0.00530
3203.61001	0.00377
3201.68128	0.00192
3199.75256	0.00001
3197.82384	-0.00156
3195.89511	-0.00279
3193.96639	-0.00409
3192.03767	-0.00578
3190.10894	-0.00753
3188.18022	-0.00883
3186.25149	-0.00975
3184.32277	-0.01068
3182.39405	-0.01195
3180.46532	-0.01366
3178.53660	-0.01554
3176.60788	-0.01718
3174.67915	-0.01849
3172.75043	-0.01971
3170.82171	-0.02101
3168.89298	-0.02237
3166.96426	-0.02377
3165.03553	-0.02496
3163.10681	-0.02586
3161.17809	-0.02697
3159.24936	-0.02853
3157.32064	-0.02999
3155.39192	-0.03104
3153.46319	-0.03193
3151.53447	-0.03283
3149.60575	-0.03377
3147.67702	-0.03483
3145.74830	-0.03587
3143.81957	-0.03678
3141.89085	-0.03766
3139.96213	-0.03843
3138.03340	-0.03913
3136.10468	-0.04006
3134.17596	-0.04114
3132.24723	-0.04208
3130.31851	-0.04283
3128.38978	-0.04343
3126.46106	-0.04411
3124.53234	-0.04491
3122.60361	-0.04547
3120.67489	-0.04571
3118.74617	-0.04583
3116.81744	-0.04587
3114.88872	-0.04559
3112.96000	-0.04475
3111.03127	-0.04356
3109.10255	-0.04245
3107.17382	-0.04151
3105.24510	-0.04064
3103.31638	-0.03980
3101.38765	-0.03876
3099.45893	-0.03733
3097.53021	-0.03567
3095.60148	-0.03391
3093.67276	-0.03206
3091.74404	-0.03017
3089.81531	-0.02826
3087.88659	-0.02638
3085.95786	-0.02471
3084.02914	-0.02311
3082.10042	-0.02144
3080.17169	-0.01976
3078.24297	-0.01787
3076.31425	-0.01574
3074.38552	-0.01383
3072.45680	-0.01226
3070.52807	-0.01080
3068.59935	-0.00940
3066.67063	-0.00813
3064.74190	-0.00690
3062.81318	-0.00564
3060.88446	-0.00456
3058.95573	-0.00382
3057.02701	-0.00311
3055.09829	-0.00206
3053.16956	-0.00087
3051.24084	-0.00007
3049.31211	0.00036
3047.38339	0.00082
3045.45467	0.00126
3043.52594	0.00133
3041.59722	0.00124
3039.66850	0.00120
3037.73977	0.00103
3035.81105	0.00064
3033.88233	0.00024
3031.95360	-0.00006
3030.02488	-0.00031
3028.09615	-0.00057
3026.16743	-0.00083
3024.23871	-0.00102
3022.30998	-0.00131
3020.38126	-0.00175
3018.45254	-0.00174
3016.52381	-0.00123
3014.59509	-0.00125
3012.66636	-0.00203
3010.73764	-0.00257
3008.80892	-0.00246
3006.88019	-0.00205
3004.95147	-0.00138
3003.02275	-0.00045
3001.09402	0.00048
2999.16530	0.00115
2997.23658	-0.00042
2995.30785	-0.00190
2993.37913	-0.00324
2991.45040	-0.00427
2989.52168	-0.00344
2987.59296	-0.00258
2985.66423	-0.00178
2983.73551	-0.00099
2981.80679	-0.00018
2979.87806	0.00074
2977.94934	0.00241
2976.02062	0.00464
2974.09189	0.00582
2972.16317	0.00555
2970.23444	0.00531
2968.30572	0.00579
2966.37700	0.00657
2964.44827	0.00751
2962.51955	0.00852
2960.59083	0.00930
2958.66210	0.00966
2956.73338	0.00964
2954.80466	0.00958
2952.87593	0.00987
2950.94721	0.01055
2949.01848	0.01135
2947.08976	0.01216
2945.16104	0.01293
2943.23231	0.01368
2941.30359	0.01463
2939.37487	0.01584
2937.44614	0.01696
2935.51742	0.01779
2933.58869	0.01852
2931.65997	0.01941
2929.73125	0.02034
2927.80252	0.02093
2925.87380	0.02105
2923.94508	0.02072
2922.01635	0.01993
2920.08763	0.01866
2918.15891	0.01702
2916.23018	0.01519
2914.30146	0.01322
2912.37273	0.01129
2910.44401	0.00951
2908.51529	0.00780
2906.58656	0.00613
2904.65784	0.00466
2902.72912	0.00347
2900.80039	0.00234
2898.87167	0.00108
2896.94295	-0.00011
2895.01422	-0.00113
2893.08550	-0.00221
2891.15677	-0.00339
2889.22805	-0.00452
2887.29933	-0.00437
2885.37060	-0.00419
2883.44188	-0.00395
2881.51316	-0.00347
2879.58443	-0.00293
2877.65571	-0.00237
2875.72698	-0.00181
2873.79826	-0.00136
2871.86954	-0.00106
2869.94081	-0.00081
2868.01209	-0.00054
2866.08337	-0.00013
2864.15464	0.00048
2862.22592	0.00131
2860.29720	0.00236
2858.36847	0.00342
2856.43975	0.00422
2854.51102	0.00462
2852.58230	0.00446
2850.65358	0.00359
2848.72485	0.00220
2846.79613	0.00079
2844.86741	-0.00054
2842.93868	-0.00183
2841.00996	-0.00296
2839.08124	-0.00386
2837.15251	-0.00455
2835.22379	-0.00488
2833.29506	-0.00494
2831.36634	-0.00506
2829.43762	-0.00532
2827.50889	-0.00545
2825.58017	-0.00539
2823.65145	-0.00544
2821.72272	-0.00569
2819.79400	-0.00590
2817.86527	-0.00593
2815.93655	-0.00588
2814.00783	-0.00589
2812.07910	-0.00596
2810.15038	-0.00604
2808.22166	-0.00609
2806.29293	-0.00617
2804.36421	-0.00626
2802.43549	-0.00631
2800.50676	-0.00634
2798.57804	-0.00635
2796.64931	-0.00629
2794.72059	-0.00619
2792.79187	-0.00613
2790.86314	-0.00615
2788.93442	-0.00622
2787.00570	-0.00618
2785.07697	-0.00591
2783.14825	-0.00554
2781.21953	-0.00528
2779.29080	-0.00517
2777.36208	-0.00486
2775.43335	-0.00450
2773.50463	-0.00400
2771.57591	-0.00342
2769.64718	-0.00331
2767.71846	-0.00311
2765.78974	-0.00285
2763.86101	-0.00261
2761.93229	-0.00234
2760.00356	-0.00198
2758.07484	-0.00161
2756.14612	-0.00129
2754.21739	-0.00116
2752.28867	-0.00114
2750.35995	-0.00106
2748.43122	-0.00086
2746.50250	-0.00071
2744.57378	-0.00074
2742.64505	-0.00090
2740.71633	-0.00101
2738.78760	-0.00100
2736.85888	-0.00092
2734.93016	-0.00091
2733.00143	-0.00099
2731.07271	-0.00107
2729.14399	-0.00121
2727.21526	-0.00140
2725.28654	-0.00153
2723.35782	-0.00165
2721.42909	-0.00183
2719.50037	-0.00199
2717.57164	-0.00206
2715.64292	-0.00215
2713.71420	-0.00222
2711.78547	-0.00216
2709.85675	-0.00205
2707.92803	-0.00210
2705.99930	-0.00229
2704.07058	-0.00249
2702.14185	-0.00262
2700.21313	-0.00270
2698.28441	-0.00277
2696.35568	-0.00291
2694.42696	-0.00309
2692.49824	-0.00311
2690.56951	-0.00305
2688.64079	-0.00310
2686.71207	-0.00327
2684.78334	-0.00352
2682.85462	-0.00372
2680.92589	-0.00383
2678.99717	-0.00394
2677.06845	-0.00405
2675.13972	-0.00411
2673.21100	-0.00419
2671.28228	-0.00443
2669.35355	-0.00467
2667.42483	-0.00435
2665.49611	-0.00404
2663.56738	-0.00379
2661.63866	-0.00347
2659.70993	-0.00346
2657.78121	-0.00351
2655.85249	-0.00355
2653.92376	-0.00359
2651.99504	-0.00359
2650.06632	-0.00356
2648.13759	-0.00360
2646.20887	-0.00371
2644.28014	-0.00375
2642.35142	-0.00367
2640.42270	-0.00351
2638.49397	-0.00332
2636.56525	-0.00317
2634.63653	-0.00317
2632.70780	-0.00326
2630.77908	-0.00334
2628.85036	-0.00343
2626.92163	-0.00357
2624.99291	-0.00375
2623.06418	-0.00389
2621.13546	-0.00391
2619.20674	-0.00382
2617.27801	-0.00379
2615.34929	-0.00387
2613.42057	-0.00389
2611.49184	-0.00395
2609.56312	-0.00412
2607.63440	-0.00423
2605.70567	-0.00423
2603.77695	-0.00424
2601.84822	-0.00416
2599.91950	-0.00406
2597.99078	-0.00414
2596.06205	-0.00429
2594.13333	-0.00425
2592.20461	-0.00407
2590.27588	-0.00401
2588.34716	-0.00412
2586.41843	-0.00422
2584.48971	-0.00422
2582.56099	-0.00417
2580.63226	-0.00415
2578.70354	-0.00411
2576.77482	-0.00403
2574.84609	-0.00398
2572.91737	-0.00398
2570.98865	-0.00396
2569.05992	-0.00382
2567.13120	-0.00359
2565.20247	-0.00344
2563.27375	-0.00352
2561.34503	-0.00365
2559.41630	-0.00364
2557.48758	-0.00348
2555.55886	-0.00337
2553.63013	-0.00318
2551.70141	-0.00294
2549.77269	-0.00295
2547.84396	-0.00301
2545.91524	-0.00301
2543.98651	-0.00291
2542.05779	-0.00278
2540.12907	-0.00274
2538.20034	-0.00277
2536.27162	-0.00276
2534.34290	-0.00276
2532.41417	-0.00275
2530.48545	-0.00269
2528.55673	-0.00269
2526.62800	-0.00281
2524.69928	-0.00294
2522.77055	-0.00292
2520.84183	-0.00280
2518.91311	-0.00277
2516.98438	-0.00288
2515.05566	-0.00302
2513.12694	-0.00308
2511.19821	-0.00304
2509.26949	-0.00301
2507.34076	-0.00302
2505.41204	-0.00301
2503.48332	-0.00298
2501.55459	-0.00302
2499.62587	-0.00307
2497.69715	-0.00303
2495.76842	-0.00286
2493.83970	-0.00264
2491.91098	-0.00256
2489.98225	-0.00263
2488.05353	-0.00268
2486.12480	-0.00269
2484.19608	-0.00271
2482.26736	-0.00277
2480.33863	-0.00289
2478.40991	-0.00297
2476.48119	-0.00294
2474.55246	-0.00288
2472.62374	-0.00295
2470.69502	-0.00311
2468.76629	-0.00314
2466.83757	-0.00303
2464.90884	-0.00293
2462.98012	-0.00294
2461.05140	-0.00308
2459.12267	-0.00329
2457.19395	-0.00340
2455.26523	-0.00336
2453.33650	-0.00327
2451.40778	-0.00314
2449.47905	-0.00309
2447.55033	-0.00311
2445.62161	-0.00314
2443.69288	-0.00308
2441.76416	-0.00300
2439.83544	-0.00302
2437.90671	-0.00301
2435.97799	-0.00298
2434.04927	-0.00310
2432.12054	-0.00346
2430.19182	-0.00390
2428.26309	-0.00417
2426.33437	-0.00415
2424.40565	-0.00393
2422.47692	-0.00369
2420.54820	-0.00355
2418.61948	-0.00347
2416.69075	-0.00342
2414.76203	-0.00332
2412.83331	-0.00317
2410.90458	-0.00311
2408.97586	-0.00308
2407.04713	-0.00306
2405.11841	-0.00317
2403.18969	-0.00333
2401.26096	-0.00337
2399.33224	-0.00328
2397.40352	-0.00315
2395.47479	-0.00307
2393.54607	-0.00299
2391.61734	-0.00287
2389.68862	-0.00278
2387.75990	-0.00281
2385.83117	-0.00287
2383.90245	-0.00290
2381.97373	-0.00294
2380.04500	-0.00299
2378.11628	-0.00299
2376.18756	-0.00300
2374.25883	-0.00305
2372.33011	-0.00305
2370.40138	-0.00299
2368.47266	-0.00292
2366.54394	-0.00279
2364.61521	-0.00266
2362.68649	-0.00259
2360.75777	-0.00253
2358.82904	-0.00252
2356.90032	-0.00263
2354.97160	-0.00282
2353.04287	-0.00294
2351.11415	-0.00281
2349.18542	-0.00262
2347.25670	-0.00261
2345.32798	-0.00266
2343.39925	-0.00263
2341.47053	-0.00267
2339.54181	-0.00281
2337.61308	-0.00290
2335.68436	-0.00285
2333.75563	-0.00279
2331.82691	-0.00283
2329.89819	-0.00299
2327.96946	-0.00317
2326.04074	-0.00332
2324.11202	-0.00347
2322.18329	-0.00364
2320.25457	-0.00376
2318.32585	-0.00381
2316.39712	-0.00387
2314.46840	-0.00396
2312.53967	-0.00395
2310.61095	-0.00377
2308.68223	-0.00354
2306.75350	-0.00339
2304.82478	-0.00338
2302.89606	-0.00346
2300.96733	-0.00353
2299.03861	-0.00355
2297.10989	-0.00355
2295.18116	-0.00355
2293.25244	-0.00350
2291.32371	-0.00335
2289.39499	-0.00321
2287.46627	-0.00323
2285.53754	-0.00330
2283.60882	-0.00333
2281.68010	-0.00331
2279.75137	-0.00327
2277.82265	-0.00328
2275.89392	-0.00332
2273.96520	-0.00332
2272.03648	-0.00331
2270.10775	-0.00330
2268.17903	-0.00320
2266.25031	-0.00309
2264.32158	-0.00303
2262.39286	-0.00298
2260.46414	-0.00292
2258.53541	-0.00293
2256.60669	-0.00297
2254.67796	-0.00294
2252.74924	-0.00282
2250.82052	-0.00271
2248.89179	-0.00270
2246.96307	-0.00262
2245.03435	-0.00252
2243.10562	-0.00239
2241.17690	-0.00224
2239.24818	-0.00208
2237.31945	-0.00197
2235.39073	-0.00193
2233.46200	-0.00196
2231.53328	-0.00201
2229.60456	-0.00194
2227.67583	-0.00178
2225.74711	-0.00172
2223.81839	-0.00162
2221.88966	-0.00140
2219.96094	-0.00139
2218.03221	-0.00145
2216.10349	-0.00154
2214.17477	-0.00171
2212.24604	-0.00194
2210.31732	-0.00209
2208.38860	-0.00217
2206.45987	-0.00225
2204.53115	-0.00234
2202.60243	-0.00238
2200.67370	-0.00234
2198.74498	-0.00229
2196.81625	-0.00234
2194.88753	-0.00245
2192.95881	-0.00254
2191.03008	-0.00263
2189.10136	-0.00270
2187.17264	-0.00271
2185.24391	-0.00273
2183.31519	-0.00277
2181.38647	-0.00288
2179.45774	-0.00302
2177.52902	-0.00302
2175.60029	-0.00289
2173.67157	-0.00277
2171.74285	-0.00271
2169.81412	-0.00268
2167.88540	-0.00267
2165.95668	-0.00265
2164.02795	-0.00263
2162.09923	-0.00257
2160.17050	-0.00253
2158.24178	-0.00255
2156.31306	-0.00254
2154.38433	-0.00241
2152.45561	-0.00228
2150.52689	-0.00225
2148.59816	-0.00224
2146.66944	-0.00218
2144.74072	-0.00208
2142.81199	-0.00203
2140.88327	-0.00208
2138.95454	-0.00215
2137.02582	-0.00210
2135.09710	-0.00187
2133.16837	-0.00172
2131.23965	-0.00182
2129.31093	-0.00189
2127.38220	-0.00179
2125.45348	-0.00174
2123.52476	-0.00176
2121.59603	-0.00172
2119.66731	-0.00165
2117.73858	-0.00179
2115.80986	-0.00194
2113.88114	-0.00204
2111.95241	-0.00205
2110.02369	-0.00219
2108.09497	-0.00246
2106.16624	-0.00276
2104.23752	-0.00296
2102.30880	-0.00306
2100.38007	-0.00328
2098.45135	-0.00360
2096.52262	-0.00397
2094.59390	-0.00432
2092.66518	-0.00471
2090.73645	-0.00511
2088.80773	-0.00550
2086.87901	-0.00590
2084.95028	-0.00638
2083.02156	-0.00701
2081.09283	-0.00770
2079.16411	-0.00828
2077.23539	-0.00875
2075.30666	-0.00925
2073.37794	-0.00974
2071.44922	-0.01011
2069.52049	-0.01045
2067.59177	-0.01084
2065.66305	-0.01127
2063.73432	-0.01161
2061.80560	-0.01167
2059.87687	-0.01140
2057.94815	-0.01092
2056.01943	-0.01048
2054.09070	-0.01018
2052.16198	-0.00986
2050.23326	-0.00929
2048.30453	-0.00842
2046.37581	-0.00752
2044.44709	-0.00669
2042.51836	-0.00588
2040.58964	-0.00520
2038.66091	-0.00469
2036.73219	-0.00415
2034.80347	-0.00358
2032.87474	-0.00317
2030.94602	-0.00302
2029.01730	-0.00296
2027.08857	-0.00282
2025.15985	-0.00268
2023.23112	-0.00259
2021.30240	-0.00230
2019.37368	-0.00175
2017.44495	-0.00130
2015.51623	-0.00118
2013.58751	-0.00127
2011.65878	-0.00127
2009.73006	-0.00115
2007.80134	-0.00096
2005.87261	-0.00081
2003.94389	-0.00075
2002.01516	-0.00060
2000.08644	-0.00025
1998.15772	-0.00000
1996.22899	0.00006
1994.30027	0.00010
1992.37155	0.00021
1990.44282	0.00033
1988.51410	0.00046
1986.58538	0.00053
1984.65665	0.00061
1982.72793	0.00074
1980.79920	0.00087
1978.87048	0.00091
1976.94176	0.00082
1975.01303	0.00069
1973.08431	0.00067
1971.15559	0.00072
1969.22686	0.00080
1967.29814	0.00084
1965.36941	0.00074
1963.44069	0.00063
1961.51197	0.00059
1959.58324	0.00050
1957.65452	0.00041
1955.72580	0.00042
1953.79707	0.00042
1951.86835	0.00038
1949.93963	0.00029
1948.01090	0.00018
1946.08218	0.00011
1944.15345	0.00013
1942.22473	0.00015
1940.29601	0.00011
1938.36728	0.00014
1936.43856	0.00023
1934.50984	0.00028
1932.58111	0.00031
1930.65239	0.00033
1928.72367	0.00034
1926.79494	0.00018
1924.86622	0.00009
1922.93749	0.00003
1921.00877	-0.00007
1919.08005	-0.00002
1917.15132	0.00008
1915.22260	0.00000
1913.29388	0.00006
1911.36515	0.00046
1909.43643	0.00099
1907.50770	0.00135
1905.57898	0.00158
1903.65026	0.00188
1901.72153	0.00225
1899.79281	0.00267
1897.86409	0.00314
1895.93536	0.00357
1894.00664	0.00395
1892.07792	0.00441
1890.14919	0.00492
1888.22047	0.00523
1886.29174	0.00540
1884.36302	0.00565
1882.43430	0.00589
1880.50557	0.00600
1878.57685	0.00594
1876.64813	0.00592
1874.71940	0.00625
1872.79068	0.00689
1870.86196	0.00768
1868.93323	0.00821
1867.00451	0.00812
1865.07578	0.00769
1863.14706	0.00739
1861.21834	0.00720
1859.28961	0.00691
1857.36089	0.00648
1855.43217	0.00600
1853.50344	0.00550
1851.57472	0.00494
1849.64599	0.00441
1847.71727	0.00386
1845.78855	0.00319
1843.85982	0.00247
1841.93110	0.00170
1840.00238	0.00106
1838.07365	0.00062
1836.14493	0.00021
1834.21621	0.00002
1832.28748	0.00036
1830.35876	0.00075
1828.43003	0.00061
1826.50131	0.00027
1824.57259	0.00010
1822.64386	-0.00005
1820.71514	-0.00034
1818.78642	-0.00065
1816.85769	-0.00068
1814.92897	-0.00026
1813.00025	0.00035
1811.07152	0.00070
1809.14280	0.00060
1807.21407	0.00031
1805.28535	0.00000
1803.35663	-0.00028
1801.42790	-0.00037
1799.49918	-0.00015
1797.57046	0.00014
1795.64173	0.00058
1793.71301	0.00123
1791.78428	0.00152
1789.85556	0.00114
1787.92684	0.00057
1785.99811	0.00038
1784.06939	0.00084
1782.14067	0.00159
1780.21194	0.00200
1778.28322	0.00203
1776.35450	0.00247
1774.42577	0.00355
1772.49705	0.00431
1770.56832	0.00383
1768.63960	0.00290
1766.71088	0.00261
1764.78215	0.00308
1762.85343	0.00390
1760.92471	0.00460
1758.99598	0.00507
1757.06726	0.00556
1755.13854	0.00621
1753.20981	0.00722
1751.28109	0.00864
1749.35236	0.00988
1747.42364	0.01053
1745.49492	0.01102
1743.56619	0.01184
1741.63747	0.01285
1739.70875	0.01361
1737.78002	0.01421
1735.85130	0.01515
1733.92257	0.01611
1731.99385	0.01617
1730.06513	0.01546
1728.13640	0.01474
1726.20768	0.01442
1724.27896	0.01437
1722.35023	0.01450
1720.42151	0.01521
1718.49279	0.01611
1716.56406	0.01567
1714.63534	0.01403
1712.70661	0.01238
1710.77789	0.01154
1708.84917	0.01162
1706.92044	0.01202
1704.99172	0.01213
1703.06300	0.01252
1701.13427	0.01390
1699.20555	0.01547
1697.27683	0.01633
1695.34810	0.01668
1693.41938	0.01702
1691.49065	0.01783
1689.56193	0.01937
1687.63321	0.02175
1685.70448	0.02485
1683.77576	0.02728
1681.84704	0.02772
1679.91831	0.02760
1677.98959	0.02843
1676.06087	0.03035
1674.13214	0.03244
1672.20342	0.03424
1670.27469	0.03599
1668.34597	0.03717
1666.41725	0.03759
1664.48852	0.03819
1662.55980	0.03893
1660.63108	0.03878
1658.70235	0.03816
1656.77363	0.03844
1654.84490	0.03970
1652.91618	0.03970
1650.98746	0.03779
1649.05873	0.03642
1647.13001	0.03648
1645.20129	0.03627
1643.27256	0.03523
1641.34384	0.03456
1639.41512	0.03488
1637.48639	0.03539
1635.55767	0.03447
1633.62894	0.03184
1631.70022	0.02915
1629.77150	0.02728
1627.84277	0.02575
1625.91405	0.02395
1623.98533	0.02158
1622.05660	0.01856
1620.12788	0.01586
1618.19916	0.01379
1616.27043	0.01115
1614.34171	0.00752
1612.41298	0.00407
1610.48426	0.00125
1608.55554	-0.00155
1606.62681	-0.00469
1604.69809	-0.00786
1602.76937	-0.01087
1600.84064	-0.01370
1598.91192	-0.01608
1596.98319	-0.01776
1595.05447	-0.01897
1593.12575	-0.02000
1591.19702	-0.02097
1589.26830	-0.02186
1587.33958	-0.02255
1585.41085	-0.02286
1583.48213	-0.02279
1581.55341	-0.02228
1579.62468	-0.02096
1577.69596	-0.01892
1575.76723	-0.01726
1573.83851	-0.01671
1571.90979	-0.01609
1569.98106	-0.01466
1568.05234	-0.01326
1566.12362	-0.01223
1564.19489	-0.01080
1562.26617	-0.00792
1560.33745	-0.00325
1558.40872	0.00062
1556.48000	0.00115
1554.55127	0.00066
1552.62255	0.00096
1550.69383	0.00195
1548.76510	0.00298
1546.83638	0.00420
1544.90766	0.00612
1542.97893	0.00853
1541.05021	0.01032
1539.12148	0.00991
1537.19276	0.00800
1535.26404	0.00708
1533.33531	0.00714
1531.40659	0.00664
1529.47787	0.00580
1527.54914	0.00516
1525.62042	0.00447
1523.69170	0.00379
1521.76297	0.00282
1519.83425	0.00115
1517.90552	-0.00052
1515.97680	-0.00225
1514.04808	-0.00435
1512.11935	-0.00596
1510.19063	-0.00627
1508.26191	-0.00625
1506.33318	-0.00815
1504.40446	-0.01183
1502.47574	-0.01476
1500.54701	-0.01596
1498.61829	-0.01617
1496.68956	-0.01684
1494.76084	-0.01806
1492.83212	-0.01864
1490.90339	-0.01831
1488.97467	-0.01841
1487.04595	-0.01959
1485.11722	-0.02091
1483.18850	-0.02153
1481.25977	-0.02152
1479.33105	-0.02111
1477.40233	-0.02004
1475.47360	-0.01825
1473.54488	-0.01637
1471.61616	-0.01545
1469.68743	-0.01573
1467.75871	-0.01598
1465.82999	-0.01581
1463.90126	-0.01603
1461.97254	-0.01638
1460.04381	-0.01585
1458.11509	-0.01524
1456.18637	-0.01640
1454.25764	-0.01881
1452.32892	-0.02093
1450.40020	-0.02204
1448.47147	-0.02277
1446.54275	-0.02414
1444.61403	-0.02623
1442.68530	-0.02848
1440.75658	-0.03045
1438.82785	-0.03223
1436.89913	-0.03445
1434.97041	-0.03732
1433.04168	-0.04034
1431.11296	-0.04354
1429.18424	-0.04761
1427.25551	-0.05272
1425.32679	-0.05886
1423.39806	-0.06621
1421.46934	-0.07467
1419.54062	-0.08455
1417.61189	-0.09548
1415.68317	-0.10523
1413.75445	-0.11387
1411.82572	-0.12308
1409.89700	-0.13300
1407.96828	-0.14211
1406.03955	-0.14987
1404.11083	-0.15640
1402.18210	-0.16075
1400.25338	-0.16206
1398.32466	-0.16033
1396.39593	-0.15553
1394.46721	-0.14799
1392.53849	-0.13951
1390.60976	-0.13167
1388.68104	-0.12532
1386.75232	-0.12055
1384.82359	-0.11408
1382.89487	-0.10215
1380.96614	-0.08639
1379.03742	-0.07166
1377.10870	-0.05997
1375.17997	-0.05027
1373.25125	-0.04206
1371.32253	-0.03551
1369.39380	-0.03003
1367.46508	-0.02526
1365.53635	-0.02128
1363.60763	-0.01802
1361.67891	-0.01544
1359.75018	-0.01341
1357.82146	-0.01163
1355.89274	-0.00989
1353.96401	-0.00807
1352.03529	-0.00612
1350.10657	-0.00423
1348.17784	-0.00277
1346.24912	-0.00179
1344.32039	-0.00094
1342.39167	0.00002
1340.46295	0.00117
1338.53422	0.00241
1336.60550	0.00368
1334.67678	0.00508
1332.74805	0.00667
1330.81933	0.00807
1328.89061	0.00851
1326.96188	0.00837
1325.03316	0.00803
1323.10443	0.00805
1321.17571	0.00890
1319.24699	0.01023
1317.31826	0.01141
1315.38954	0.01242
1313.46082	0.01359
1311.53209	0.01503
1309.60337	0.01666
1307.67464	0.01829
1305.74592	0.01980
1303.81720	0.02121
1301.88847	0.02264
1299.95975	0.02403
1298.03103	0.02538
1296.10230	0.02681
1294.17358	0.02832
1292.24486	0.02985
1290.31613	0.03140
1288.38741	0.03301
1286.45868	0.03477
1284.52996	0.03700
1282.60124	0.03994
1280.67251	0.04336
1278.74379	0.04697
1276.81507	0.05065
1274.88634	0.05449
1272.95762	0.05870
1271.02890	0.06353
1269.10017	0.06925
1267.17145	0.07584
1265.24272	0.08302
1263.31400	0.09063
1261.38528	0.09899
1259.45655	0.10838
1257.52783	0.11872
1255.59911	0.12989
1253.67038	0.14176
1251.74166	0.15402
1249.81294	0.16631
1247.88421	0.17826
1245.95549	0.18958
1244.02676	0.20015
1242.09804	0.20976
1240.16932	0.21809
1238.24059	0.22532
1236.31187	0.23183
1234.38315	0.23771
1232.45442	0.24285
1230.52570	0.24723
1228.59697	0.25093
1226.66825	0.25420
1224.73953	0.25723
1222.81080	0.25979
1220.88208	0.26188
1218.95336	0.26403
1217.02463	0.26621
1215.09591	0.26803
1213.16719	0.26957
1211.23846	0.27108
1209.30974	0.27244
1207.38101	0.27340
1205.45229	0.27418
1203.52357	0.27509
1201.59484	0.27620
1199.66612	0.27735
1197.73740	0.27842
1195.80867	0.27957
1193.87995	0.28080
1191.95123	0.28206
1190.02250	0.28343
1188.09378	0.28508
1186.16505	0.28704
1184.23633	0.28928
1182.30761	0.29171
1180.37888	0.29409
1178.45016	0.29614
1176.52144	0.29772
1174.59271	0.29936
1172.66399	0.30146
1170.73526	0.30336
1168.80654	0.30490
1166.87782	0.30651
1164.94909	0.30789
1163.02037	0.30875
1161.09165	0.30955
1159.16292	0.31061
1157.23420	0.31167
1155.30548	0.31260
1153.37675	0.31360
1151.44803	0.31504
1149.51930	0.31760
1147.59058	0.32180
1145.66186	0.32728
1143.73313	0.33338
1141.80441	0.33931
1139.87569	0.34312
1137.94696	0.34305
1136.01824	0.34027
1134.08952	0.33748
1132.16079	0.33605
1130.23207	0.33612
1128.30334	0.33671
1126.37462	0.33645
1124.44590	0.33525
1122.51717	0.33378
1120.58845	0.33292
1118.65973	0.33369
1116.73100	0.33637
1114.80228	0.34065
1112.87355	0.34613
1110.94483	0.35225
1109.01611	0.35863
1107.08738	0.36531
1105.15866	0.37171
1103.22994	0.37718
1101.30121	0.38215
1099.37249	0.38719
1097.44377	0.39187
1095.51504	0.39519
1093.58632	0.39698
1091.65759	0.39780
1089.72887	0.39814
1087.80015	0.39808
1085.87142	0.39783
1083.94270	0.39776
1082.01398	0.39767
1080.08525	0.39711
1078.15653	0.39595
1076.22781	0.39442
1074.29908	0.39300
1072.37036	0.39171
1070.44163	0.39017
1068.51291	0.38816
1066.58419	0.38550
1064.65546	0.38229
1062.72674	0.37865
1060.79802	0.37465
1058.86929	0.37027
1056.94057	0.36473
1055.01184	0.35807
1053.08312	0.35148
1051.15440	0.34535
1049.22567	0.33934
1047.29695	0.33312
1045.36823	0.32641
1043.43950	0.31927
1041.51078	0.31207
1039.58206	0.30481
1037.65333	0.29685
1035.72461	0.28821
1033.79588	0.27988
1031.86716	0.27275
1029.93844	0.26646
1028.00971	0.26023
1026.08099	0.25411
1024.15227	0.24831
1022.22354	0.24298
1020.29482	0.23810
1018.36610	0.23332
1016.43737	0.22844
1014.50865	0.22348
1012.57992	0.21836
1010.65120	0.21308
1008.72248	0.20786
1006.79375	0.20297
1004.86503	0.19861
1002.93631	0.19468
1001.00758	0.19100
999.07886	0.18742
997.15013	0.18350
995.22141	0.17893
993.29269	0.17370
991.36396	0.16818
989.43524	0.16323
987.50652	0.15932
985.57779	0.15624
983.64907	0.15385
981.72035	0.15225
979.79162	0.15108
977.86290	0.14995
975.93417	0.14982
974.00545	0.14954
972.07673	0.14876
970.14800	0.14786
968.21928	0.14716
966.29056	0.14670
964.36183	0.14690
962.43311	0.14783
960.50439	0.14843
958.57566	0.14795
956.64694	0.14661
954.71821	0.14505
952.78949	0.14378
950.86077	0.14242
948.93204	0.14022
947.00332	0.13734
945.07460	0.13436
943.14587	0.13120
941.21715	0.12793
939.28842	0.12508
937.35970	0.12224
935.43098	0.11878
933.50225	0.11489
931.57353	0.11076
929.64481	0.10652
927.71608	0.10294
925.78736	0.10042
923.85864	0.09841
921.92991	0.09618
920.00119	0.09328
918.07246	0.08974
916.14374	0.08601
914.21502	0.08220
912.28629	0.07830
910.35757	0.07450
908.42885	0.07091
906.50012	0.06737
904.57140	0.06362
902.64268	0.05964
900.71395	0.05536
898.78523	0.05092
896.85650	0.04682
894.92778	0.04295
892.99906	0.03901
891.07033	0.03507
889.14161	0.03107
887.21289	0.02709
885.28416	0.02316
883.35544	0.01923
881.42671	0.01563
879.49799	0.01260
877.56927	0.01002
875.64054	0.00743
873.71182	0.00454
871.78310	0.00155
869.85437	-0.00129
867.92565	-0.00392
865.99693	-0.00667
864.06820	-0.00957
862.13948	-0.01220
860.21075	-0.01466
858.28203	-0.01699
856.35331	-0.01904
854.42458	-0.02063
852.49586	-0.02124
850.56714	-0.02120
848.63841	-0.02187
846.70969	-0.02291
844.78097	-0.02258
842.85224	-0.02068
840.92352	-0.01819
838.99479	-0.01564
837.06607	-0.01311
835.13735	-0.01023
833.20862	-0.00647
831.27990	-0.00206
829.35118	0.00187
827.42245	0.00485
825.49373	0.00792
823.56501	0.01185
821.63628	0.01590
819.70756	0.01933
817.77883	0.02279
815.85011	0.02670
813.92139	0.03044
811.99266	0.03351
810.06394	0.03601
808.13522	0.03885
806.20649	0.04244
804.27777	0.04589
802.34904	0.04846
800.42032	0.04997
798.49160	0.05053
796.56287	0.05045
794.63415	0.04948
792.70543	0.04769
790.77670	0.04584
788.84798	0.04377
786.91926	0.04091
784.99053	0.03739
783.06181	0.03390
781.13308	0.03089
779.20436	0.02768
777.27564	0.02321
775.34691	0.01789
773.41819	0.01282
771.48947	0.00843
769.56074	0.00515
767.63202	0.00317
765.70330	0.00227
763.77457	0.00132
761.84585	0.00024
759.91712	-0.00064
757.98840	-0.00090
756.05968	-0.00108
754.13095	-0.00209
752.20223	-0.00366
750.27351	-0.00491
748.34478	-0.00573
746.41606	-0.00648
744.48733	-0.00720
742.55861	-0.00791
740.62989	-0.00838
738.70116	-0.00833
736.77244	-0.00798
734.84372	-0.00782
732.91499	-0.00840
730.98627	-0.00947
729.05755	-0.00999
727.12882	-0.00989
725.20010	-0.00989
723.27137	-0.01016
721.34265	-0.01028
719.41393	-0.01034
717.48520	-0.01054
715.55648	-0.01112
713.62776	-0.01158
711.69903	-0.01126
709.77031	-0.01054
707.84159	-0.01009
705.91286	-0.00976
703.98414	-0.00889
702.05541	-0.00723
700.12669	-0.00547
698.19797	-0.00405
696.26924	-0.00269
694.34052	-0.00151
692.41180	-0.00113
690.48307	-0.00156
688.55435	-0.00200
686.62562	-0.00202
684.69690	-0.00244
682.76818	-0.00301
680.83945	-0.00331
678.91073	-0.00423
676.98201	-0.00524
675.05328	-0.00580
673.12456	-0.00569
671.19584	-0.00581
669.26711	-0.00698
667.33839	-0.00774
665.40966	-0.00765
663.48094	-0.00836
661.55222	-0.00984
659.62349	-0.01133
657.69477	-0.01292
655.76605	-0.01408
653.83732	-0.01343
651.90860	-0.01132
649.97988	-0.01003
648.05115	-0.01038
646.12243	-0.01079
644.19370	-0.01023
642.26498	-0.00936
640.33626	-0.00862
638.40753	-0.00788
636.47881	-0.00750
634.55009	-0.00818
632.62136	-0.00966
630.69264	-0.01103
628.76391	-0.01248
626.83519	-0.01433
624.90647	-0.01658
622.97774	-0.01793
621.04902	-0.01846
619.12030	-0.01912
617.19157	-0.01961
615.26285	-0.01849
613.33413	-0.01524
611.40540	-0.01139
609.47668	-0.00854
607.54795	-0.00719
605.61923	-0.00663
603.69051	-0.00542
601.76178	-0.00338
599.83306	-0.00102
597.90434	0.00116
595.97561	0.00265
594.04689	0.00363
592.11817	0.00463
590.18944	0.00489
588.26072	0.00420
586.33199	0.00422
584.40327	0.00555
582.47455	0.00683
580.54582	0.00628
578.61710	0.00481
576.68838	0.00722
574.75965	0.01176
572.83093	0.01633
570.90220	0.01901
568.97348	0.01480
567.04476	0.00998
565.11603	0.00674
563.18731	0.00356
561.25859	-0.00025
559.32986	-0.00395
557.40114	-0.00739
555.47242	-0.01059
553.54369	-0.01286
551.61497	-0.01422
549.68624	-0.01570
547.75752	-0.01727
545.82880	-0.01855
543.90007	-0.02006
541.97135	-0.02192
540.04263	-0.02376
538.11390	-0.02541
536.18518	-0.02718
534.25646	-0.03030
532.32773	-0.03500
530.39901	-0.03973
528.47028	-0.04343
526.54156	-0.04663
524.61284	-0.05035
522.68411	-0.05541
520.75539	-0.06092
518.82667	-0.06474
516.89794	-0.06703
514.96922	-0.06939
513.04049	-0.07133
511.11177	-0.07199
509.18305	-0.07136
507.25432	-0.06820
505.32560	-0.06251
503.39688	-0.05857
501.46815	-0.05949
499.53943	-0.06134
497.61071	-0.05943
495.68198	-0.05494
493.75326	-0.05084
491.82453	-0.04793
489.89581	-0.04583
487.96709	-0.04335
486.03836	-0.03930
484.10964	-0.03451
482.18092	-0.03009
480.25219	-0.02509
478.32347	-0.01870
476.39475	-0.01208
474.46602	-0.00675
472.53730	-0.00318
470.60857	-0.00139
468.67985	-0.00147
466.75113	0.00075
464.82240	0.01260
462.89368	0.02649
460.96496	0.03441
459.03623	0.03413
457.10751	0.03462
455.17878	0.04248
453.25006	0.05315
451.32134	0.05791
449.39261	0.05683
447.46389	0.05619
445.53517	0.05760
443.60644	0.05823
441.67772	0.05665
439.74900	0.05471
437.82027	0.05498
435.89155	0.05875
433.96282	0.06554
432.03410	0.07257
430.10538	0.07713
428.17665	0.08035
426.24793	0.08232
424.31921	0.07812
422.39048	0.06774
420.46176	0.05837
418.53304	0.05328
416.60431	0.05124
414.67559	0.05032
412.74686	0.05079
410.81814	0.05528
408.88942	0.06442
406.96069	0.07612
405.03197	0.08676
403.10325	0.09181
401.17452	0.09175
399.24580	0.09320
397.31708	0.09794
395.38835	0.09467
393.45963	0.07662
391.53090	0.05913
389.60218	0.06045
387.67346	0.07730
385.74473	0.08987
383.81601	0.08777
381.88729	0.08435
379.95856	0.09403
378.02984	0.10340
376.10111	0.09253
374.17239	0.08548
372.24367	0.10707
370.31494	0.12255
368.38622	0.11804
