7496.94889	-0.01465
7495.02016	-0.00584
7493.09144	-0.00087
7491.16272	0.00041
7489.23399	0.00333
7487.30527	0.00898
7485.37654	0.01148
7483.44782	0.00789
7481.51910	0.00195
7479.59037	-0.00193
7477.66165	-0.00207
7475.73293	-0.00014
7473.80420	0.00060
7471.87548	0.00089
7469.94676	0.00275
7468.01803	0.00422
7466.08931	0.00404
7464.16058	0.00316
7462.23186	0.00214
7460.30314	0.00130
7458.37441	-0.00020
7456.44569	-0.00134
7454.51697	0.00087
7452.58824	0.00428
7450.65952	0.00505
7448.73079	0.00431
7446.80207	0.00443
7444.87335	0.00485
7442.94462	0.00412
7441.01590	0.00228
7439.08718	-0.00074
7437.15845	-0.00374
7435.22973	-0.00285
7433.30101	0.00258
7431.37228	0.00663
7429.44356	0.00480
7427.51483	-0.00024
7425.58611	-0.00368
7423.65739	-0.00186
7421.72866	0.00406
7419.79994	0.00671
7417.87122	0.00531
7415.94249	0.00687
7414.01377	0.01108
7412.08505	0.01213
7410.15632	0.00953
7408.22760	0.00546
7406.29887	0.00196
7404.37015	0.00191
7402.44143	0.00344
7400.51270	0.00225
7398.58398	0.00055
7396.65526	0.00141
7394.72653	0.00126
7392.79781	-0.00264
7390.86908	-0.00619
7388.94036	-0.00431
7387.01164	0.00393
7385.08291	0.01396
7383.15419	0.01800
7381.22547	0.01442
7379.29674	0.01060
7377.36802	0.01183
7375.43930	0.01438
7373.51057	0.01294
7371.58185	0.00752
7369.65312	-0.00019
7367.72440	-0.00886
7365.79568	-0.01369
7363.86695	-0.01044
7361.93823	-0.00352
7360.00951	0.00060
7358.08078	0.00184
7356.15206	0.00169
7354.22334	-0.00023
7352.29461	-0.00226
7350.36589	-0.00045
7348.43716	0.00572
7346.50844	0.01085
7344.57972	0.01154
7342.65099	0.01058
7340.72227	0.00822
7338.79355	0.00252
7336.86482	-0.00169
7334.93610	0.00095
7333.00737	0.00649
7331.07865	0.00683
7329.14993	0.00189
7327.22120	-0.00119
7325.29248	0.00022
7323.36376	0.00315
7321.43503	0.00524
7319.50631	0.00672
7317.57759	0.00890
7315.64886	0.01049
7313.72014	0.00984
7311.79141	0.00919
7309.86269	0.01057
7307.93397	0.01146
7306.00524	0.00905
7304.07652	0.00573
7302.14780	0.00502
7300.21907	0.00544
7298.29035	0.00302
7296.36163	-0.00107
7294.43290	-0.00119
7292.50418	0.00444
7290.57545	0.01118
7288.64673	0.01413
7286.71801	0.01317
7284.78928	0.01094
7282.86056	0.00938
7280.93184	0.00906
7279.00311	0.01025
7277.07439	0.01123
7275.14566	0.00910
7273.21694	0.00492
7271.28822	0.00350
7269.35949	0.00712
7267.43077	0.01288
7265.50205	0.01528
7263.57332	0.01231
7261.64460	0.00763
7259.71588	0.00401
7257.78715	0.00121
7255.85843	0.00012
7253.92970	0.00026
7252.00098	0.00029
7250.07226	0.00249
7248.14353	0.00730
7246.21481	0.00938
7244.28609	0.00574
7242.35736	0.00122
7240.42864	0.00026
7238.49992	0.00153
7236.57119	0.00449
7234.64247	0.00891
7232.71374	0.00958
7230.78502	0.00394
7228.85630	-0.00084
7226.92757	-0.00042
7224.99885	0.00156
7223.07013	0.00316
7221.14140	0.00565
7219.21268	0.00848
7217.28396	0.00986
7215.35523	0.00898
7213.42651	0.00514
7211.49778	-0.00036
7209.56906	-0.00410
7207.64034	-0.00631
7205.71161	-0.00883
7203.78289	-0.00978
7201.85417	-0.00764
7199.92544	-0.00525
7197.99672	-0.00524
7196.06799	-0.00558
7194.13927	-0.00294
7192.21055	0.00147
7190.28182	0.00318
7188.35310	0.00196
7186.42438	0.00363
7184.49565	0.00981
7182.56693	0.01345
7180.63821	0.00977
7178.70948	0.00411
7176.78076	0.00232
7174.85203	0.00284
7172.92331	0.00308
7170.99459	0.00330
7169.06586	0.00328
7167.13714	0.00243
7165.20842	0.00103
7163.27969	0.00048
7161.35097	0.00240
7159.42225	0.00475
7157.49352	0.00412
7155.56480	0.00133
7153.63607	-0.00121
7151.70735	-0.00364
7149.77863	-0.00480
7147.84990	-0.00145
7145.92118	0.00426
7143.99246	0.00650
7142.06373	0.00443
7140.13501	0.00105
7138.20628	-0.00150
7136.27756	-0.00278
7134.34884	-0.00350
7132.42011	-0.00374
7130.49139	-0.00268
7128.56267	-0.00130
7126.63394	-0.00160
7124.70522	-0.00188
7122.77650	0.00115
7120.84777	0.00572
7118.91905	0.00510
7116.99032	-0.00287
7115.06160	-0.00991
7113.13288	-0.00899
7111.20415	-0.00420
7109.27543	-0.00111
7107.34671	0.00159
7105.41798	0.00481
7103.48926	0.00505
7101.56054	0.00210
7099.63181	-0.00035
7097.70309	0.00009
7095.77436	0.00215
7093.84564	0.00260
7091.91692	0.00163
7089.98819	0.00229
7088.05947	0.00393
7086.13075	0.00308
7084.20202	-0.00049
7082.27330	-0.00384
7080.34457	-0.00491
7078.41585	-0.00488
7076.48713	-0.00552
7074.55840	-0.00586
7072.62968	-0.00501
7070.70096	-0.00424
7068.77223	-0.00365
7066.84351	-0.00172
7064.91479	0.00012
7062.98606	-0.00042
7061.05734	-0.00094
7059.12861	0.00140
7057.19989	0.00540
7055.27117	0.00711
7053.34244	0.00400
7051.41372	-0.00064
7049.48500	-0.00312
7047.55627	-0.00533
7045.62755	-0.00823
7043.69883	-0.00916
7041.77010	-0.00790
7039.84138	-0.00622
7037.91265	-0.00537
7035.98393	-0.00506
7034.05521	-0.00345
7032.12648	-0.00259
7030.19776	-0.00565
7028.26904	-0.00941
7026.34031	-0.00960
7024.41159	-0.00653
7022.48286	-0.00285
7020.55414	-0.00213
7018.62542	-0.00460
7016.69669	-0.00647
7014.76797	-0.00676
7012.83925	-0.00633
7010.91052	-0.00557
7008.98180	-0.00594
7007.05308	-0.00559
7005.12435	-0.00220
7003.19563	0.00028
7001.26690	-0.00192
6999.33818	-0.00590
6997.40946	-0.00720
6995.48073	-0.00633
6993.55201	-0.00554
6991.62329	-0.00401
6989.69456	-0.00221
6987.76584	-0.00283
6985.83712	-0.00490
6983.90839	-0.00578
6981.97967	-0.00515
6980.05094	-0.00308
6978.12222	-0.00106
6976.19350	-0.00156
6974.26477	-0.00320
6972.33605	-0.00311
6970.40733	-0.00195
6968.47860	-0.00235
6966.54988	-0.00459
6964.62115	-0.00567
6962.69243	-0.00399
6960.76371	-0.00180
6958.83498	-0.00130
6956.90626	-0.00273
6954.97754	-0.00484
6953.04881	-0.00680
6951.12009	-0.00830
6949.19137	-0.00735
6947.26264	-0.00430
6945.33392	-0.00280
6943.40519	-0.00317
6941.47647	-0.00343
6939.54775	-0.00419
6937.61902	-0.00637
6935.69030	-0.00798
6933.76158	-0.00743
6931.83285	-0.00549
6929.90413	-0.00297
6927.97541	-0.00118
6926.04668	-0.00159
6924.11796	-0.00331
6922.18923	-0.00455
6920.26051	-0.00509
6918.33179	-0.00555
6916.40306	-0.00607
6914.47434	-0.00622
6912.54562	-0.00591
6910.61689	-0.00548
6908.68817	-0.00545
6906.75944	-0.00609
6904.83072	-0.00607
6902.90200	-0.00472
6900.97327	-0.00302
6899.04455	-0.00207
6897.11583	-0.00307
6895.18710	-0.00533
6893.25838	-0.00724
6891.32966	-0.00804
6889.40093	-0.00660
6887.47221	-0.00373
6885.54348	-0.00283
6883.61476	-0.00483
6881.68604	-0.00696
6879.75731	-0.00762
6877.82859	-0.00770
6875.89987	-0.00701
6873.97114	-0.00489
6872.04242	-0.00339
6870.11370	-0.00364
6868.18497	-0.00364
6866.25625	-0.00275
6864.32752	-0.00228
6862.39880	-0.00316
6860.47008	-0.00485
6858.54135	-0.00522
6856.61263	-0.00375
6854.68391	-0.00221
6852.75518	-0.00168
6850.82646	-0.00179
6848.89773	-0.00233
6846.96901	-0.00244
6845.04029	-0.00086
6843.11156	0.00142
6841.18284	0.00140
6839.25412	-0.00166
6837.32539	-0.00416
6835.39667	-0.00255
6833.46795	0.00054
6831.53922	0.00181
6829.61050	0.00117
6827.68177	-0.00124
6825.75305	-0.00416
6823.82433	-0.00544
6821.89560	-0.00488
6819.96688	-0.00471
6818.03816	-0.00492
6816.10943	-0.00274
6814.18071	0.00030
6812.25199	0.00053
6810.32326	-0.00027
6808.39454	0.00056
6806.46581	0.00029
6804.53709	-0.00296
6802.60837	-0.00484
6800.67964	-0.00243
6798.75092	0.00061
6796.82220	0.00039
6794.89347	-0.00253
6792.96475	-0.00633
6791.03603	-0.00837
6789.10730	-0.00645
6787.17858	-0.00338
6785.24985	-0.00293
6783.32113	-0.00423
6781.39241	-0.00452
6779.46368	-0.00345
6777.53496	-0.00247
6775.60624	-0.00196
6773.67751	-0.00197
6771.74879	-0.00285
6769.82006	-0.00485
6767.89134	-0.00696
6765.96262	-0.00642
6764.03389	-0.00375
6762.10517	-0.00249
6760.17645	-0.00315
6758.24772	-0.00429
6756.31900	-0.00494
6754.39028	-0.00432
6752.46155	-0.00263
6750.53283	-0.00085
6748.60410	-0.00021
6746.67538	-0.00301
6744.74666	-0.00801
6742.81793	-0.00931
6740.88921	-0.00688
6738.96049	-0.00536
6737.03176	-0.00434
6735.10304	-0.00184
6733.17432	0.00028
6731.24559	-0.00032
6729.31687	-0.00219
6727.38814	-0.00269
6725.45942	-0.00087
6723.53070	0.00185
6721.60197	0.00210
6719.67325	0.00008
6717.74453	-0.00046
6715.81580	0.00103
6713.88708	0.00222
6711.95835	0.00274
6710.02963	0.00323
6708.10091	0.00353
6706.17218	0.00295
6704.24346	0.00154
6702.31474	0.00133
6700.38601	0.00235
6698.45729	0.00216
6696.52857	0.00097
6694.59984	-0.00033
6692.67112	-0.00119
6690.74239	-0.00044
6688.81367	0.00035
6686.88495	-0.00117
6684.95622	-0.00416
6683.02750	-0.00676
6681.09878	-0.00791
6679.17005	-0.00666
6677.24133	-0.00352
6675.31261	-0.00197
6673.38388	-0.00419
6671.45516	-0.00640
6669.52643	-0.00471
6667.59771	-0.00164
6665.66899	-0.00072
6663.74026	-0.00077
6661.81154	0.00047
6659.88282	0.00223
6657.95409	0.00250
6656.02537	0.00112
6654.09664	-0.00004
6652.16792	0.00041
6650.23920	0.00085
6648.31047	-0.00010
6646.38175	-0.00076
6644.45303	-0.00031
6642.52430	-0.00070
6640.59558	-0.00221
6638.66686	-0.00232
6636.73813	-0.00115
6634.80941	-0.00038
6632.88068	0.00078
6630.95196	0.00139
6629.02324	-0.00050
6627.09451	-0.00300
6625.16579	-0.00397
6623.23707	-0.00357
6621.30834	-0.00294
6619.37962	-0.00304
6617.45090	-0.00348
6615.52217	-0.00295
6613.59345	-0.00174
6611.66472	-0.00147
6609.73600	-0.00187
6607.80728	-0.00102
6605.87855	0.00044
6603.94983	0.00030
6602.02111	-0.00089
6600.09238	-0.00042
6598.16366	0.00206
6596.23493	0.00332
6594.30621	0.00148
6592.37749	-0.00080
6590.44876	-0.00161
6588.52004	-0.00237
6586.59132	-0.00319
6584.66259	-0.00283
6582.73387	-0.00209
6580.80515	-0.00189
6578.87642	-0.00164
6576.94770	-0.00089
6575.01897	0.00037
6573.09025	0.00167
6571.16153	0.00162
6569.23280	-0.00052
6567.30408	-0.00342
6565.37536	-0.00508
6563.44663	-0.00461
6561.51791	-0.00282
6559.58919	-0.00125
6557.66046	-0.00026
6555.73174	0.00056
6553.80301	0.00119
6551.87429	0.00126
6549.94557	0.00006
6548.01684	-0.00148
6546.08812	-0.00142
6544.15940	-0.00070
6542.23067	-0.00080
6540.30195	-0.00100
6538.37322	-0.00129
6536.44450	-0.00223
6534.51578	-0.00306
6532.58705	-0.00291
6530.65833	-0.00222
6528.72961	-0.00260
6526.80088	-0.00424
6524.87216	-0.00543
6522.94344	-0.00542
6521.01471	-0.00474
6519.08599	-0.00389
6517.15726	-0.00263
6515.22854	-0.00097
6513.29982	-0.00032
6511.37109	-0.00153
6509.44237	-0.00341
6507.51365	-0.00418
6505.58492	-0.00365
6503.65620	-0.00338
6501.72748	-0.00458
6499.79875	-0.00640
6497.87003	-0.00715
6495.94130	-0.00656
6494.01258	-0.00544
6492.08386	-0.00457
6490.15513	-0.00462
6488.22641	-0.00507
6486.29769	-0.00447
6484.36896	-0.00269
6482.44024	-0.00158
6480.51151	-0.00255
6478.58279	-0.00429
6476.65407	-0.00558
6474.72534	-0.00648
6472.79662	-0.00619
6470.86790	-0.00551
6468.93917	-0.00565
6467.01045	-0.00617
6465.08173	-0.00714
6463.15300	-0.00791
6461.22428	-0.00752
6459.29555	-0.00685
6457.36683	-0.00708
6455.43811	-0.00825
6453.50938	-0.00893
6451.58066	-0.00758
6449.65194	-0.00533
6447.72321	-0.00470
6445.79449	-0.00620
6443.86577	-0.00763
6441.93704	-0.00758
6440.00832	-0.00726
6438.07959	-0.00704
6436.15087	-0.00612
6434.22215	-0.00463
6432.29342	-0.00297
6430.36470	-0.00250
6428.43598	-0.00372
6426.50725	-0.00521
6424.57853	-0.00646
6422.64980	-0.00686
6420.72108	-0.00562
6418.79236	-0.00382
6416.86363	-0.00301
6414.93491	-0.00330
6413.00619	-0.00334
6411.07746	-0.00235
6409.14874	-0.00189
6407.22002	-0.00255
6405.29129	-0.00236
6403.36257	-0.00178
6401.43384	-0.00310
6399.50512	-0.00483
6397.57640	-0.00397
6395.64767	-0.00260
6393.71895	-0.00406
6391.79023	-0.00590
6389.86150	-0.00487
6387.93278	-0.00270
6386.00406	-0.00207
6384.07533	-0.00295
6382.14661	-0.00359
6380.21788	-0.00318
6378.28916	-0.00245
6376.36044	-0.00206
6374.43171	-0.00249
6372.50299	-0.00357
6370.57427	-0.00383
6368.64554	-0.00302
6366.71682	-0.00211
6364.78810	-0.00090
6362.85937	0.00050
6360.93065	0.00115
6359.00192	0.00063
6357.07320	-0.00168
6355.14448	-0.00529
6353.21575	-0.00802
6351.28703	-0.00831
6349.35831	-0.00646
6347.42958	-0.00428
6345.50086	-0.00333
6343.57213	-0.00324
6341.64341	-0.00263
6339.71469	-0.00184
6337.78596	-0.00195
6335.85724	-0.00279
6333.92852	-0.00355
6331.99979	-0.00296
6330.07107	-0.00124
6328.14235	-0.00009
6326.21362	-0.00006
6324.28490	-0.00133
6322.35617	-0.00368
6320.42745	-0.00501
6318.49873	-0.00438
6316.57000	-0.00429
6314.64128	-0.00580
6312.71256	-0.00609
6310.78383	-0.00462
6308.85511	-0.00381
6306.92639	-0.00338
6304.99766	-0.00199
6303.06894	-0.00061
6301.14021	-0.00027
6299.21149	-0.00049
6297.28277	-0.00110
6295.35404	-0.00193
6293.42532	-0.00229
6291.49660	-0.00277
6289.56787	-0.00351
6287.63915	-0.00321
6285.71042	-0.00173
6283.78170	-0.00039
6281.85298	-0.00026
6279.92425	-0.00080
6277.99553	-0.00123
6276.06681	-0.00194
6274.13808	-0.00258
6272.20936	-0.00208
6270.28064	-0.00097
6268.35191	-0.00089
6266.42319	-0.00187
6264.49446	-0.00299
6262.56574	-0.00402
6260.63702	-0.00440
6258.70829	-0.00378
6256.77957	-0.00289
6254.85085	-0.00225
6252.92212	-0.00232
6250.99340	-0.00343
6249.06468	-0.00408
6247.13595	-0.00310
6245.20723	-0.00202
6243.27850	-0.00249
6241.34978	-0.00417
6239.42106	-0.00480
6237.49233	-0.00314
6235.56361	-0.00094
6233.63489	0.00003
6231.70616	-0.00061
6229.77744	-0.00219
6227.84871	-0.00252
6225.91999	-0.00102
6223.99127	0.00014
6222.06254	0.00024
6220.13382	-0.00055
6218.20510	-0.00209
6216.27637	-0.00242
6214.34765	-0.00153
6212.41893	-0.00155
6210.49020	-0.00204
6208.56148	-0.00186
6206.63275	-0.00115
6204.70403	-0.00037
6202.77531	0.00002
6200.84658	0.00011
6198.91786	0.00025
6196.98914	0.00023
6195.06041	-0.00039
6193.13169	-0.00145
6191.20297	-0.00216
6189.27424	-0.00236
6187.34552	-0.00265
6185.41679	-0.00303
6183.48807	-0.00345
6181.55935	-0.00339
6179.63062	-0.00216
6177.70190	-0.00123
6175.77318	-0.00192
6173.84445	-0.00269
6171.91573	-0.00262
6169.98700	-0.00277
6168.05828	-0.00370
6166.12956	-0.00495
6164.20083	-0.00592
6162.27211	-0.00630
6160.34339	-0.00601
6158.41466	-0.00465
6156.48594	-0.00332
6154.55722	-0.00345
6152.62849	-0.00352
6150.69977	-0.00224
6148.77104	-0.00094
6146.84232	0.00004
6144.91360	0.00080
6142.98487	-0.00002
6141.05615	-0.00267
6139.12743	-0.00513
6137.19870	-0.00588
6135.26998	-0.00577
6133.34126	-0.00542
6131.41253	-0.00411
6129.48381	-0.00275
6127.55508	-0.00269
6125.62636	-0.00267
6123.69764	-0.00181
6121.76891	-0.00153
6119.84019	-0.00203
6117.91147	-0.00240
6115.98274	-0.00306
6114.05402	-0.00386
6112.12529	-0.00415
6110.19657	-0.00420
6108.26785	-0.00376
6106.33912	-0.00285
6104.41040	-0.00271
6102.48168	-0.00345
6100.55295	-0.00317
6098.62423	-0.00133
6096.69551	-0.00006
6094.76678	-0.00080
6092.83806	-0.00238
6090.90933	-0.00284
6088.98061	-0.00235
6087.05189	-0.00297
6085.12316	-0.00443
6083.19444	-0.00422
6081.26572	-0.00272
6079.33699	-0.00210
6077.40827	-0.00220
6075.47955	-0.00202
6073.55082	-0.00151
6071.62210	-0.00141
6069.69337	-0.00188
6067.76465	-0.00220
6065.83593	-0.00206
6063.90720	-0.00147
6061.97848	-0.00098
6060.04976	-0.00138
6058.12103	-0.00197
6056.19231	-0.00238
6054.26358	-0.00311
6052.33486	-0.00354
6050.40614	-0.00303
6048.47741	-0.00273
6046.54869	-0.00363
6044.61997	-0.00476
6042.69124	-0.00476
6040.76252	-0.00371
6038.83380	-0.00277
6036.90507	-0.00296
6034.97635	-0.00360
6033.04762	-0.00323
6031.11890	-0.00241
6029.19018	-0.00283
6027.26145	-0.00425
6025.33273	-0.00521
6023.40401	-0.00478
6021.47528	-0.00388
6019.54656	-0.00479
6017.61784	-0.00676
6015.68911	-0.00647
6013.76039	-0.00446
6011.83166	-0.00366
6009.90294	-0.00384
6007.97422	-0.00389
6006.04549	-0.00429
6004.11677	-0.00540
6002.18805	-0.00629
6000.25932	-0.00555
5998.33060	-0.00386
5996.40187	-0.00284
5994.47315	-0.00243
5992.54443	-0.00266
5990.61570	-0.00353
5988.68698	-0.00424
5986.75826	-0.00477
5984.82953	-0.00546
5982.90081	-0.00644
5980.97209	-0.00681
5979.04336	-0.00504
5977.11464	-0.00250
5975.18591	-0.00221
5973.25719	-0.00389
5971.32847	-0.00472
5969.39974	-0.00423
5967.47102	-0.00392
5965.54230	-0.00389
5963.61357	-0.00402
5961.68485	-0.00494
5959.75613	-0.00588
5957.82740	-0.00550
5955.89868	-0.00494
5953.96995	-0.00601
5952.04123	-0.00746
5950.11251	-0.00695
5948.18378	-0.00501
5946.25506	-0.00389
5944.32634	-0.00397
5942.39761	-0.00476
5940.46889	-0.00614
5938.54017	-0.00641
5936.61144	-0.00484
5934.68272	-0.00379
5932.75399	-0.00456
5930.82527	-0.00533
5928.89655	-0.00477
5926.96782	-0.00424
5925.03910	-0.00471
5923.11038	-0.00474
5921.18165	-0.00399
5919.25293	-0.00386
5917.32420	-0.00446
5915.39548	-0.00462
5913.46676	-0.00421
5911.53803	-0.00451
5909.60931	-0.00548
5907.68059	-0.00560
5905.75186	-0.00538
5903.82314	-0.00572
5901.89442	-0.00566
5899.96569	-0.00491
5898.03697	-0.00421
5896.10824	-0.00392
5894.17952	-0.00417
5892.25080	-0.00441
5890.32207	-0.00395
5888.39335	-0.00328
5886.46463	-0.00297
5884.53590	-0.00329
5882.60718	-0.00445
5880.67846	-0.00537
5878.74973	-0.00514
5876.82101	-0.00463
5874.89228	-0.00439
5872.96356	-0.00422
5871.03484	-0.00422
5869.10611	-0.00431
5867.17739	-0.00455
5865.24867	-0.00522
5863.31994	-0.00569
5861.39122	-0.00516
5859.46249	-0.00395
5857.53377	-0.00342
5855.60505	-0.00401
5853.67632	-0.00435
5851.74760	-0.00399
5849.81888	-0.00394
5847.89015	-0.00415
5845.96143	-0.00414
5844.03271	-0.00404
5842.10398	-0.00376
5840.17526	-0.00307
5838.24653	-0.00240
5836.31781	-0.00235
5834.38909	-0.00287
5832.46036	-0.00340
5830.53164	-0.00385
5828.60292	-0.00476
5826.67419	-0.00559
5824.74547	-0.00545
5822.81675	-0.00520
5820.88802	-0.00541
5818.95930	-0.00528
5817.03057	-0.00482
5815.10185	-0.00454
5813.17313	-0.00461
5811.24440	-0.00519
5809.31568	-0.00606
5807.38696	-0.00649
5805.45823	-0.00595
5803.52951	-0.00551
5801.60078	-0.00600
5799.67206	-0.00613
5797.74334	-0.00540
5795.81461	-0.00499
5793.88589	-0.00523
5791.95717	-0.00515
5790.02844	-0.00470
5788.09972	-0.00466
5786.17100	-0.00500
5784.24227	-0.00534
5782.31355	-0.00534
5780.38482	-0.00526
5778.45610	-0.00568
5776.52738	-0.00606
5774.59865	-0.00547
5772.66993	-0.00407
5770.74121	-0.00308
5768.81248	-0.00331
5766.88376	-0.00398
5764.95504	-0.00464
5763.02631	-0.00570
5761.09759	-0.00666
5759.16886	-0.00644
5757.24014	-0.00503
5755.31142	-0.00380
5753.38269	-0.00406
5751.45397	-0.00497
5749.52525	-0.00460
5747.59652	-0.00317
5745.66780	-0.00266
5743.73907	-0.00371
5741.81035	-0.00480
5739.88163	-0.00507
5737.95290	-0.00520
5736.02418	-0.00512
5734.09546	-0.00460
5732.16673	-0.00466
5730.23801	-0.00531
5728.30929	-0.00535
5726.38056	-0.00505
5724.45184	-0.00539
5722.52311	-0.00604
5720.59439	-0.00620
5718.66567	-0.00577
5716.73694	-0.00531
5714.80822	-0.00519
5712.87950	-0.00548
5710.95077	-0.00595
5709.02205	-0.00585
5707.09333	-0.00495
5705.16460	-0.00369
5703.23588	-0.00303
5701.30715	-0.00371
5699.37843	-0.00450
5697.44971	-0.00428
5695.52098	-0.00400
5693.59226	-0.00399
5691.66354	-0.00372
5689.73481	-0.00355
5687.80609	-0.00375
5685.87736	-0.00386
5683.94864	-0.00397
5682.01992	-0.00423
5680.09119	-0.00434
5678.16247	-0.00429
5676.23375	-0.00458
5674.30502	-0.00516
5672.37630	-0.00528
5670.44758	-0.00489
5668.51885	-0.00417
5666.59013	-0.00312
5664.66140	-0.00265
5662.73268	-0.00328
5660.80396	-0.00381
5658.87523	-0.00349
5656.94651	-0.00349
5655.01779	-0.00440
5653.08906	-0.00506
5651.16034	-0.00518
5649.23162	-0.00511
5647.30289	-0.00459
5645.37417	-0.00364
5643.44544	-0.00293
5641.51672	-0.00315
5639.58800	-0.00366
5637.65927	-0.00348
5635.73055	-0.00301
5633.80183	-0.00275
5631.87310	-0.00253
5629.94438	-0.00242
5628.01565	-0.00260
5626.08693	-0.00304
5624.15821	-0.00350
5622.22948	-0.00364
5620.30076	-0.00353
5618.37204	-0.00328
5616.44331	-0.00314
5614.51459	-0.00348
5612.58587	-0.00390
5610.65714	-0.00363
5608.72842	-0.00305
5606.79969	-0.00322
5604.87097	-0.00384
5602.94225	-0.00381
5601.01352	-0.00326
5599.08480	-0.00281
5597.15608	-0.00285
5595.22735	-0.00365
5593.29863	-0.00456
5591.36991	-0.00443
5589.44118	-0.00355
5587.51246	-0.00333
5585.58373	-0.00396
5583.65501	-0.00420
5581.72629	-0.00379
5579.79756	-0.00379
5577.86884	-0.00419
5575.94012	-0.00379
5574.01139	-0.00269
5572.08267	-0.00217
5570.15394	-0.00243
5568.22522	-0.00294
5566.29650	-0.00360
5564.36777	-0.00406
5562.43905	-0.00374
5560.51033	-0.00289
5558.58160	-0.00238
5556.65288	-0.00267
5554.72416	-0.00361
5552.79543	-0.00455
5550.86671	-0.00466
5548.93798	-0.00388
5547.00926	-0.00295
5545.08054	-0.00248
5543.15181	-0.00258
5541.22309	-0.00303
5539.29437	-0.00362
5537.36564	-0.00429
5535.43692	-0.00478
5533.50820	-0.00466
5531.57947	-0.00407
5529.65075	-0.00362
5527.72202	-0.00363
5525.79330	-0.00390
5523.86458	-0.00421
5521.93585	-0.00439
5520.00713	-0.00414
5518.07841	-0.00370
5516.14968	-0.00365
5514.22096	-0.00370
5512.29224	-0.00353
5510.36351	-0.00363
5508.43479	-0.00399
5506.50606	-0.00362
5504.57734	-0.00257
5502.64862	-0.00218
5500.71989	-0.00265
5498.79117	-0.00321
5496.86245	-0.00355
5494.93372	-0.00355
5493.00500	-0.00334
5491.07627	-0.00336
5489.14755	-0.00376
5487.21883	-0.00404
5485.29010	-0.00350
5483.36138	-0.00260
5481.43266	-0.00214
5479.50393	-0.00189
5477.57521	-0.00186
5475.64649	-0.00270
5473.71776	-0.00395
5471.78904	-0.00432
5469.86031	-0.00363
5467.93159	-0.00273
5466.00287	-0.00235
5464.07414	-0.00252
5462.14542	-0.00297
5460.21670	-0.00352
5458.28797	-0.00391
5456.35925	-0.00391
5454.43053	-0.00355
5452.50180	-0.00306
5450.57308	-0.00278
5448.64435	-0.00291
5446.71563	-0.00329
5444.78691	-0.00347
5442.85818	-0.00332
5440.92946	-0.00331
5439.00074	-0.00323
5437.07201	-0.00255
5435.14329	-0.00185
5433.21456	-0.00170
5431.28584	-0.00212
5429.35712	-0.00307
5427.42839	-0.00376
5425.49967	-0.00355
5423.57095	-0.00315
5421.64222	-0.00306
5419.71350	-0.00309
5417.78478	-0.00325
5415.85605	-0.00379
5413.92733	-0.00453
5411.99860	-0.00492
5410.06988	-0.00495
5408.14116	-0.00495
5406.21243	-0.00479
5404.28371	-0.00431
5402.35499	-0.00357
5400.42626	-0.00281
5398.49754	-0.00254
5396.56882	-0.00306
5394.64009	-0.00406
5392.71137	-0.00478
5390.78264	-0.00479
5388.85392	-0.00443
5386.92520	-0.00440
5384.99647	-0.00494
5383.06775	-0.00541
5381.13903	-0.00512
5379.21030	-0.00458
5377.28158	-0.00491
5375.35285	-0.00598
5373.42413	-0.00632
5371.49541	-0.00569
5369.56668	-0.00519
5367.63796	-0.00517
5365.70924	-0.00525
5363.78051	-0.00547
5361.85179	-0.00578
5359.92307	-0.00557
5357.99434	-0.00508
5356.06562	-0.00524
5354.13689	-0.00622
5352.20817	-0.00700
5350.27945	-0.00665
5348.35072	-0.00598
5346.42200	-0.00628
5344.49328	-0.00758
5342.56455	-0.00829
5340.63583	-0.00788
5338.70711	-0.00770
5336.77838	-0.00807
5334.84966	-0.00794
5332.92093	-0.00752
5330.99221	-0.00753
5329.06349	-0.00783
5327.13476	-0.00815
5325.20604	-0.00829
5323.27732	-0.00814
5321.34859	-0.00791
5319.41987	-0.00766
5317.49114	-0.00732
5315.56242	-0.00698
5313.63370	-0.00674
5311.70497	-0.00660
5309.77625	-0.00654
5307.84753	-0.00682
5305.91880	-0.00727
5303.99008	-0.00741
5302.06136	-0.00722
5300.13263	-0.00700
5298.20391	-0.00674
5296.27518	-0.00633
5294.34646	-0.00590
5292.41774	-0.00565
5290.48901	-0.00559
5288.56029	-0.00556
5286.63157	-0.00564
5284.70284	-0.00588
5282.77412	-0.00577
5280.84540	-0.00517
5278.91667	-0.00451
5276.98795	-0.00368
5275.05922	-0.00259
5273.13050	-0.00195
5271.20178	-0.00204
5269.27305	-0.00232
5267.34433	-0.00248
5265.41561	-0.00290
5263.48688	-0.00372
5261.55816	-0.00417
5259.62943	-0.00370
5257.70071	-0.00285
5255.77199	-0.00240
5253.84326	-0.00223
5251.91454	-0.00165
5249.98582	-0.00110
5248.05709	-0.00135
5246.12837	-0.00178
5244.19965	-0.00178
5242.27092	-0.00176
5240.34220	-0.00165
5238.41347	-0.00135
5236.48475	-0.00130
5234.55603	-0.00160
5232.62730	-0.00182
5230.69858	-0.00175
5228.76986	-0.00147
5226.84113	-0.00139
5224.91241	-0.00180
5222.98369	-0.00198
5221.05496	-0.00148
5219.12624	-0.00095
5217.19751	-0.00077
5215.26879	-0.00075
5213.34007	-0.00089
5211.41134	-0.00112
5209.48262	-0.00124
5207.55390	-0.00144
5205.62517	-0.00169
5203.69645	-0.00145
5201.76772	-0.00076
5199.83900	-0.00020
5197.91028	-0.00021
5195.98155	-0.00073
5194.05283	-0.00162
5192.12411	-0.00236
5190.19538	-0.00243
5188.26666	-0.00210
5186.33794	-0.00206
5184.40921	-0.00254
5182.48049	-0.00294
5180.55176	-0.00287
5178.62304	-0.00251
5176.69432	-0.00224
5174.76559	-0.00240
5172.83687	-0.00283
5170.90815	-0.00290
5168.97942	-0.00244
5167.05070	-0.00215
5165.12198	-0.00259
5163.19325	-0.00330
5161.26453	-0.00365
5159.33580	-0.00342
5157.40708	-0.00280
5155.47836	-0.00231
5153.54963	-0.00226
5151.62091	-0.00259
5149.69219	-0.00314
5147.76346	-0.00351
5145.83474	-0.00351
5143.90601	-0.00339
5141.97729	-0.00323
5140.04857	-0.00303
5138.11984	-0.00308
5136.19112	-0.00351
5134.26240	-0.00382
5132.33367	-0.00386
5130.40495	-0.00410
5128.47623	-0.00437
5126.54750	-0.00432
5124.61878	-0.00407
5122.69005	-0.00354
5120.76133	-0.00276
5118.83261	-0.00231
5116.90388	-0.00235
5114.97516	-0.00255
5113.04644	-0.00284
5111.11771	-0.00305
5109.18899	-0.00299
5107.26027	-0.00292
5105.33154	-0.00289
5103.40282	-0.00283
5101.47409	-0.00304
5099.54537	-0.00344
5097.61665	-0.00359
5095.68792	-0.00344
5093.75920	-0.00323
5091.83048	-0.00300
5089.90175	-0.00281
5087.97303	-0.00309
5086.04431	-0.00375
5084.11558	-0.00408
5082.18686	-0.00361
5080.25813	-0.00289
5078.32941	-0.00263
5076.40069	-0.00262
5074.47196	-0.00263
5072.54324	-0.00282
5070.61452	-0.00294
5068.68579	-0.00280
5066.75707	-0.00282
5064.82834	-0.00300
5062.89962	-0.00286
5060.97090	-0.00276
5059.04217	-0.00300
5057.11345	-0.00317
5055.18473	-0.00321
5053.25600	-0.00353
5051.32728	-0.00394
5049.39856	-0.00406
5047.46983	-0.00401
5045.54111	-0.00398
5043.61238	-0.00378
5041.68366	-0.00342
5039.75494	-0.00300
5037.82621	-0.00260
5035.89749	-0.00249
5033.96877	-0.00264
5032.04004	-0.00258
5030.11132	-0.00243
5028.18260	-0.00258
5026.25387	-0.00272
5024.32515	-0.00244
5022.39642	-0.00210
5020.46770	-0.00211
5018.53898	-0.00254
5016.61025	-0.00305
5014.68153	-0.00319
5012.75281	-0.00310
5010.82408	-0.00315
5008.89536	-0.00333
5006.96663	-0.00345
5005.03791	-0.00344
5003.10919	-0.00329
5001.18046	-0.00307
4999.25174	-0.00303
4997.32302	-0.00326
4995.39429	-0.00329
4993.46557	-0.00342
4991.53685	-0.00382
4989.60812	-0.00393
4987.67940	-0.00347
4985.75067	-0.00297
4983.82195	-0.00296
4981.89323	-0.00330
4979.96450	-0.00361
4978.03578	-0.00377
4976.10706	-0.00369
4974.17833	-0.00338
4972.24961	-0.00308
4970.32089	-0.00305
4968.39216	-0.00307
4966.46344	-0.00283
4964.53471	-0.00254
4962.60599	-0.00241
4960.67727	-0.00252
4958.74854	-0.00304
4956.81982	-0.00367
4954.89110	-0.00394
4952.96237	-0.00396
4951.03365	-0.00388
4949.10492	-0.00362
4947.17620	-0.00317
4945.24748	-0.00279
4943.31875	-0.00270
4941.39003	-0.00265
4939.46131	-0.00232
4937.53258	-0.00208
4935.60386	-0.00246
4933.67514	-0.00316
4931.74641	-0.00350
4929.81769	-0.00329
4927.88896	-0.00298
4925.96024	-0.00318
4924.03152	-0.00359
4922.10279	-0.00356
4920.17407	-0.00320
4918.24535	-0.00295
4916.31662	-0.00287
4914.38790	-0.00282
4912.45918	-0.00286
4910.53045	-0.00299
4908.60173	-0.00299
4906.67300	-0.00287
4904.74428	-0.00287
4902.81556	-0.00282
4900.88683	-0.00280
4898.95811	-0.00313
4897.02939	-0.00352
4895.10066	-0.00351
4893.17194	-0.00324
4891.24321	-0.00317
4889.31449	-0.00347
4887.38577	-0.00375
4885.45704	-0.00382
4883.52832	-0.00394
4881.59960	-0.00409
4879.67087	-0.00414
4877.74215	-0.00413
4875.81343	-0.00387
4873.88470	-0.00345
4871.95598	-0.00339
4870.02725	-0.00360
4868.09853	-0.00372
4866.16981	-0.00366
4864.24108	-0.00359
4862.31236	-0.00363
4860.38364	-0.00367
4858.45491	-0.00363
4856.52619	-0.00377
4854.59747	-0.00411
4852.66874	-0.00405
4850.74002	-0.00358
4848.81129	-0.00341
4846.88257	-0.00359
4844.95385	-0.00337
4843.02512	-0.00283
4841.09640	-0.00296
4839.16768	-0.00369
4837.23895	-0.00426
4835.31023	-0.00449
4833.38150	-0.00437
4831.45278	-0.00399
4829.52406	-0.00364
4827.59533	-0.00331
4825.66661	-0.00296
4823.73789	-0.00293
4821.80916	-0.00331
4819.88044	-0.00374
4817.95172	-0.00408
4816.02299	-0.00430
4814.09427	-0.00441
4812.16554	-0.00442
4810.23682	-0.00430
4808.30810	-0.00415
4806.37937	-0.00419
4804.45065	-0.00425
4802.52193	-0.00407
4800.59320	-0.00381
4798.66448	-0.00375
4796.73576	-0.00388
4794.80703	-0.00402
4792.87831	-0.00409
4790.94958	-0.00425
4789.02086	-0.00457
4787.09214	-0.00486
4785.16341	-0.00484
4783.23469	-0.00443
4781.30597	-0.00416
4779.37724	-0.00431
4777.44852	-0.00446
4775.51979	-0.00442
4773.59107	-0.00446
4771.66235	-0.00453
4769.73362	-0.00445
4767.80490	-0.00433
4765.87618	-0.00421
4763.94745	-0.00405
4762.01873	-0.00407
4760.09001	-0.00421
4758.16128	-0.00415
4756.23256	-0.00404
4754.30383	-0.00416
4752.37511	-0.00426
4750.44639	-0.00399
4748.51766	-0.00367
4746.58894	-0.00374
4744.66022	-0.00402
4742.73149	-0.00415
4740.80277	-0.00408
4738.87405	-0.00403
4736.94532	-0.00414
4735.01660	-0.00437
4733.08787	-0.00455
4731.15915	-0.00443
4729.23043	-0.00394
4727.30170	-0.00350
4725.37298	-0.00353
4723.44426	-0.00392
4721.51553	-0.00421
4719.58681	-0.00409
4717.65808	-0.00381
4715.72936	-0.00376
4713.80064	-0.00384
4711.87191	-0.00372
4709.94319	-0.00355
4708.01447	-0.00377
4706.08574	-0.00410
4704.15702	-0.00401
4702.22830	-0.00394
4700.29957	-0.00427
4698.37085	-0.00445
4696.44212	-0.00410
4694.51340	-0.00349
4692.58468	-0.00327
4690.65595	-0.00373
4688.72723	-0.00425
4686.79851	-0.00423
4684.86978	-0.00392
4682.94106	-0.00380
4681.01234	-0.00390
4679.08361	-0.00382
4677.15489	-0.00357
4675.22616	-0.00360
4673.29744	-0.00390
4671.36872	-0.00415
4669.43999	-0.00415
4667.51127	-0.00392
4665.58255	-0.00390
4663.65382	-0.00413
4661.72510	-0.00421
4659.79638	-0.00411
4657.86765	-0.00387
4655.93893	-0.00337
4654.01020	-0.00305
4652.08148	-0.00327
4650.15276	-0.00361
4648.22403	-0.00339
4646.29531	-0.00280
4644.36659	-0.00256
4642.43786	-0.00259
4640.50914	-0.00233
4638.58041	-0.00205
4636.65169	-0.00223
4634.72297	-0.00271
4632.79424	-0.00323
4630.86552	-0.00359
4628.93680	-0.00347
4627.00807	-0.00302
4625.07935	-0.00262
4623.15063	-0.00238
4621.22190	-0.00241
4619.29318	-0.00271
4617.36445	-0.00301
4615.43573	-0.00327
4613.50701	-0.00347
4611.57828	-0.00343
4609.64956	-0.00322
4607.72084	-0.00319
4605.79211	-0.00329
4603.86339	-0.00328
4601.93467	-0.00335
4600.00594	-0.00360
4598.07722	-0.00369
4596.14849	-0.00356
4594.21977	-0.00345
4592.29105	-0.00347
4590.36232	-0.00353
4588.43360	-0.00361
4586.50488	-0.00360
4584.57615	-0.00363
4582.64743	-0.00388
4580.71870	-0.00404
4578.78998	-0.00389
4576.86126	-0.00391
4574.93253	-0.00425
4573.00381	-0.00425
4571.07509	-0.00393
4569.14636	-0.00394
4567.21764	-0.00403
4565.28892	-0.00380
4563.36019	-0.00344
4561.43147	-0.00320
4559.50274	-0.00312
4557.57402	-0.00332
4555.64530	-0.00377
4553.71657	-0.00422
4551.78785	-0.00452
4549.85913	-0.00461
4547.93040	-0.00442
4546.00168	-0.00405
4544.07296	-0.00377
4542.14423	-0.00368
4540.21551	-0.00365
4538.28678	-0.00354
4536.35806	-0.00351
4534.42934	-0.00376
4532.50061	-0.00397
4530.57189	-0.00393
4528.64317	-0.00401
4526.71444	-0.00422
4524.78572	-0.00432
4522.85699	-0.00440
4520.92827	-0.00450
4518.99955	-0.00452
4517.07082	-0.00453
4515.14210	-0.00461
4513.21338	-0.00465
4511.28465	-0.00460
4509.35593	-0.00458
4507.42721	-0.00459
4505.49848	-0.00466
4503.56976	-0.00488
4501.64103	-0.00506
4499.71231	-0.00491
4497.78359	-0.00468
4495.85486	-0.00448
4493.92614	-0.00411
4491.99742	-0.00393
4490.06869	-0.00424
4488.13997	-0.00456
4486.21125	-0.00470
4484.28252	-0.00492
4482.35380	-0.00501
4480.42507	-0.00472
4478.49635	-0.00431
4476.56763	-0.00410
4474.63890	-0.00418
4472.71018	-0.00458
4470.78146	-0.00499
4468.85273	-0.00506
4466.92401	-0.00495
4464.99528	-0.00481
4463.06656	-0.00463
4461.13784	-0.00445
4459.20911	-0.00418
4457.28039	-0.00389
4455.35167	-0.00385
4453.42294	-0.00396
4451.49422	-0.00409
4449.56550	-0.00428
4447.63677	-0.00423
4445.70805	-0.00392
4443.77932	-0.00379
4441.85060	-0.00395
4439.92188	-0.00425
4437.99315	-0.00433
4436.06443	-0.00396
4434.13571	-0.00356
4432.20698	-0.00358
4430.27826	-0.00376
4428.34954	-0.00382
4426.42081	-0.00388
4424.49209	-0.00391
4422.56336	-0.00372
4420.63464	-0.00351
4418.70592	-0.00352
4416.77719	-0.00360
4414.84847	-0.00362
4412.91975	-0.00360
4410.99102	-0.00349
4409.06230	-0.00332
4407.13357	-0.00318
4405.20485	-0.00299
4403.27613	-0.00279
4401.34740	-0.00288
4399.41868	-0.00333
4397.48996	-0.00384
4395.56123	-0.00415
4393.63251	-0.00410
4391.70379	-0.00376
4389.77506	-0.00340
4387.84634	-0.00306
4385.91761	-0.00273
4383.98889	-0.00260
4382.06017	-0.00276
4380.13144	-0.00299
4378.20272	-0.00326
4376.27400	-0.00354
4374.34527	-0.00371
4372.41655	-0.00385
4370.48783	-0.00393
4368.55910	-0.00381
4366.63038	-0.00359
4364.70165	-0.00343
4362.77293	-0.00333
4360.84421	-0.00320
4358.91548	-0.00308
4356.98676	-0.00303
4355.05804	-0.00296
4353.12931	-0.00286
4351.20059	-0.00294
4349.27186	-0.00320
4347.34314	-0.00341
4345.41442	-0.00349
4343.48569	-0.00335
4341.55697	-0.00317
4339.62825	-0.00322
4337.69952	-0.00340
4335.77080	-0.00341
4333.84208	-0.00322
4331.91335	-0.00322
4329.98463	-0.00349
4328.05590	-0.00376
4326.12718	-0.00398
4324.19846	-0.00404
4322.26973	-0.00398
4320.34101	-0.00401
4318.41229	-0.00388
4316.48356	-0.00350
4314.55484	-0.00359
4312.62612	-0.00409
4310.69739	-0.00426
4308.76867	-0.00407
4306.83994	-0.00396
4304.91122	-0.00403
4302.98250	-0.00404
4301.05377	-0.00381
4299.12505	-0.00347
4297.19633	-0.00345
4295.26760	-0.00400
4293.33888	-0.00464
4291.41015	-0.00483
4289.48143	-0.00464
4287.55271	-0.00439
4285.62398	-0.00404
4283.69526	-0.00370
4281.76654	-0.00363
4279.83781	-0.00379
4277.90909	-0.00392
4275.98037	-0.00396
4274.05164	-0.00402
4272.12292	-0.00408
4270.19419	-0.00403
4268.26547	-0.00386
4266.33675	-0.00374
4264.40802	-0.00373
4262.47930	-0.00379
4260.55058	-0.00395
4258.62185	-0.00408
4256.69313	-0.00396
4254.76441	-0.00385
4252.83568	-0.00397
4250.90696	-0.00417
4248.97823	-0.00431
4247.04951	-0.00436
4245.12079	-0.00427
4243.19206	-0.00410
4241.26334	-0.00405
4239.33462	-0.00421
4237.40589	-0.00446
4235.47717	-0.00460
4233.54845	-0.00464
4231.61972	-0.00483
4229.69100	-0.00525
4227.76227	-0.00550
4225.83355	-0.00533
4223.90483	-0.00484
4221.97610	-0.00435
4220.04738	-0.00429
4218.11866	-0.00459
4216.18993	-0.00488
4214.26121	-0.00492
4212.33248	-0.00473
4210.40376	-0.00457
4208.47504	-0.00447
4206.54631	-0.00418
4204.61759	-0.00373
4202.68887	-0.00346
4200.76014	-0.00352
4198.83142	-0.00375
4196.90270	-0.00402
4194.97397	-0.00439
4193.04525	-0.00474
4191.11652	-0.00490
4189.18780	-0.00487
4187.25908	-0.00466
4185.33035	-0.00441
4183.40163	-0.00438
4181.47291	-0.00445
4179.54418	-0.00448
4177.61546	-0.00456
4175.68674	-0.00461
4173.75801	-0.00451
4171.82929	-0.00445
4169.90056	-0.00448
4167.97184	-0.00447
4166.04312	-0.00448
4164.11439	-0.00470
4162.18567	-0.00499
4160.25695	-0.00504
4158.32822	-0.00492
4156.39950	-0.00485
4154.47077	-0.00474
4152.54205	-0.00462
4150.61333	-0.00470
4148.68460	-0.00491
4146.75588	-0.00498
4144.82716	-0.00501
4142.89843	-0.00505
4140.96971	-0.00495
4139.04099	-0.00483
4137.11226	-0.00501
4135.18354	-0.00543
4133.25481	-0.00560
4131.32609	-0.00540
4129.39737	-0.00518
4127.46864	-0.00519
4125.53992	-0.00530
4123.61120	-0.00534
4121.68247	-0.00531
4119.75375	-0.00526
4117.82503	-0.00506
4115.89630	-0.00475
4113.96758	-0.00451
4112.03885	-0.00441
4110.11013	-0.00445
4108.18141	-0.00462
4106.25268	-0.00476
4104.32396	-0.00477
4102.39524	-0.00457
4100.46651	-0.00436
4098.53779	-0.00447
4096.60906	-0.00469
4094.68034	-0.00467
4092.75162	-0.00441
4090.82289	-0.00434
4088.89417	-0.00445
4086.96545	-0.00447
4085.03672	-0.00424
4083.10800	-0.00404
4081.17928	-0.00409
4079.25055	-0.00427
4077.32183	-0.00438
4075.39310	-0.00442
4073.46438	-0.00437
4071.53566	-0.00413
4069.60693	-0.00389
4067.67821	-0.00396
4065.74949	-0.00419
4063.82076	-0.00436
4061.89204	-0.00444
4059.96332	-0.00451
4058.03459	-0.00452
4056.10587	-0.00446
4054.17714	-0.00445
4052.24842	-0.00447
4050.31970	-0.00443
4048.39097	-0.00455
4046.46225	-0.00487
4044.53353	-0.00491
4042.60480	-0.00461
4040.67608	-0.00450
4038.74735	-0.00468
4036.81863	-0.00482
4034.88991	-0.00476
4032.96118	-0.00472
4031.03246	-0.00480
4029.10374	-0.00479
4027.17501	-0.00480
4025.24629	-0.00499
4023.31757	-0.00514
4021.38884	-0.00516
4019.46012	-0.00509
4017.53139	-0.00495
4015.60267	-0.00492
4013.67395	-0.00505
4011.74522	-0.00531
4009.81650	-0.00567
4007.88778	-0.00591
4005.95905	-0.00596
4004.03033	-0.00595
4002.10161	-0.00590
4000.17288	-0.00585
3998.24416	-0.00573
3996.31543	-0.00543
3994.38671	-0.00533
3992.45799	-0.00551
3990.52926	-0.00566
3988.60054	-0.00561
3986.67182	-0.00543
3984.74309	-0.00535
3982.81437	-0.00549
3980.88564	-0.00563
3978.95692	-0.00545
3977.02820	-0.00514
3975.09947	-0.00509
3973.17075	-0.00530
3971.24203	-0.00545
3969.31330	-0.00543
3967.38458	-0.00528
3965.45586	-0.00504
3963.52713	-0.00489
3961.59841	-0.00495
3959.66968	-0.00496
3957.74096	-0.00470
3955.81224	-0.00441
3953.88351	-0.00425
3951.95479	-0.00426
3950.02607	-0.00461
3948.09734	-0.00505
3946.16862	-0.00491
3944.23990	-0.00446
3942.31117	-0.00449
3940.38245	-0.00480
3938.45372	-0.00484
3936.52500	-0.00456
3934.59628	-0.00421
3932.66755	-0.00407
3930.73883	-0.00410
3928.81011	-0.00394
3926.88138	-0.00364
3924.95266	-0.00361
3923.02393	-0.00378
3921.09521	-0.00374
3919.16649	-0.00371
3917.23776	-0.00412
3915.30904	-0.00453
3913.38032	-0.00449
3911.45159	-0.00419
3909.52287	-0.00372
3907.59415	-0.00301
3905.66542	-0.00272
3903.73670	-0.00355
3901.80797	-0.00485
3899.87925	-0.00576
3897.95053	-0.00602
3896.02180	-0.00536
3894.09308	-0.00431
3892.16436	-0.00406
3890.23563	-0.00446
3888.30691	-0.00442
3886.37819	-0.00437
3884.44946	-0.00492
3882.52074	-0.00551
3880.59201	-0.00609
3878.66329	-0.00631
3876.73457	-0.00558
3874.80584	-0.00475
3872.87712	-0.00462
3870.94840	-0.00509
3869.01967	-0.00570
3867.09095	-0.00558
3865.16222	-0.00519
3863.23350	-0.00562
3861.30478	-0.00614
3859.37605	-0.00554
3857.44733	-0.00408
3855.51861	-0.00328
3853.58988	-0.00490
3851.66116	-0.00776
3849.73244	-0.00856
3847.80371	-0.00746
3845.87499	-0.00591
3843.94626	-0.00480
3842.01754	-0.00428
3840.08882	-0.00445
3838.16009	-0.00561
3836.23137	-0.00692
3834.30265	-0.00720
3832.37392	-0.00674
3830.44520	-0.00614
3828.51648	-0.00562
3826.58775	-0.00515
3824.65903	-0.00426
3822.73030	-0.00347
3820.80158	-0.00422
3818.87286	-0.00569
3816.94413	-0.00653
3815.01541	-0.00704
3813.08669	-0.00667
3811.15796	-0.00524
3809.22924	-0.00393
3807.30052	-0.00386
3805.37179	-0.00416
3803.44307	-0.00403
3801.51434	-0.00474
3799.58562	-0.00596
3797.65690	-0.00614
3795.72817	-0.00580
3793.79945	-0.00543
3791.87073	-0.00485
3789.94200	-0.00420
3788.01328	-0.00376
3786.08455	-0.00355
3784.15583	-0.00344
3782.22711	-0.00316
3780.29838	-0.00314
3778.36966	-0.00367
3776.44094	-0.00387
3774.51221	-0.00327
3772.58349	-0.00252
3770.65477	-0.00261
3768.72604	-0.00350
3766.79732	-0.00417
3764.86859	-0.00422
3762.93987	-0.00366
3761.01115	-0.00300
3759.08242	-0.00307
3757.15370	-0.00331
3755.22498	-0.00245
3753.29625	-0.00119
3751.36753	-0.00148
3749.43881	-0.00280
3747.51008	-0.00277
3745.58136	-0.00254
3743.65263	-0.00320
3741.72391	-0.00283
3739.79519	-0.00070
3737.86646	0.00158
3735.93774	0.00220
3734.00902	0.00112
3732.08029	0.00051
3730.15157	0.00164
3728.22284	0.00366
3726.29412	0.00524
3724.36540	0.00611
3722.43667	0.00696
3720.50795	0.00820
3718.57923	0.00992
3716.65050	0.01229
3714.72178	0.01518
3712.79306	0.01775
3710.86433	0.01915
3708.93561	0.02036
3707.00688	0.02270
3705.07816	0.02597
3703.14944	0.02916
3701.22071	0.03183
3699.29199	0.03453
3697.36327	0.03764
3695.43454	0.04102
3693.50582	0.04455
3691.57710	0.04782
3689.64837	0.04997
3687.71965	0.05162
3685.79092	0.05440
3683.86220	0.05821
3681.93348	0.06234
3680.00475	0.06661
3678.07603	0.07093
3676.14731	0.07491
3674.21858	0.07851
3672.28986	0.08211
3670.36113	0.08507
3668.43241	0.08704
3666.50369	0.08921
3664.57496	0.09216
3662.64624	0.09549
3660.71752	0.09876
3658.78879	0.10148
3656.86007	0.10319
3654.93135	0.10468
3653.00262	0.10729
3651.07390	0.11004
3649.14517	0.11040
3647.21645	0.10932
3645.28773	0.10983
3643.35900	0.11179
3641.43028	0.11390
3639.50156	0.11555
3637.57283	0.11682
3635.64411	0.11804
3633.71539	0.11960
3631.78666	0.12126
3629.85794	0.12191
3627.92921	0.12144
3626.00049	0.12219
3624.07177	0.12482
3622.14304	0.12778
3620.21432	0.12946
3618.28560	0.12961
3616.35687	0.12957
3614.42815	0.13004
3612.49942	0.13071
3610.57070	0.13159
3608.64198	0.13263
3606.71325	0.13372
3604.78453	0.13508
3602.85581	0.13666
3600.92708	0.13808
3598.99836	0.13925
3597.06964	0.14045
3595.14091	0.14175
3593.21219	0.14308
3591.28346	0.14468
3589.35474	0.14635
3587.42602	0.14733
3585.49729	0.14801
3583.56857	0.14947
3581.63985	0.15146
3579.71112	0.15323
3577.78240	0.15449
3575.85368	0.15541
3573.92495	0.15653
3571.99623	0.15845
3570.06750	0.16090
3568.13878	0.16249
3566.21006	0.16265
3564.28133	0.16294
3562.35261	0.16429
3560.42389	0.16599
3558.49516	0.16746
3556.56644	0.16883
3554.63771	0.17028
3552.70899	0.17172
3550.78027	0.17317
3548.85154	0.17475
3546.92282	0.17607
3544.99410	0.17680
3543.06537	0.17749
3541.13665	0.17869
3539.20793	0.18019
3537.27920	0.18142
3535.35048	0.18230
3533.42175	0.18341
3531.49303	0.18490
3529.56431	0.18620
3527.63558	0.18713
3525.70686	0.18816
3523.77814	0.18916
3521.84941	0.18969
3519.92069	0.19010
3517.99197	0.19089
3516.06324	0.19193
3514.13452	0.19295
3512.20579	0.19402
3510.27707	0.19515
3508.34835	0.19606
3506.41962	0.19662
3504.49090	0.19716
3502.56218	0.19801
3500.63345	0.19919
3498.70473	0.20044
3496.77600	0.20146
3494.84728	0.20235
3492.91856	0.20335
3490.98983	0.20419
3489.06111	0.20450
3487.13239	0.20457
3485.20366	0.20499
3483.27494	0.20578
3481.34622	0.20661
3479.41749	0.20751
3477.48877	0.20854
3475.56004	0.20940
3473.63132	0.20992
3471.70260	0.21035
3469.77387	0.21098
3467.84515	0.21176
3465.91643	0.21238
3463.98770	0.21284
3462.05898	0.21332
3460.13026	0.21386
3458.20153	0.21443
3456.27281	0.21488
3454.34408	0.21509
3452.41536	0.21529
3450.48664	0.21579
3448.55791	0.21624
3446.62919	0.21621
3444.70047	0.21613
3442.77174	0.21643
3440.84302	0.21675
3438.91429	0.21684
3436.98557	0.21696
3435.05685	0.21722
3433.12812	0.21744
3431.19940	0.21762
3429.27068	0.21776
3427.34195	0.21776
3425.41323	0.21761
3423.48451	0.21749
3421.55578	0.21748
3419.62706	0.21757
3417.69833	0.21777
3415.76961	0.21802
3413.84089	0.21817
3411.91216	0.21823
3409.98344	0.21822
3408.05472	0.21807
3406.12599	0.21776
3404.19727	0.21727
3402.26855	0.21666
3400.33982	0.21603
3398.41110	0.21516
3396.48237	0.21520
3394.55365	0.21530
3392.62493	0.21502
3390.69620	0.21479
3388.76748	0.21476
3386.83876	0.21446
3384.91003	0.21396
3382.98131	0.21368
3381.05259	0.21356
3379.12386	0.21315
3377.19514	0.21253
3375.26641	0.21202
3373.33769	0.21144
3371.40897	0.21049
3369.48024	0.20943
3367.55152	0.20866
3365.62280	0.20824
3363.69407	0.20786
3361.76535	0.20723
3359.83662	0.20646
3357.90790	0.20591
3355.97918	0.20558
3354.05045	0.20511
3352.12173	0.20441
3350.19301	0.20373
3348.26428	0.20328
3346.33556	0.20283
3344.40684	0.20215
3342.47811	0.20131
3340.54939	0.20027
3338.62066	0.19902
3336.69194	0.19789
3334.76322	0.19710
3332.83449	0.19661
3330.90577	0.19615
3328.97705	0.19542
3327.04832	0.19445
3325.11960	0.19353
3323.19088	0.19275
3321.26215	0.19188
3319.33343	0.19065
3317.40470	0.18918
3315.47598	0.18794
3313.54726	0.18723
3311.61853	0.18674
3309.68981	0.18585
3307.76109	0.18447
3305.83236	0.18302
3303.90364	0.18172
3301.97491	0.18049
3300.04619	0.17936
3298.11747	0.17829
3296.18874	0.17715
3294.26002	0.17595
3292.33130	0.17472
3290.40257	0.17335
3288.47385	0.17187
3286.54513	0.17034
3284.61640	0.16869
3282.68768	0.16688
3280.75895	0.16511
3278.83023	0.16351
3276.90151	0.16186
3274.97278	0.16005
3273.04406	0.15821
3271.11534	0.15645
3269.18661	0.15465
3267.25789	0.15275
3265.32917	0.15095
3263.40044	0.14937
3261.47172	0.14790
3259.54299	0.14637
3257.61427	0.14455
3255.68555	0.14237
3253.75682	0.14006
3251.82810	0.13796
3249.89938	0.13622
3247.97065	0.13458
3246.04193	0.13270
3244.11320	0.13073
3242.18448	0.12911
3240.25576	0.12769
3238.32703	0.12592
3236.39831	0.12374
3234.46959	0.12149
3232.54086	0.11937
3230.61214	0.11731
3228.68342	0.11524
3226.75469	0.11319
3224.82597	0.11118
3222.89724	0.10915
3220.96852	0.10714
3219.03980	0.10528
3217.11107	0.10371
3215.18235	0.10233
3213.25363	0.10092
3211.32490	0.09926
3209.39618	0.09732
3207.46746	0.09552
3205.53873	0.09406
3203.61001	0.09252
3201.68128	0.09071
3199.75256	0.08897
3197.82384	0.08751
3195.89511	0.08613
3193.96639	0.08441
3192.03767	0.08223
3190.10894	0.08022
3188.18022	0.07889
3186.25149	0.07794
3184.32277	0.07695
3182.39405	0.07567
3180.46532	0.07410
3178.53660	0.07244
3176.60788	0.07071
3174.67915	0.06894
3172.75043	0.06732
3170.82171	0.06584
3168.89298	0.06448
3166.96426	0.06331
3165.03553	0.06229
3163.10681	0.06118
3161.17809	0.05972
3159.24936	0.05795
3157.32064	0.05631
3155.39192	0.05523
3153.46319	0.05456
3151.53447	0.05389
3149.60575	0.05288
3147.67702	0.05147
3145.74830	0.05003
3143.81957	0.04886
3141.89085	0.04785
3139.96213	0.04710
3138.03340	0.04655
3136.10468	0.04576
3134.17596	0.04477
3132.24723	0.04377
3130.31851	0.04278
3128.38978	0.04196
3126.46106	0.04130
3124.53234	0.04073
3122.60361	0.04032
3120.67489	0.04010
3118.74617	0.03988
3116.81744	0.03973
3114.88872	0.04009
3112.96000	0.04115
3111.03127	0.04247
3109.10255	0.04356
3107.17382	0.04442
3105.24510	0.04544
3103.31638	0.04683
3101.38765	0.04845
3099.45893	0.05015
3097.53021	0.05201
3095.60148	0.05412
3093.67276	0.05637
3091.74404	0.05857
3089.81531	0.06054
3087.88659	0.06233
3085.95786	0.06419
3084.02914	0.06632
3082.10042	0.06853
3080.17169	0.07057
3078.24297	0.07263
3076.31425	0.07485
3074.38552	0.07693
3072.45680	0.07875
3070.52807	0.08046
3068.59935	0.08203
3066.67063	0.08339
3064.74190	0.08459
3062.81318	0.08575
3060.88446	0.08693
3058.95573	0.08804
3057.02701	0.08902
3055.09829	0.08994
3053.16956	0.09073
3051.24084	0.09129
3049.31211	0.09168
3047.38339	0.09212
3045.45467	0.09251
3043.52594	0.09261
3041.59722	0.09247
3039.66850	0.09223
3037.73977	0.09194
3035.81105	0.09169
3033.88233	0.09143
3031.95360	0.09103
3030.02488	0.09049
3028.09615	0.08991
3026.16743	0.08936
3024.23871	0.08896
3022.30998	0.08863
3020.38126	0.08813
3018.45254	0.08756
3016.52381	0.08730
3014.59509	0.08734
3012.66636	0.08738
3010.73764	0.08744
3008.80892	0.08771
3006.88019	0.08823
3004.95147	0.08901
3003.02275	0.09000
3001.09402	0.09108
2999.16530	0.09182
2997.23658	0.09030
2995.30785	0.08903
2993.37913	0.08800
2991.45040	0.08722
2989.52168	0.08661
2987.59296	0.08601
2985.66423	0.08543
2983.73551	0.08486
2981.80679	0.08419
2979.87806	0.08345
2977.94934	0.08289
2976.02062	0.08256
2974.09189	0.08219
2972.16317	0.08175
2970.23444	0.08152
2968.30572	0.08137
2966.37700	0.08092
2964.44827	0.08023
2962.51955	0.07951
2960.59083	0.07870
2958.66210	0.07765
2956.73338	0.07625
2954.80466	0.07462
2952.87593	0.07310
2950.94721	0.07194
2949.01848	0.07118
2947.08976	0.07068
2945.16104	0.07018
2943.23231	0.06961
2941.30359	0.06921
2939.37487	0.06907
2937.44614	0.06893
2935.51742	0.06861
2933.58869	0.06820
2931.65997	0.06783
2929.73125	0.06726
2927.80252	0.06620
2925.87380	0.06474
2923.94508	0.06283
2922.01635	0.06021
2920.08763	0.05689
2918.15891	0.05310
2916.23018	0.04903
2914.30146	0.04477
2912.37273	0.04056
2910.44401	0.03667
2908.51529	0.03306
2906.58656	0.02957
2904.65784	0.02623
2902.72912	0.02313
2900.80039	0.02011
2898.87167	0.01695
2896.94295	0.01386
2895.01422	0.01099
2893.08550	0.00820
2891.15677	0.00544
2889.22805	0.00270
2887.29933	0.00116
2885.37060	-0.00032
2883.44188	-0.00171
2881.51316	-0.00293
2879.58443	-0.00238
2877.65571	-0.00178
2875.72698	-0.00110
2873.79826	-0.00038
2871.86954	0.00022
2869.94081	0.00061
2868.01209	0.00095
2866.08337	0.00148
2864.15464	0.00231
2862.22592	0.00348
2860.29720	0.00486
2858.36847	0.00619
2856.43975	0.00722
2854.51102	0.00781
2852.58230	0.00772
2850.65358	0.00670
2848.72485	0.00499
2846.79613	0.00311
2844.86741	0.00130
2842.93868	-0.00039
2841.00996	-0.00189
2839.08124	-0.00309
2837.15251	-0.00393
2835.22379	-0.00442
2833.29506	-0.00467
2831.36634	-0.00487
2829.43762	-0.00515
2827.50889	-0.00534
2825.58017	-0.00538
2823.65145	-0.00547
2821.72272	-0.00570
2819.79400	-0.00583
2817.86527	-0.00581
2815.93655	-0.00583
2814.00783	-0.00599
2812.07910	-0.00621
2810.15038	-0.00631
2808.22166	-0.00623
2806.29293	-0.00613
2804.36421	-0.00612
2802.43549	-0.00612
2800.50676	-0.00608
2798.57804	-0.00608
2796.64931	-0.00608
2794.72059	-0.00607
2792.79187	-0.00608
2790.86314	-0.00609
2788.93442	-0.00604
2787.00570	-0.00587
2785.07697	-0.00558
2783.14825	-0.00528
2781.21953	-0.00510
2779.29080	-0.00500
2777.36208	-0.00466
2775.43335	-0.00429
2773.50463	-0.00375
2771.57591	-0.00305
2769.64718	-0.00281
2767.71846	-0.00256
2765.78974	-0.00238
2763.86101	-0.00225
2761.93229	-0.00201
2760.00356	-0.00161
2758.07484	-0.00122
2756.14612	-0.00098
2754.21739	-0.00087
2752.28867	-0.00073
2750.35995	-0.00052
2748.43122	-0.00035
2746.50250	-0.00029
2744.57378	-0.00032
2742.64505	-0.00037
2740.71633	-0.00039
2738.78760	-0.00041
2736.85888	-0.00047
2734.93016	-0.00061
2733.00143	-0.00079
2731.07271	-0.00091
2729.14399	-0.00103
2727.21526	-0.00117
2725.28654	-0.00127
2723.35782	-0.00133
2721.42909	-0.00145
2719.50037	-0.00167
2717.57164	-0.00188
2715.64292	-0.00196
2713.71420	-0.00193
2711.78547	-0.00189
2709.85675	-0.00193
2707.92803	-0.00201
2705.99930	-0.00210
2704.07058	-0.00231
2702.14185	-0.00259
2700.21313	-0.00277
2698.28441	-0.00281
2696.35568	-0.00285
2694.42696	-0.00299
2692.49824	-0.00311
2690.56951	-0.00309
2688.64079	-0.00304
2686.71207	-0.00313
2684.78334	-0.00337
2682.85462	-0.00359
2680.92589	-0.00375
2678.99717	-0.00397
2677.06845	-0.00417
2675.13972	-0.00424
2673.21100	-0.00420
2671.28228	-0.00428
2669.35355	-0.00447
2667.42483	-0.00417
2665.49611	-0.00383
2663.56738	-0.00353
2661.63866	-0.00327
2659.70993	-0.00336
2657.78121	-0.00347
2655.85249	-0.00357
2653.92376	-0.00363
2651.99504	-0.00373
2650.06632	-0.00385
2648.13759	-0.00391
2646.20887	-0.00391
2644.28014	-0.00392
2642.35142	-0.00391
2640.42270	-0.00378
2638.49397	-0.00363
2636.56525	-0.00357
2634.63653	-0.00361
2632.70780	-0.00367
2630.77908	-0.00364
2628.85036	-0.00359
2626.92163	-0.00364
2624.99291	-0.00378
2623.06418	-0.00396
2621.13546	-0.00409
2619.20674	-0.00407
2617.27801	-0.00397
2615.34929	-0.00392
2613.42057	-0.00393
2611.49184	-0.00404
2609.56312	-0.00422
2607.63440	-0.00436
2605.70567	-0.00442
2603.77695	-0.00447
2601.84822	-0.00444
2599.91950	-0.00434
2597.99078	-0.00439
2596.06205	-0.00449
2594.13333	-0.00446
2592.20461	-0.00436
2590.27588	-0.00436
2588.34716	-0.00444
2586.41843	-0.00448
2584.48971	-0.00440
2582.56099	-0.00432
2580.63226	-0.00435
2578.70354	-0.00441
2576.77482	-0.00436
2574.84609	-0.00432
2572.91737	-0.00433
2570.98865	-0.00428
2569.05992	-0.00410
2567.13120	-0.00389
2565.20247	-0.00375
2563.27375	-0.00369
2561.34503	-0.00367
2559.41630	-0.00370
2557.48758	-0.00361
2555.55886	-0.00345
2553.63013	-0.00319
2551.70141	-0.00290
2549.77269	-0.00294
2547.84396	-0.00297
2545.91524	-0.00292
2543.98651	-0.00289
2542.05779	-0.00294
2540.12907	-0.00302
2538.20034	-0.00306
2536.27162	-0.00303
2534.34290	-0.00306
2532.41417	-0.00316
2530.48545	-0.00323
2528.55673	-0.00328
2526.62800	-0.00334
2524.69928	-0.00340
2522.77055	-0.00343
2520.84183	-0.00342
2518.91311	-0.00342
2516.98438	-0.00346
2515.05566	-0.00360
2513.12694	-0.00376
2511.19821	-0.00385
2509.26949	-0.00385
2507.34076	-0.00382
2505.41204	-0.00377
2503.48332	-0.00375
2501.55459	-0.00383
2499.62587	-0.00393
2497.69715	-0.00399
2495.76842	-0.00394
2493.83970	-0.00377
2491.91098	-0.00364
2489.98225	-0.00364
2488.05353	-0.00369
2486.12480	-0.00371
2484.19608	-0.00371
2482.26736	-0.00373
2480.33863	-0.00378
2478.40991	-0.00382
2476.48119	-0.00379
2474.55246	-0.00374
2472.62374	-0.00378
2470.69502	-0.00389
2468.76629	-0.00388
2466.83757	-0.00374
2464.90884	-0.00363
2462.98012	-0.00359
2461.05140	-0.00362
2459.12267	-0.00377
2457.19395	-0.00391
2455.26523	-0.00388
2453.33650	-0.00368
2451.40778	-0.00346
2449.47905	-0.00335
2447.55033	-0.00331
2445.62161	-0.00332
2443.69288	-0.00326
2441.76416	-0.00313
2439.83544	-0.00316
2437.90671	-0.00317
2435.97799	-0.00317
2434.04927	-0.00326
2432.12054	-0.00354
2430.19182	-0.00397
2428.26309	-0.00439
2426.33437	-0.00450
2424.40565	-0.00422
2422.47692	-0.00383
2420.54820	-0.00359
2418.61948	-0.00349
2416.69075	-0.00349
2414.76203	-0.00350
2412.83331	-0.00352
2410.90458	-0.00355
2408.97586	-0.00349
2407.04713	-0.00341
2405.11841	-0.00346
2403.18969	-0.00353
2401.26096	-0.00351
2399.33224	-0.00339
2397.40352	-0.00328
2395.47479	-0.00323
2393.54607	-0.00322
2391.61734	-0.00316
2389.68862	-0.00307
2387.75990	-0.00303
2385.83117	-0.00303
2383.90245	-0.00303
2381.97373	-0.00299
2380.04500	-0.00291
2378.11628	-0.00278
2376.18756	-0.00273
2374.25883	-0.00279
2372.33011	-0.00282
2370.40138	-0.00277
2368.47266	-0.00276
2366.54394	-0.00275
2364.61521	-0.00278
2362.68649	-0.00288
2360.75777	-0.00291
2358.82904	-0.00305
2356.90032	-0.00344
2354.97160	-0.00385
2353.04287	-0.00386
2351.11415	-0.00316
2349.18542	-0.00235
2347.25670	-0.00229
2345.32798	-0.00270
2343.39925	-0.00291
2341.47053	-0.00296
2339.54181	-0.00309
2337.61308	-0.00327
2335.68436	-0.00339
2333.75563	-0.00340
2331.82691	-0.00336
2329.89819	-0.00334
2327.96946	-0.00334
2326.04074	-0.00335
2324.11202	-0.00341
2322.18329	-0.00356
2320.25457	-0.00368
2318.32585	-0.00367
2316.39712	-0.00362
2314.46840	-0.00364
2312.53967	-0.00369
2310.61095	-0.00364
2308.68223	-0.00353
2306.75350	-0.00345
2304.82478	-0.00345
2302.89606	-0.00351
2300.96733	-0.00362
2299.03861	-0.00368
2297.10989	-0.00364
2295.18116	-0.00356
2293.25244	-0.00349
2291.32371	-0.00341
2289.39499	-0.00336
2287.46627	-0.00340
2285.53754	-0.00346
2283.60882	-0.00347
2281.68010	-0.00344
2279.75137	-0.00343
2277.82265	-0.00346
2275.89392	-0.00348
2273.96520	-0.00346
2272.03648	-0.00341
2270.10775	-0.00339
2268.17903	-0.00340
2266.25031	-0.00338
2264.32158	-0.00334
2262.39286	-0.00327
2260.46414	-0.00316
2258.53541	-0.00309
2256.60669	-0.00309
2254.67796	-0.00308
2252.74924	-0.00301
2250.82052	-0.00290
2248.89179	-0.00284
2246.96307	-0.00276
2245.03435	-0.00268
2243.10562	-0.00255
2241.17690	-0.00237
2239.24818	-0.00223
2237.31945	-0.00219
2235.39073	-0.00220
2233.46200	-0.00222
2231.53328	-0.00225
2229.60456	-0.00221
2227.67583	-0.00205
2225.74711	-0.00199
2223.81839	-0.00196
2221.88966	-0.00187
2219.96094	-0.00185
2218.03221	-0.00182
2216.10349	-0.00186
2214.17477	-0.00202
2212.24604	-0.00226
2210.31732	-0.00243
2208.38860	-0.00253
2206.45987	-0.00258
2204.53115	-0.00257
2202.60243	-0.00253
2200.67370	-0.00247
2198.74498	-0.00244
2196.81625	-0.00255
2194.88753	-0.00273
2192.95881	-0.00284
2191.03008	-0.00288
2189.10136	-0.00291
2187.17264	-0.00295
2185.24391	-0.00304
2183.31519	-0.00316
2181.38647	-0.00324
2179.45774	-0.00326
2177.52902	-0.00318
2175.60029	-0.00308
2173.67157	-0.00304
2171.74285	-0.00307
2169.81412	-0.00309
2167.88540	-0.00306
2165.95668	-0.00300
2164.02795	-0.00297
2162.09923	-0.00294
2160.17050	-0.00295
2158.24178	-0.00300
2156.31306	-0.00297
2154.38433	-0.00286
2152.45561	-0.00275
2150.52689	-0.00265
2148.59816	-0.00256
2146.66944	-0.00248
2144.74072	-0.00245
2142.81199	-0.00252
2140.88327	-0.00261
2138.95454	-0.00257
2137.02582	-0.00243
2135.09710	-0.00227
2133.16837	-0.00222
2131.23965	-0.00232
2129.31093	-0.00239
2127.38220	-0.00236
2125.45348	-0.00236
2123.52476	-0.00239
2121.59603	-0.00233
2119.66731	-0.00227
2117.73858	-0.00240
2115.80986	-0.00249
2113.88114	-0.00258
2111.95241	-0.00267
2110.02369	-0.00288
2108.09497	-0.00314
2106.16624	-0.00347
2104.23752	-0.00376
2102.30880	-0.00394
2100.38007	-0.00415
2098.45135	-0.00437
2096.52262	-0.00460
2094.59390	-0.00488
2092.66518	-0.00520
2090.73645	-0.00544
2088.80773	-0.00572
2086.87901	-0.00612
2084.95028	-0.00664
2083.02156	-0.00723
2081.09283	-0.00782
2079.16411	-0.00829
2077.23539	-0.00868
2075.30666	-0.00907
2073.37794	-0.00946
2071.44922	-0.00981
2069.52049	-0.01014
2067.59177	-0.01048
2065.66305	-0.01088
2063.73432	-0.01115
2061.80560	-0.01115
2059.87687	-0.01094
2057.94815	-0.01058
2056.01943	-0.01014
2054.09070	-0.00974
2052.16198	-0.00939
2050.23326	-0.00883
2048.30453	-0.00796
2046.37581	-0.00706
2044.44709	-0.00628
2042.51836	-0.00556
2040.58964	-0.00494
2038.66091	-0.00440
2036.73219	-0.00386
2034.80347	-0.00340
2032.87474	-0.00315
2030.94602	-0.00307
2029.01730	-0.00302
2027.08857	-0.00291
2025.15985	-0.00279
2023.23112	-0.00268
2021.30240	-0.00241
2019.37368	-0.00197
2017.44495	-0.00163
2015.51623	-0.00147
2013.58751	-0.00131
2011.65878	-0.00111
2009.73006	-0.00095
2007.80134	-0.00090
2005.87261	-0.00093
2003.94389	-0.00095
2002.01516	-0.00079
2000.08644	-0.00040
1998.15772	-0.00004
1996.22899	0.00026
1994.30027	0.00057
1992.37155	0.00076
1990.44282	0.00082
1988.51410	0.00091
1986.58538	0.00104
1984.65665	0.00120
1982.72793	0.00136
1980.79920	0.00144
1978.87048	0.00145
1976.94176	0.00143
1975.01303	0.00145
1973.08431	0.00154
1971.15559	0.00165
1969.22686	0.00169
1967.29814	0.00161
1965.36941	0.00145
1963.44069	0.00137
1961.51197	0.00133
1959.58324	0.00126
1957.65452	0.00124
1955.72580	0.00132
1953.79707	0.00133
1951.86835	0.00124
1949.93963	0.00112
1948.01090	0.00104
1946.08218	0.00106
1944.15345	0.00103
1942.22473	0.00079
1940.29601	0.00055
1938.36728	0.00060
1936.43856	0.00073
1934.50984	0.00078
1932.58111	0.00080
1930.65239	0.00088
1928.72367	0.00101
1926.79494	0.00098
1924.86622	0.00087
1922.93749	0.00067
1921.00877	0.00052
1919.08005	0.00050
1917.15132	0.00042
1915.22260	0.00039
1913.29388	0.00069
1911.36515	0.00120
1909.43643	0.00161
1907.50770	0.00185
1905.57898	0.00207
1903.65026	0.00245
1901.72153	0.00294
1899.79281	0.00351
1897.86409	0.00410
1895.93536	0.00456
1894.00664	0.00491
1892.07792	0.00529
1890.14919	0.00562
1888.22047	0.00581
1886.29174	0.00605
1884.36302	0.00638
1882.43430	0.00661
1880.50557	0.00673
1878.57685	0.00676
1876.64813	0.00683
1874.71940	0.00726
1872.79068	0.00796
1870.86196	0.00855
1868.93323	0.00852
1867.00451	0.00802
1865.07578	0.00772
1863.14706	0.00773
1861.21834	0.00767
1859.28961	0.00733
1857.36089	0.00680
1855.43217	0.00627
1853.50344	0.00586
1851.57472	0.00557
1849.64599	0.00535
1847.71727	0.00513
1845.78855	0.00466
1843.85982	0.00382
1841.93110	0.00310
1840.00238	0.00290
1838.07365	0.00289
1836.14493	0.00283
1834.21621	0.00301
1832.28748	0.00352
1830.35876	0.00380
1828.43003	0.00366
1826.50131	0.00356
1824.57259	0.00357
1822.64386	0.00367
1820.71514	0.00400
1818.78642	0.00433
1816.85769	0.00439
1814.92897	0.00455
1813.00025	0.00485
1811.07152	0.00489
1809.14280	0.00460
1807.21407	0.00441
1805.28535	0.00451
1803.35663	0.00472
1801.42790	0.00478
1799.49918	0.00471
1797.57046	0.00492
1795.64173	0.00558
1793.71301	0.00618
1791.78428	0.00608
1789.85556	0.00568
1787.92684	0.00575
1785.99811	0.00620
1784.06939	0.00679
1782.14067	0.00737
1780.21194	0.00772
1778.28322	0.00802
1776.35450	0.00876
1774.42577	0.00969
1772.49705	0.00987
1770.56832	0.00920
1768.63960	0.00877
1766.71088	0.00916
1764.78215	0.01017
1762.85343	0.01124
1760.92471	0.01205
1758.99598	0.01279
1757.06726	0.01371
1755.13854	0.01501
1753.20981	0.01687
1751.28109	0.01893
1749.35236	0.02053
1747.42364	0.02177
1745.49492	0.02314
1743.56619	0.02471
1741.63747	0.02613
1739.70875	0.02726
1737.78002	0.02845
1735.85130	0.02977
1733.92257	0.03047
1731.99385	0.03039
1730.06513	0.03032
1728.13640	0.03053
1726.20768	0.03096
1724.27896	0.03146
1722.35023	0.03210
1720.42151	0.03310
1718.49279	0.03366
1716.56406	0.03266
1714.63534	0.03128
1712.70661	0.03094
1710.77789	0.03157
1708.84917	0.03268
1706.92044	0.03377
1704.99172	0.03468
1703.06300	0.03590
1701.13427	0.03767
1699.20555	0.03948
1697.27683	0.04113
1695.34810	0.04281
1693.41938	0.04489
1691.49065	0.04754
1689.56193	0.05050
1687.63321	0.05348
1685.70448	0.05636
1683.77576	0.05858
1681.84704	0.06014
1679.91831	0.06194
1677.98959	0.06425
1676.06087	0.06674
1674.13214	0.06906
1672.20342	0.07119
1670.27469	0.07317
1668.34597	0.07482
1666.41725	0.07645
1664.48852	0.07820
1662.55980	0.07950
1660.63108	0.08011
1658.70235	0.08073
1656.77363	0.08172
1654.84490	0.08193
1652.91618	0.07985
1650.98746	0.07774
1649.05873	0.07759
1647.13001	0.07774
1645.20129	0.07693
1643.27256	0.07623
1641.34384	0.07627
1639.41512	0.07659
1637.48639	0.07585
1635.55767	0.07286
1633.62894	0.06928
1631.70022	0.06709
1629.77150	0.06551
1627.84277	0.06343
1625.91405	0.06079
1623.98533	0.05758
1622.05660	0.05411
1620.12788	0.05145
1618.19916	0.04897
1616.27043	0.04519
1614.34171	0.04123
1612.41298	0.03843
1610.48426	0.03600
1608.55554	0.03304
1606.62681	0.02967
1604.69809	0.02634
1602.76937	0.02320
1600.84064	0.02039
1598.91192	0.01821
1596.98319	0.01668
1595.05447	0.01552
1593.12575	0.01444
1591.19702	0.01336
1589.26830	0.01232
1587.33958	0.01162
1585.41085	0.01148
1583.48213	0.01183
1581.55341	0.01270
1579.62468	0.01419
1577.69596	0.01582
1575.76723	0.01681
1573.83851	0.01752
1571.90979	0.01873
1569.98106	0.02014
1568.05234	0.02136
1566.12362	0.02283
1564.19489	0.02491
1562.26617	0.02771
1560.33745	0.03091
1558.40872	0.03308
1556.48000	0.03389
1554.55127	0.03484
1552.62255	0.03621
1550.69383	0.03755
1548.76510	0.03861
1546.83638	0.03981
1544.90766	0.04146
1542.97893	0.04286
1541.05021	0.04253
1539.12148	0.04041
1537.19276	0.03897
1535.26404	0.03868
1533.33531	0.03798
1531.40659	0.03663
1529.47787	0.03556
1527.54914	0.03452
1525.62042	0.03308
1523.69170	0.03146
1521.76297	0.02922
1519.83425	0.02641
1517.90552	0.02384
1515.97680	0.02114
1514.04808	0.01844
1512.11935	0.01657
1510.19063	0.01534
1508.26191	0.01270
1506.33318	0.00725
1504.40446	0.00250
1502.47574	0.00046
1500.54701	-0.00049
1498.61829	-0.00195
1496.68956	-0.00434
1494.76084	-0.00646
1492.83212	-0.00732
1490.90339	-0.00780
1488.97467	-0.00922
1487.04595	-0.01112
1485.11722	-0.01222
1483.18850	-0.01239
1481.25977	-0.01204
1479.33105	-0.01125
1477.40233	-0.00988
1475.47360	-0.00805
1473.54488	-0.00619
1471.61616	-0.00458
1469.68743	-0.00312
1467.75871	-0.00166
1465.82999	-0.00062
1463.90126	-0.00030
1461.97254	0.00014
1460.04381	0.00116
1458.11509	0.00156
1456.18637	0.00029
1454.25764	-0.00123
1452.32892	-0.00210
1450.40020	-0.00270
1448.47147	-0.00369
1446.54275	-0.00529
1444.61403	-0.00720
1442.68530	-0.00914
1440.75658	-0.01091
1438.82785	-0.01279
1436.89913	-0.01560
1434.97041	-0.01894
1433.04168	-0.02172
1431.11296	-0.02467
1429.18424	-0.02889
1427.25551	-0.03412
1425.32679	-0.04016
1423.39806	-0.04723
1421.46934	-0.05547
1419.54062	-0.06594
1417.61189	-0.07831
1415.68317	-0.08959
1413.75445	-0.09963
1411.82572	-0.11021
1409.89700	-0.12157
1407.96828	-0.13265
1406.03955	-0.14305
1404.11083	-0.15225
1402.18210	-0.15844
1400.25338	-0.16056
1398.32466	-0.15853
1396.39593	-0.15234
1394.46721	-0.14269
1392.53849	-0.13184
1390.60976	-0.12215
1388.68104	-0.11535
1386.75232	-0.11142
1384.82359	-0.10552
1382.89487	-0.09277
1380.96614	-0.07543
1379.03742	-0.05962
1377.10870	-0.04791
1375.17997	-0.03902
1373.25125	-0.03179
1371.32253	-0.02593
1369.39380	-0.02103
1367.46508	-0.01691
1365.53635	-0.01360
1363.60763	-0.01109
1361.67891	-0.00939
1359.75018	-0.00815
1357.82146	-0.00696
1355.89274	-0.00573
1353.96401	-0.00440
1352.03529	-0.00288
1350.10657	-0.00132
1348.17784	-0.00009
1346.24912	0.00077
1344.32039	0.00159
1342.39167	0.00244
1340.46295	0.00325
1338.53422	0.00393
1336.60550	0.00469
1334.67678	0.00572
1332.74805	0.00699
1330.81933	0.00800
1328.89061	0.00800
1326.96188	0.00743
1325.03316	0.00672
1323.10443	0.00648
1321.17571	0.00716
1319.24699	0.00836
1317.31826	0.00939
1315.38954	0.01024
1313.46082	0.01130
1311.53209	0.01271
1309.60337	0.01429
1307.67464	0.01584
1305.74592	0.01726
1303.81720	0.01856
1301.88847	0.01987
1299.95975	0.02130
1298.03103	0.02282
1296.10230	0.02437
1294.17358	0.02590
1292.24486	0.02745
1290.31613	0.02912
1288.38741	0.03086
1286.45868	0.03263
1284.52996	0.03489
1282.60124	0.03801
1280.67251	0.04176
1278.74379	0.04575
1276.81507	0.04981
1274.88634	0.05407
1272.95762	0.05883
1271.02890	0.06442
1269.10017	0.07082
1267.17145	0.07791
1265.24272	0.08570
1263.31400	0.09420
1261.38528	0.10353
1259.45655	0.11376
1257.52783	0.12486
1255.59911	0.13683
1253.67038	0.14958
1251.74166	0.16280
1249.81294	0.17606
1247.88421	0.18888
1245.95549	0.20094
1244.02676	0.21218
1242.09804	0.22239
1240.16932	0.23129
1238.24059	0.23906
1236.31187	0.24597
1234.38315	0.25209
1232.45442	0.25740
1230.52570	0.26188
1228.59697	0.26578
1226.66825	0.26937
1224.73953	0.27245
1222.81080	0.27490
1220.88208	0.27717
1218.95336	0.27956
1217.02463	0.28173
1215.09591	0.28358
1213.16719	0.28541
1211.23846	0.28710
1209.30974	0.28828
1207.38101	0.28926
1205.45229	0.29045
1203.52357	0.29160
1201.59484	0.29261
1199.66612	0.29377
1197.73740	0.29507
1195.80867	0.29624
1193.87995	0.29703
1191.95123	0.29772
1190.02250	0.29903
1188.09378	0.30106
1186.16505	0.30311
1184.23633	0.30497
1182.30761	0.30693
1180.37888	0.30919
1178.45016	0.31149
1176.52144	0.31348
1174.59271	0.31539
1172.66399	0.31740
1170.73526	0.31926
1168.80654	0.32071
1166.87782	0.32189
1164.94909	0.32305
1163.02037	0.32422
1161.09165	0.32535
1159.16292	0.32626
1157.23420	0.32689
1155.30548	0.32736
1153.37675	0.32768
1151.44803	0.32794
1149.51930	0.32846
1147.59058	0.32936
1145.66186	0.33020
1143.73313	0.33102
1141.80441	0.33206
1139.87569	0.33263
1137.94696	0.33198
1136.01824	0.33071
1134.08952	0.33031
1132.16079	0.33152
1130.23207	0.33391
1128.30334	0.33642
1126.37462	0.33805
1124.44590	0.33883
1122.51717	0.33966
1120.58845	0.34127
1118.65973	0.34403
1116.73100	0.34819
1114.80228	0.35360
1112.87355	0.35943
1110.94483	0.36540
1109.01611	0.37244
1107.08738	0.38074
1105.15866	0.38876
1103.22994	0.39568
1101.30121	0.40204
1099.37249	0.40791
1097.44377	0.41296
1095.51504	0.41710
1093.58632	0.41953
1091.65759	0.41980
1089.72887	0.41960
1087.80015	0.42010
1085.87142	0.42058
1083.94270	0.42030
1082.01398	0.41953
1080.08525	0.41899
1078.15653	0.41873
1076.22781	0.41778
1074.29908	0.41565
1072.37036	0.41349
1070.44163	0.41214
1068.51291	0.41052
1066.58419	0.40769
1064.65546	0.40413
1062.72674	0.40042
1060.79802	0.39650
1058.86929	0.39166
1056.94057	0.38550
1055.01184	0.37866
1053.08312	0.37164
1051.15440	0.36460
1049.22567	0.35773
1047.29695	0.35076
1045.36823	0.34330
1043.43950	0.33536
1041.51078	0.32730
1039.58206	0.31888
1037.65333	0.30960
1035.72461	0.30000
1033.79588	0.29096
1031.86716	0.28306
1029.93844	0.27629
1028.00971	0.26999
1026.08099	0.26368
1024.15227	0.25730
1022.22354	0.25094
1020.29482	0.24453
1018.36610	0.23820
1016.43737	0.23216
1014.50865	0.22633
1012.57992	0.22032
1010.65120	0.21389
1008.72248	0.20775
1006.79375	0.20252
1004.86503	0.19782
1002.93631	0.19321
1001.00758	0.18882
999.07886	0.18482
997.15013	0.18084
995.22141	0.17619
993.29269	0.17075
991.36396	0.16529
989.43524	0.16086
987.50652	0.15768
985.57779	0.15510
983.64907	0.15288
981.72035	0.15139
979.79162	0.15044
977.86290	0.14967
975.93417	0.15000
974.00545	0.15035
972.07673	0.15052
970.14800	0.15052
968.21928	0.15036
966.29056	0.15012
964.36183	0.15016
962.43311	0.15051
960.50439	0.15061
958.57566	0.15029
956.64694	0.14962
954.71821	0.14832
952.78949	0.14644
950.86077	0.14444
948.93204	0.14230
947.00332	0.13970
945.07460	0.13686
943.14587	0.13410
941.21715	0.13109
939.28842	0.12771
937.35970	0.12414
935.43098	0.12021
933.50225	0.11602
931.57353	0.11192
929.64481	0.10795
927.71608	0.10425
925.78736	0.10097
923.85864	0.09801
921.92991	0.09527
920.00119	0.09238
918.07246	0.08890
916.14374	0.08491
914.21502	0.08072
912.28629	0.07656
910.35757	0.07238
908.42885	0.06804
906.50012	0.06381
904.57140	0.05989
902.64268	0.05564
900.71395	0.05056
898.78523	0.04523
896.85650	0.04054
894.92778	0.03639
892.99906	0.03214
891.07033	0.02776
889.14161	0.02344
887.21289	0.01923
885.28416	0.01513
883.35544	0.01129
881.42671	0.00789
879.49799	0.00486
877.56927	0.00186
875.64054	-0.00143
873.71182	-0.00483
871.78310	-0.00778
869.85437	-0.01033
867.92565	-0.01283
865.99693	-0.01545
864.06820	-0.01809
862.13948	-0.02060
860.21075	-0.02300
858.28203	-0.02519
856.35331	-0.02679
854.42458	-0.02773
852.49586	-0.02820
850.56714	-0.02858
848.63841	-0.02921
846.70969	-0.02933
844.78097	-0.02776
842.85224	-0.02494
840.92352	-0.02210
838.99479	-0.01939
837.06607	-0.01612
835.13735	-0.01198
833.20862	-0.00730
831.27990	-0.00242
829.35118	0.00213
827.42245	0.00612
825.49373	0.01004
823.56501	0.01430
821.63628	0.01869
819.70756	0.02273
817.77883	0.02656
815.85011	0.03053
813.92139	0.03456
811.99266	0.03863
810.06394	0.04259
808.13522	0.04605
806.20649	0.04920
804.27777	0.05217
802.34904	0.05450
800.42032	0.05600
798.49160	0.05682
796.56287	0.05674
794.63415	0.05575
792.70543	0.05437
790.77670	0.05262
788.84798	0.04975
786.91926	0.04563
784.99053	0.04115
783.06181	0.03670
781.13308	0.03236
779.20436	0.02831
777.27564	0.02396
775.34691	0.01892
773.41819	0.01379
771.48947	0.00920
769.56074	0.00594
767.63202	0.00446
765.70330	0.00413
763.77457	0.00339
761.84585	0.00182
759.91712	0.00091
757.98840	0.00098
756.05968	0.00110
754.13095	0.00042
752.20223	-0.00042
750.27351	-0.00051
748.34478	-0.00060
746.41606	-0.00106
744.48733	-0.00080
742.55861	-0.00042
740.62989	-0.00125
738.70116	-0.00245
736.77244	-0.00309
734.84372	-0.00367
732.91499	-0.00462
730.98627	-0.00537
729.05755	-0.00542
727.12882	-0.00526
725.20010	-0.00528
723.27137	-0.00566
721.34265	-0.00638
719.41393	-0.00729
717.48520	-0.00832
715.55648	-0.00943
713.62776	-0.01000
711.69903	-0.00971
709.77031	-0.00911
707.84159	-0.00874
705.91286	-0.00848
703.98414	-0.00792
702.05541	-0.00698
700.12669	-0.00583
698.19797	-0.00446
696.26924	-0.00331
694.34052	-0.00317
692.41180	-0.00366
690.48307	-0.00353
688.55435	-0.00270
686.62562	-0.00232
684.69690	-0.00296
682.76818	-0.00351
680.83945	-0.00374
678.91073	-0.00475
676.98201	-0.00565
675.05328	-0.00604
673.12456	-0.00607
671.19584	-0.00725
669.26711	-0.01061
667.33839	-0.01244
665.40966	-0.01121
663.48094	-0.01107
661.55222	-0.01296
659.62349	-0.01511
657.69477	-0.01674
655.76605	-0.01737
653.83732	-0.01646
651.90860	-0.01460
649.97988	-0.01368
648.05115	-0.01430
646.12243	-0.01511
644.19370	-0.01502
642.26498	-0.01404
640.33626	-0.01259
638.40753	-0.01130
636.47881	-0.01091
634.55009	-0.01190
632.62136	-0.01427
630.69264	-0.01722
628.76391	-0.01954
626.83519	-0.02043
624.90647	-0.02106
622.97774	-0.02249
621.04902	-0.02472
619.12030	-0.02642
617.19157	-0.02600
615.26285	-0.02368
613.33413	-0.02096
611.40540	-0.01860
609.47668	-0.01633
607.54795	-0.01414
605.61923	-0.01269
603.69051	-0.01209
601.76178	-0.01146
599.83306	-0.00984
597.90434	-0.00743
595.97561	-0.00509
594.04689	-0.00326
592.11817	-0.00191
590.18944	-0.00111
588.26072	-0.00043
586.33199	0.00091
584.40327	0.00221
582.47455	0.00222
580.54582	0.00118
578.61710	0.00128
576.68838	0.00599
574.75965	0.01110
572.83093	0.01509
570.90220	0.01818
568.97348	0.01641
567.04476	0.01406
565.11603	0.01233
563.18731	0.00993
561.25859	0.00642
559.32986	0.00327
557.40114	0.00167
555.47242	0.00071
553.54369	-0.00081
551.61497	-0.00243
549.68624	-0.00380
547.75752	-0.00529
545.82880	-0.00678
543.90007	-0.00769
541.97135	-0.00836
540.04263	-0.01046
538.11390	-0.01378
536.18518	-0.01610
534.25646	-0.01773
532.32773	-0.02081
530.39901	-0.02439
528.47028	-0.02634
526.54156	-0.02793
524.61284	-0.03130
522.68411	-0.03587
520.75539	-0.04004
518.82667	-0.04285
516.89794	-0.04445
514.96922	-0.04582
513.04049	-0.04683
511.11177	-0.04670
509.18305	-0.04551
507.25432	-0.04364
505.32560	-0.04134
503.39688	-0.03872
501.46815	-0.03586
499.53943	-0.03360
497.61071	-0.03176
495.68198	-0.02814
493.75326	-0.02103
491.82453	-0.01246
489.89581	-0.00590
487.96709	-0.00048
486.03836	0.00548
484.10964	0.01044
482.18092	0.01521
480.25219	0.02069
478.32347	0.02349
476.39475	0.02339
474.46602	0.02601
472.53730	0.03502
470.60857	0.04563
468.67985	0.04957
466.75113	0.05047
464.82240	0.06154
462.89368	0.07707
460.96496	0.08827
459.03623	0.09471
457.10751	0.10256
455.17878	0.11465
453.25006	0.12800
451.32134	0.13805
449.39261	0.14015
447.46389	0.13908
445.53517	0.13643
443.60644	0.13141
441.67772	0.12599
439.74900	0.12327
437.82027	0.12273
435.89155	0.12078
433.96282	0.11701
432.03410	0.11425
430.10538	0.11124
428.17665	0.10487
426.24793	0.09747
424.31921	0.09309
422.39048	0.08980
420.46176	0.08251
418.53304	0.07341
416.60431	0.07093
414.67559	0.07186
412.74686	0.06752
410.81814	0.06074
408.88942	0.06045
406.96069	0.06485
405.03197	0.06680
403.10325	0.06551
401.17452	0.06182
399.24580	0.05938
397.31708	0.06051
395.38835	0.05059
393.45963	0.02682
391.53090	0.01157
389.60218	0.01860
387.67346	0.04090
385.74473	0.06354
383.81601	0.07459
381.88729	0.06850
379.95856	0.04008
378.02984	-0.01472
376.10111	-0.06221
374.17239	-0.03353
372.24367	0.05533
370.31494	0.11395
368.38622	0.12119
