7496.94889	-0.01591
7495.02016	-0.00531
7493.09144	0.00059
7491.16272	0.00173
7489.23399	0.00359
7487.30527	0.00765
7485.37654	0.00822
7483.44782	0.00335
7481.51910	-0.00260
7479.59037	-0.00669
7477.66165	-0.00678
7475.73293	-0.00266
7473.80420	0.00121
7471.87548	0.00360
7469.94676	0.00599
7468.01803	0.00606
7466.08931	0.00312
7464.16058	0.00082
7462.23186	-0.00004
7460.30314	-0.00323
7458.37441	-0.00879
7456.44569	-0.00927
7454.51697	-0.00166
7452.58824	0.00512
7450.65952	0.00541
7448.73079	0.00391
7446.80207	0.00388
7444.87335	0.00425
7442.94462	0.00375
7441.01590	0.00143
7439.08718	-0.00166
7437.15845	-0.00330
7435.22973	-0.00158
7433.30101	0.00287
7431.37228	0.00423
7429.44356	-0.00005
7427.51483	-0.00373
7425.58611	-0.00269
7423.65739	0.00136
7421.72866	0.00525
7419.79994	0.00488
7417.87122	0.00183
7415.94249	0.00294
7414.01377	0.00792
7412.08505	0.01079
7410.15632	0.01003
7408.22760	0.00679
7406.29887	0.00182
7404.37015	-0.00122
7402.44143	-0.00055
7400.51270	0.00036
7398.58398	0.00015
7396.65526	0.00017
7394.72653	0.00048
7392.79781	0.00109
7390.86908	0.00149
7388.94036	0.00191
7387.01164	0.00520
7385.08291	0.01184
7383.15419	0.01696
7381.22547	0.01652
7379.29674	0.01274
7377.36802	0.01085
7375.43930	0.01157
7373.51057	0.01120
7371.58185	0.00881
7369.65312	0.00435
7367.72440	-0.00282
7365.79568	-0.00731
7363.86695	-0.00459
7361.93823	0.00053
7360.00951	0.00353
7358.08078	0.00438
7356.15206	0.00250
7354.22334	-0.00094
7352.29461	-0.00201
7350.36589	0.00121
7348.43716	0.00718
7346.50844	0.01186
7344.57972	0.01259
7342.65099	0.01033
7340.72227	0.00587
7338.79355	0.00115
7336.86482	-0.00030
7334.93610	0.00235
7333.00737	0.00699
7331.07865	0.00838
7329.14993	0.00368
7327.22120	-0.00150
7325.29248	-0.00179
7323.36376	0.00115
7321.43503	0.00351
7319.50631	0.00342
7317.57759	0.00252
7315.64886	0.00210
7313.72014	0.00195
7311.79141	0.00333
7309.86269	0.00580
7307.93397	0.00647
7306.00524	0.00621
7304.07652	0.00620
7302.14780	0.00409
7300.21907	-0.00008
7298.29035	-0.00359
7296.36163	-0.00507
7294.43290	-0.00301
7292.50418	0.00304
7290.57545	0.00828
7288.64673	0.00936
7286.71801	0.00863
7284.78928	0.00709
7282.86056	0.00462
7280.93184	0.00400
7279.00311	0.00735
7277.07439	0.01141
7275.14566	0.01121
7273.21694	0.00767
7271.28822	0.00670
7269.35949	0.01001
7267.43077	0.01397
7265.50205	0.01534
7263.57332	0.01305
7261.64460	0.00826
7259.71588	0.00341
7257.78715	0.00073
7255.85843	0.00157
7253.92970	0.00350
7252.00098	0.00314
7250.07226	0.00216
7248.14353	0.00296
7246.21481	0.00312
7244.28609	0.00055
7242.35736	-0.00133
7240.42864	-0.00038
7238.49992	0.00107
7236.57119	0.00298
7234.64247	0.00608
7232.71374	0.00754
7230.78502	0.00531
7228.85630	0.00230
7226.92757	0.00190
7224.99885	0.00468
7223.07013	0.00924
7221.14140	0.01334
7219.21268	0.01593
7217.28396	0.01655
7215.35523	0.01343
7213.42651	0.00673
7211.49778	-0.00009
7209.56906	-0.00404
7207.64034	-0.00579
7205.71161	-0.00765
7203.78289	-0.00917
7201.85417	-0.00884
7199.92544	-0.00826
7197.99672	-0.00834
7196.06799	-0.00730
7194.13927	-0.00449
7192.21055	-0.00148
7190.28182	-0.00093
7188.35310	-0.00251
7186.42438	-0.00144
7184.49565	0.00306
7182.56693	0.00543
7180.63821	0.00327
7178.70948	0.00055
7176.78076	0.00016
7174.85203	0.00007
7172.92331	-0.00114
7170.99459	-0.00101
7169.06586	0.00081
7167.13714	0.00149
7165.20842	0.00017
7163.27969	-0.00149
7161.35097	-0.00144
7159.42225	0.00048
7157.49352	0.00138
7155.56480	-0.00023
7153.63607	-0.00335
7151.70735	-0.00717
7149.77863	-0.00929
7147.84990	-0.00657
7145.92118	-0.00110
7143.99246	0.00193
7142.06373	0.00074
7140.13501	-0.00299
7138.20628	-0.00617
7136.27756	-0.00796
7134.34884	-0.00965
7132.42011	-0.01033
7130.49139	-0.00852
7128.56267	-0.00596
7126.63394	-0.00571
7124.70522	-0.00650
7122.77650	-0.00346
7120.84777	0.00277
7118.91905	0.00344
7116.99032	-0.00488
7115.06160	-0.01280
7113.13288	-0.01290
7111.20415	-0.00877
7109.27543	-0.00481
7107.34671	-0.00027
7105.41798	0.00318
7103.48926	0.00141
7101.56054	-0.00374
7099.63181	-0.00709
7097.70309	-0.00673
7095.77436	-0.00449
7093.84564	-0.00346
7091.91692	-0.00450
7089.98819	-0.00542
7088.05947	-0.00541
7086.13075	-0.00543
7084.20202	-0.00582
7082.27330	-0.00788
7080.34457	-0.01102
7078.41585	-0.01194
7076.48713	-0.01028
7074.55840	-0.00847
7072.62968	-0.00831
7070.70096	-0.00909
7068.77223	-0.00843
7066.84351	-0.00595
7064.91479	-0.00395
7062.98606	-0.00361
7061.05734	-0.00341
7059.12861	-0.00254
7057.19989	-0.00209
7055.27117	-0.00333
7053.34244	-0.00562
7051.41372	-0.00684
7049.48500	-0.00744
7047.55627	-0.00993
7045.62755	-0.01307
7043.69883	-0.01342
7041.77010	-0.01162
7039.84138	-0.01012
7037.91265	-0.00962
7035.98393	-0.00984
7034.05521	-0.00936
7032.12648	-0.00912
7030.19776	-0.01140
7028.26904	-0.01322
7026.34031	-0.01124
7024.41159	-0.00734
7022.48286	-0.00454
7020.55414	-0.00450
7018.62542	-0.00700
7016.69669	-0.01017
7014.76797	-0.01244
7012.83925	-0.01189
7010.91052	-0.00883
7008.98180	-0.00707
7007.05308	-0.00644
7005.12435	-0.00433
7003.19563	-0.00397
7001.26690	-0.00801
6999.33818	-0.01119
6997.40946	-0.00959
6995.48073	-0.00742
6993.55201	-0.00700
6991.62329	-0.00501
6989.69456	-0.00259
6987.76584	-0.00395
6985.83712	-0.00688
6983.90839	-0.00756
6981.97967	-0.00744
6980.05094	-0.00789
6978.12222	-0.00776
6976.19350	-0.00736
6974.26477	-0.00690
6972.33605	-0.00541
6970.40733	-0.00355
6968.47860	-0.00306
6966.54988	-0.00452
6964.62115	-0.00584
6962.69243	-0.00467
6960.76371	-0.00260
6958.83498	-0.00218
6956.90626	-0.00333
6954.97754	-0.00494
6953.04881	-0.00670
6951.12009	-0.00880
6949.19137	-0.00986
6947.26264	-0.00829
6945.33392	-0.00533
6943.40519	-0.00334
6941.47647	-0.00274
6939.54775	-0.00296
6937.61902	-0.00368
6935.69030	-0.00410
6933.76158	-0.00352
6931.83285	-0.00217
6929.90413	-0.00121
6927.97541	-0.00166
6926.04668	-0.00294
6924.11796	-0.00385
6922.18923	-0.00438
6920.26051	-0.00500
6918.33179	-0.00607
6916.40306	-0.00740
6914.47434	-0.00746
6912.54562	-0.00580
6910.61689	-0.00446
6908.68817	-0.00498
6906.75944	-0.00585
6904.83072	-0.00484
6902.90200	-0.00322
6900.97327	-0.00282
6899.04455	-0.00253
6897.11583	-0.00241
6895.18710	-0.00390
6893.25838	-0.00554
6891.32966	-0.00550
6889.40093	-0.00497
6887.47221	-0.00492
6885.54348	-0.00527
6883.61476	-0.00679
6881.68604	-0.00886
6879.75731	-0.00968
6877.82859	-0.00904
6875.89987	-0.00715
6873.97114	-0.00482
6872.04242	-0.00408
6870.11370	-0.00469
6868.18497	-0.00446
6866.25625	-0.00336
6864.32752	-0.00263
6862.39880	-0.00309
6860.47008	-0.00428
6858.54135	-0.00438
6856.61263	-0.00371
6854.68391	-0.00462
6852.75518	-0.00684
6850.82646	-0.00754
6848.89773	-0.00704
6846.96901	-0.00751
6845.04029	-0.00784
6843.11156	-0.00603
6841.18284	-0.00400
6839.25412	-0.00439
6837.32539	-0.00579
6835.39667	-0.00494
6833.46795	-0.00312
6831.53922	-0.00237
6829.61050	-0.00289
6827.68177	-0.00518
6825.75305	-0.00794
6823.82433	-0.00923
6821.89560	-0.00879
6819.96688	-0.00805
6818.03816	-0.00720
6816.10943	-0.00404
6814.18071	-0.00022
6812.25199	0.00047
6810.32326	-0.00100
6808.39454	-0.00222
6806.46581	-0.00391
6804.53709	-0.00680
6802.60837	-0.00795
6800.67964	-0.00489
6798.75092	-0.00084
6796.82220	-0.00025
6794.89347	-0.00315
6792.96475	-0.00722
6791.03603	-0.00940
6789.10730	-0.00791
6787.17858	-0.00566
6785.24985	-0.00557
6783.32113	-0.00598
6781.39241	-0.00480
6779.46368	-0.00352
6777.53496	-0.00421
6775.60624	-0.00548
6773.67751	-0.00547
6771.74879	-0.00511
6769.82006	-0.00626
6767.89134	-0.00838
6765.96262	-0.00796
6764.03389	-0.00497
6762.10517	-0.00360
6760.17645	-0.00458
6758.24772	-0.00576
6756.31900	-0.00656
6754.39028	-0.00686
6752.46155	-0.00621
6750.53283	-0.00532
6748.60410	-0.00525
6746.67538	-0.00724
6744.74666	-0.01062
6742.81793	-0.01155
6740.88921	-0.00973
6738.96049	-0.00818
6737.03176	-0.00668
6735.10304	-0.00454
6733.17432	-0.00347
6731.24559	-0.00419
6729.31687	-0.00483
6727.38814	-0.00418
6725.45942	-0.00258
6723.53070	-0.00119
6721.60197	-0.00227
6719.67325	-0.00477
6717.74453	-0.00511
6715.81580	-0.00374
6713.88708	-0.00268
6711.95835	-0.00100
6710.02963	0.00129
6708.10091	0.00183
6706.17218	-0.00024
6704.24346	-0.00276
6702.31474	-0.00281
6700.38601	-0.00148
6698.45729	-0.00228
6696.52857	-0.00505
6694.59984	-0.00743
6692.67112	-0.00788
6690.74239	-0.00622
6688.81367	-0.00460
6686.88495	-0.00499
6684.95622	-0.00692
6683.02750	-0.00875
6681.09878	-0.00917
6679.17005	-0.00790
6677.24133	-0.00639
6675.31261	-0.00676
6673.38388	-0.00886
6671.45516	-0.00998
6669.52643	-0.00817
6667.59771	-0.00546
6665.66899	-0.00477
6663.74026	-0.00452
6661.81154	-0.00256
6659.88282	-0.00068
6657.95409	-0.00110
6656.02537	-0.00348
6654.09664	-0.00517
6652.16792	-0.00438
6650.23920	-0.00334
6648.31047	-0.00400
6646.38175	-0.00497
6644.45303	-0.00515
6642.52430	-0.00505
6640.59558	-0.00514
6638.66686	-0.00542
6636.73813	-0.00632
6634.80941	-0.00737
6632.88068	-0.00720
6630.95196	-0.00665
6629.02324	-0.00680
6627.09451	-0.00664
6625.16579	-0.00563
6623.23707	-0.00448
6621.30834	-0.00440
6619.37962	-0.00558
6617.45090	-0.00661
6615.52217	-0.00631
6613.59345	-0.00582
6611.66472	-0.00681
6609.73600	-0.00797
6607.80728	-0.00702
6605.87855	-0.00520
6603.94983	-0.00513
6602.02111	-0.00646
6600.09238	-0.00647
6598.16366	-0.00408
6596.23493	-0.00172
6594.30621	-0.00175
6592.37749	-0.00302
6590.44876	-0.00341
6588.52004	-0.00362
6586.59132	-0.00490
6584.66259	-0.00594
6582.73387	-0.00597
6580.80515	-0.00584
6578.87642	-0.00533
6576.94770	-0.00391
6575.01897	-0.00227
6573.09025	-0.00131
6571.16153	-0.00131
6569.23280	-0.00286
6567.30408	-0.00566
6565.37536	-0.00771
6563.44663	-0.00793
6561.51791	-0.00655
6559.58919	-0.00426
6557.66046	-0.00235
6555.73174	-0.00208
6553.80301	-0.00335
6551.87429	-0.00461
6549.94557	-0.00532
6548.01684	-0.00572
6546.08812	-0.00528
6544.15940	-0.00433
6542.23067	-0.00366
6540.30195	-0.00320
6538.37322	-0.00353
6536.44450	-0.00509
6534.51578	-0.00628
6532.58705	-0.00575
6530.65833	-0.00458
6528.72961	-0.00489
6526.80088	-0.00662
6524.87216	-0.00786
6522.94344	-0.00829
6521.01471	-0.00833
6519.08599	-0.00798
6517.15726	-0.00693
6515.22854	-0.00517
6513.29982	-0.00404
6511.37109	-0.00444
6509.44237	-0.00587
6507.51365	-0.00693
6505.58492	-0.00678
6503.65620	-0.00680
6501.72748	-0.00835
6499.79875	-0.01039
6497.87003	-0.01099
6495.94130	-0.00973
6494.01258	-0.00804
6492.08386	-0.00735
6490.15513	-0.00765
6488.22641	-0.00782
6486.29769	-0.00696
6484.36896	-0.00539
6482.44024	-0.00495
6480.51151	-0.00641
6478.58279	-0.00766
6476.65407	-0.00786
6474.72534	-0.00824
6472.79662	-0.00838
6470.86790	-0.00803
6468.93917	-0.00782
6467.01045	-0.00790
6465.08173	-0.00861
6463.15300	-0.00898
6461.22428	-0.00846
6459.29555	-0.00851
6457.36683	-0.00934
6455.43811	-0.01013
6453.50938	-0.01009
6451.58066	-0.00871
6449.65194	-0.00691
6447.72321	-0.00621
6445.79449	-0.00712
6443.86577	-0.00819
6441.93704	-0.00836
6440.00832	-0.00874
6438.07959	-0.00911
6436.15087	-0.00862
6434.22215	-0.00730
6432.29342	-0.00519
6430.36470	-0.00389
6428.43598	-0.00445
6426.50725	-0.00595
6424.57853	-0.00832
6422.64980	-0.01041
6420.72108	-0.01008
6418.79236	-0.00803
6416.86363	-0.00652
6414.93491	-0.00610
6413.00619	-0.00542
6411.07746	-0.00393
6409.14874	-0.00348
6407.22002	-0.00465
6405.29129	-0.00527
6403.36257	-0.00535
6401.43384	-0.00652
6399.50512	-0.00719
6397.57640	-0.00535
6395.64767	-0.00426
6393.71895	-0.00691
6391.79023	-0.00922
6389.86150	-0.00786
6387.93278	-0.00607
6386.00406	-0.00645
6384.07533	-0.00737
6382.14661	-0.00694
6380.21788	-0.00549
6378.28916	-0.00433
6376.36044	-0.00412
6374.43171	-0.00479
6372.50299	-0.00589
6370.57427	-0.00684
6368.64554	-0.00705
6366.71682	-0.00597
6364.78810	-0.00376
6362.85937	-0.00200
6360.93065	-0.00162
6359.00192	-0.00208
6357.07320	-0.00404
6355.14448	-0.00804
6353.21575	-0.01144
6351.28703	-0.01146
6349.35831	-0.00907
6347.42958	-0.00707
6345.50086	-0.00662
6343.57213	-0.00677
6341.64341	-0.00611
6339.71469	-0.00497
6337.78596	-0.00442
6335.85724	-0.00498
6333.92852	-0.00626
6331.99979	-0.00595
6330.07107	-0.00363
6328.14235	-0.00187
6326.21362	-0.00138
6324.28490	-0.00164
6322.35617	-0.00294
6320.42745	-0.00474
6318.49873	-0.00579
6316.57000	-0.00654
6314.64128	-0.00759
6312.71256	-0.00731
6310.78383	-0.00571
6308.85511	-0.00510
6306.92639	-0.00492
6304.99766	-0.00371
6303.06894	-0.00316
6301.14021	-0.00457
6299.21149	-0.00615
6297.28277	-0.00667
6295.35404	-0.00645
6293.42532	-0.00587
6291.49660	-0.00565
6289.56787	-0.00577
6287.63915	-0.00546
6285.71042	-0.00460
6283.78170	-0.00420
6281.85298	-0.00495
6279.92425	-0.00588
6277.99553	-0.00607
6276.06681	-0.00637
6274.13808	-0.00680
6272.20936	-0.00591
6270.28064	-0.00440
6268.35191	-0.00465
6266.42319	-0.00612
6264.49446	-0.00664
6262.56574	-0.00624
6260.63702	-0.00585
6258.70829	-0.00571
6256.77957	-0.00576
6254.85085	-0.00541
6252.92212	-0.00484
6250.99340	-0.00556
6249.06468	-0.00697
6247.13595	-0.00730
6245.20723	-0.00722
6243.27850	-0.00757
6241.34978	-0.00806
6239.42106	-0.00821
6237.49233	-0.00734
6235.56361	-0.00569
6233.63489	-0.00433
6231.70616	-0.00403
6229.77744	-0.00488
6227.84871	-0.00523
6225.91999	-0.00420
6223.99127	-0.00321
6222.06254	-0.00282
6220.13382	-0.00320
6218.20510	-0.00442
6216.27637	-0.00482
6214.34765	-0.00437
6212.41893	-0.00466
6210.49020	-0.00520
6208.56148	-0.00468
6206.63275	-0.00345
6204.70403	-0.00301
6202.77531	-0.00356
6200.84658	-0.00405
6198.91786	-0.00424
6196.98914	-0.00413
6195.06041	-0.00353
6193.13169	-0.00308
6191.20297	-0.00355
6189.27424	-0.00467
6187.34552	-0.00547
6185.41679	-0.00541
6183.48807	-0.00524
6181.55935	-0.00517
6179.63062	-0.00433
6177.70190	-0.00336
6175.77318	-0.00371
6173.84445	-0.00473
6171.91573	-0.00517
6169.98700	-0.00509
6168.05828	-0.00560
6166.12956	-0.00748
6164.20083	-0.00942
6162.27211	-0.00971
6160.34339	-0.00870
6158.41466	-0.00744
6156.48594	-0.00670
6154.55722	-0.00662
6152.62849	-0.00591
6150.69977	-0.00468
6148.77104	-0.00467
6146.84232	-0.00477
6144.91360	-0.00365
6142.98487	-0.00371
6141.05615	-0.00619
6139.12743	-0.00845
6137.19870	-0.00868
6135.26998	-0.00817
6133.34126	-0.00777
6131.41253	-0.00683
6129.48381	-0.00583
6127.55508	-0.00564
6125.62636	-0.00569
6123.69764	-0.00545
6121.76891	-0.00550
6119.84019	-0.00589
6117.91147	-0.00583
6115.98274	-0.00553
6114.05402	-0.00598
6112.12529	-0.00707
6110.19657	-0.00727
6108.26785	-0.00615
6106.33912	-0.00550
6104.41040	-0.00633
6102.48168	-0.00703
6100.55295	-0.00620
6098.62423	-0.00492
6096.69551	-0.00440
6094.76678	-0.00453
6092.83806	-0.00490
6090.90933	-0.00487
6088.98061	-0.00465
6087.05189	-0.00564
6085.12316	-0.00753
6083.19444	-0.00802
6081.26572	-0.00687
6079.33699	-0.00584
6077.40827	-0.00499
6075.47955	-0.00380
6073.55082	-0.00286
6071.62210	-0.00292
6069.69337	-0.00396
6067.76465	-0.00512
6065.83593	-0.00533
6063.90720	-0.00442
6061.97848	-0.00388
6060.04976	-0.00454
6058.12103	-0.00503
6056.19231	-0.00488
6054.26358	-0.00501
6052.33486	-0.00524
6050.40614	-0.00512
6048.47741	-0.00541
6046.54869	-0.00656
6044.61997	-0.00770
6042.69124	-0.00798
6040.76252	-0.00741
6038.83380	-0.00650
6036.90507	-0.00604
6034.97635	-0.00610
6033.04762	-0.00606
6031.11890	-0.00590
6029.19018	-0.00600
6027.26145	-0.00629
6025.33273	-0.00654
6023.40401	-0.00623
6021.47528	-0.00586
6019.54656	-0.00678
6017.61784	-0.00815
6015.68911	-0.00794
6013.76039	-0.00658
6011.83166	-0.00577
6009.90294	-0.00575
6007.97422	-0.00625
6006.04549	-0.00717
6004.11677	-0.00812
6002.18805	-0.00877
6000.25932	-0.00826
5998.33060	-0.00670
5996.40187	-0.00542
5994.47315	-0.00470
5992.54443	-0.00485
5990.61570	-0.00598
5988.68698	-0.00716
5986.75826	-0.00752
5984.82953	-0.00713
5982.90081	-0.00726
5980.97209	-0.00797
5979.04336	-0.00743
5977.11464	-0.00605
5975.18591	-0.00615
5973.25719	-0.00713
5971.32847	-0.00680
5969.39974	-0.00569
5967.47102	-0.00527
5965.54230	-0.00535
5963.61357	-0.00602
5961.68485	-0.00730
5959.75613	-0.00787
5957.82740	-0.00727
5955.89868	-0.00726
5953.96995	-0.00904
5952.04123	-0.01079
5950.11251	-0.01010
5948.18378	-0.00766
5946.25506	-0.00604
5944.32634	-0.00582
5942.39761	-0.00652
5940.46889	-0.00804
5938.54017	-0.00861
5936.61144	-0.00692
5934.68272	-0.00516
5932.75399	-0.00526
5930.82527	-0.00610
5928.89655	-0.00632
5926.96782	-0.00667
5925.03910	-0.00761
5923.11038	-0.00791
5921.18165	-0.00747
5919.25293	-0.00773
5917.32420	-0.00863
5915.39548	-0.00885
5913.46676	-0.00838
5911.53803	-0.00834
5909.60931	-0.00854
5907.68059	-0.00827
5905.75186	-0.00832
5903.82314	-0.00890
5901.89442	-0.00848
5899.96569	-0.00696
5898.03697	-0.00597
5896.10824	-0.00616
5894.17952	-0.00684
5892.25080	-0.00683
5890.32207	-0.00573
5888.39335	-0.00471
5886.46463	-0.00470
5884.53590	-0.00542
5882.60718	-0.00651
5880.67846	-0.00729
5878.74973	-0.00725
5876.82101	-0.00685
5874.89228	-0.00639
5872.96356	-0.00617
5871.03484	-0.00642
5869.10611	-0.00669
5867.17739	-0.00706
5865.24867	-0.00765
5863.31994	-0.00787
5861.39122	-0.00752
5859.46249	-0.00666
5857.53377	-0.00596
5855.60505	-0.00606
5853.67632	-0.00601
5851.74760	-0.00555
5849.81888	-0.00583
5847.89015	-0.00645
5845.96143	-0.00644
5844.03271	-0.00636
5842.10398	-0.00633
5840.17526	-0.00550
5838.24653	-0.00408
5836.31781	-0.00348
5834.38909	-0.00433
5832.46036	-0.00561
5830.53164	-0.00643
5828.60292	-0.00742
5826.67419	-0.00848
5824.74547	-0.00834
5822.81675	-0.00758
5820.88802	-0.00749
5818.95930	-0.00738
5817.03057	-0.00676
5815.10185	-0.00651
5813.17313	-0.00697
5811.24440	-0.00771
5809.31568	-0.00817
5807.38696	-0.00782
5805.45823	-0.00711
5803.52951	-0.00735
5801.60078	-0.00827
5799.67206	-0.00807
5797.74334	-0.00669
5795.81461	-0.00582
5793.88589	-0.00578
5791.95717	-0.00560
5790.02844	-0.00519
5788.09972	-0.00529
5786.17100	-0.00603
5784.24227	-0.00653
5782.31355	-0.00642
5780.38482	-0.00648
5778.45610	-0.00704
5776.52738	-0.00740
5774.59865	-0.00692
5772.66993	-0.00573
5770.74121	-0.00495
5768.81248	-0.00523
5766.88376	-0.00549
5764.95504	-0.00532
5763.02631	-0.00563
5761.09759	-0.00646
5759.16886	-0.00673
5757.24014	-0.00601
5755.31142	-0.00511
5753.38269	-0.00514
5751.45397	-0.00577
5749.52525	-0.00565
5747.59652	-0.00482
5745.66780	-0.00460
5743.73907	-0.00553
5741.81035	-0.00661
5739.88163	-0.00687
5737.95290	-0.00664
5736.02418	-0.00614
5734.09546	-0.00536
5732.16673	-0.00520
5730.23801	-0.00575
5728.30929	-0.00588
5726.38056	-0.00587
5724.45184	-0.00651
5722.52311	-0.00726
5720.59439	-0.00745
5718.66567	-0.00726
5716.73694	-0.00701
5714.80822	-0.00661
5712.87950	-0.00644
5710.95077	-0.00680
5709.02205	-0.00667
5707.09333	-0.00561
5705.16460	-0.00465
5703.23588	-0.00467
5701.30715	-0.00550
5699.37843	-0.00594
5697.44971	-0.00547
5695.52098	-0.00517
5693.59226	-0.00535
5691.66354	-0.00518
5689.73481	-0.00480
5687.80609	-0.00477
5685.87736	-0.00503
5683.94864	-0.00560
5682.01992	-0.00614
5680.09119	-0.00608
5678.16247	-0.00588
5676.23375	-0.00615
5674.30502	-0.00645
5672.37630	-0.00622
5670.44758	-0.00589
5668.51885	-0.00578
5666.59013	-0.00517
5664.66140	-0.00415
5662.73268	-0.00399
5660.80396	-0.00459
5658.87523	-0.00479
5656.94651	-0.00491
5655.01779	-0.00545
5653.08906	-0.00578
5651.16034	-0.00579
5649.23162	-0.00583
5647.30289	-0.00572
5645.37417	-0.00523
5643.44544	-0.00483
5641.51672	-0.00525
5639.58800	-0.00586
5637.65927	-0.00563
5635.73055	-0.00496
5633.80183	-0.00446
5631.87310	-0.00417
5629.94438	-0.00413
5628.01565	-0.00423
5626.08693	-0.00459
5624.15821	-0.00510
5622.22948	-0.00528
5620.30076	-0.00536
5618.37204	-0.00542
5616.44331	-0.00548
5614.51459	-0.00593
5612.58587	-0.00607
5610.65714	-0.00525
5608.72842	-0.00443
5606.79969	-0.00435
5604.87097	-0.00439
5602.94225	-0.00422
5601.01352	-0.00432
5599.08480	-0.00445
5597.15608	-0.00444
5595.22735	-0.00479
5593.29863	-0.00535
5591.36991	-0.00518
5589.44118	-0.00452
5587.51246	-0.00455
5585.58373	-0.00501
5583.65501	-0.00475
5581.72629	-0.00416
5579.79756	-0.00425
5577.86884	-0.00463
5575.94012	-0.00435
5574.01139	-0.00341
5572.08267	-0.00269
5570.15394	-0.00271
5568.22522	-0.00323
5566.29650	-0.00400
5564.36777	-0.00447
5562.43905	-0.00404
5560.51033	-0.00321
5558.58160	-0.00291
5556.65288	-0.00327
5554.72416	-0.00408
5552.79543	-0.00503
5550.86671	-0.00536
5548.93798	-0.00491
5547.00926	-0.00435
5545.08054	-0.00409
5543.15181	-0.00394
5541.22309	-0.00349
5539.29437	-0.00313
5537.36564	-0.00356
5535.43692	-0.00420
5533.50820	-0.00421
5531.57947	-0.00409
5529.65075	-0.00427
5527.72202	-0.00442
5525.79330	-0.00442
5523.86458	-0.00446
5521.93585	-0.00446
5520.00713	-0.00435
5518.07841	-0.00437
5516.14968	-0.00435
5514.22096	-0.00402
5512.29224	-0.00362
5510.36351	-0.00348
5508.43479	-0.00363
5506.50606	-0.00340
5504.57734	-0.00278
5502.64862	-0.00266
5500.71989	-0.00327
5498.79117	-0.00390
5496.86245	-0.00397
5494.93372	-0.00407
5493.00500	-0.00441
5491.07627	-0.00448
5489.14755	-0.00465
5487.21883	-0.00478
5485.29010	-0.00421
5483.36138	-0.00342
5481.43266	-0.00290
5479.50393	-0.00251
5477.57521	-0.00305
5475.64649	-0.00454
5473.71776	-0.00524
5471.78904	-0.00498
5469.86031	-0.00469
5467.93159	-0.00434
5466.00287	-0.00392
5464.07414	-0.00378
5462.14542	-0.00433
5460.21670	-0.00502
5458.28797	-0.00514
5456.35925	-0.00491
5454.43053	-0.00448
5452.50180	-0.00416
5450.57308	-0.00420
5448.64435	-0.00444
5446.71563	-0.00517
5444.78691	-0.00591
5442.85818	-0.00614
5440.92946	-0.00593
5439.00074	-0.00495
5437.07201	-0.00407
5435.14329	-0.00382
5433.21456	-0.00331
5431.28584	-0.00327
5429.35712	-0.00443
5427.42839	-0.00514
5425.49967	-0.00485
5423.57095	-0.00463
5421.64222	-0.00462
5419.71350	-0.00446
5417.78478	-0.00432
5415.85605	-0.00505
5413.92733	-0.00644
5411.99860	-0.00702
5410.06988	-0.00657
5408.14116	-0.00581
5406.21243	-0.00544
5404.28371	-0.00541
5402.35499	-0.00496
5400.42626	-0.00416
5398.49754	-0.00392
5396.56882	-0.00474
5394.64009	-0.00621
5392.71137	-0.00693
5390.78264	-0.00638
5388.85392	-0.00590
5386.92520	-0.00643
5384.99647	-0.00717
5383.06775	-0.00706
5381.13903	-0.00623
5379.21030	-0.00574
5377.28158	-0.00637
5375.35285	-0.00721
5373.42413	-0.00713
5371.49541	-0.00638
5369.56668	-0.00591
5367.63796	-0.00614
5365.70924	-0.00687
5363.78051	-0.00773
5361.85179	-0.00804
5359.92307	-0.00726
5357.99434	-0.00607
5356.06562	-0.00628
5354.13689	-0.00806
5352.20817	-0.00891
5350.27945	-0.00795
5348.35072	-0.00713
5346.42200	-0.00804
5344.49328	-0.00962
5342.56455	-0.00954
5340.63583	-0.00885
5338.70711	-0.00927
5336.77838	-0.00965
5334.84966	-0.00927
5332.92093	-0.00909
5330.99221	-0.00925
5329.06349	-0.00947
5327.13476	-0.00950
5325.20604	-0.00903
5323.27732	-0.00864
5321.34859	-0.00861
5319.41987	-0.00856
5317.49114	-0.00837
5315.56242	-0.00818
5313.63370	-0.00781
5311.70497	-0.00718
5309.77625	-0.00692
5307.84753	-0.00753
5305.91880	-0.00810
5303.99008	-0.00812
5302.06136	-0.00810
5300.13263	-0.00817
5298.20391	-0.00790
5296.27518	-0.00716
5294.34646	-0.00647
5292.41774	-0.00639
5290.48901	-0.00666
5288.56029	-0.00638
5286.63157	-0.00591
5284.70284	-0.00573
5282.77412	-0.00557
5280.84540	-0.00558
5278.91667	-0.00559
5276.98795	-0.00501
5275.05922	-0.00402
5273.13050	-0.00339
5271.20178	-0.00337
5269.27305	-0.00339
5267.34433	-0.00343
5265.41561	-0.00430
5263.48688	-0.00548
5261.55816	-0.00554
5259.62943	-0.00459
5257.70071	-0.00384
5255.77199	-0.00386
5253.84326	-0.00351
5251.91454	-0.00232
5249.98582	-0.00172
5248.05709	-0.00211
5246.12837	-0.00263
5244.19965	-0.00299
5242.27092	-0.00306
5240.34220	-0.00283
5238.41347	-0.00249
5236.48475	-0.00242
5234.55603	-0.00275
5232.62730	-0.00294
5230.69858	-0.00264
5228.76986	-0.00223
5226.84113	-0.00248
5224.91241	-0.00305
5222.98369	-0.00311
5221.05496	-0.00292
5219.12624	-0.00268
5217.19751	-0.00214
5215.26879	-0.00169
5213.34007	-0.00176
5211.41134	-0.00196
5209.48262	-0.00215
5207.55390	-0.00270
5205.62517	-0.00292
5203.69645	-0.00221
5201.76772	-0.00147
5199.83900	-0.00125
5197.91028	-0.00158
5195.98155	-0.00208
5194.05283	-0.00282
5192.12411	-0.00353
5190.19538	-0.00344
5188.26666	-0.00295
5186.33794	-0.00317
5184.40921	-0.00389
5182.48049	-0.00405
5180.55176	-0.00381
5178.62304	-0.00359
5176.69432	-0.00349
5174.76559	-0.00358
5172.83687	-0.00389
5170.90815	-0.00405
5168.97942	-0.00362
5167.05070	-0.00328
5165.12198	-0.00382
5163.19325	-0.00470
5161.26453	-0.00516
5159.33580	-0.00505
5157.40708	-0.00429
5155.47836	-0.00337
5153.54963	-0.00313
5151.62091	-0.00360
5149.69219	-0.00418
5147.76346	-0.00448
5145.83474	-0.00459
5143.90601	-0.00468
5141.97729	-0.00470
5140.04857	-0.00458
5138.11984	-0.00464
5136.19112	-0.00494
5134.26240	-0.00499
5132.33367	-0.00481
5130.40495	-0.00490
5128.47623	-0.00521
5126.54750	-0.00540
5124.61878	-0.00532
5122.69005	-0.00480
5120.76133	-0.00412
5118.83261	-0.00385
5116.90388	-0.00403
5114.97516	-0.00431
5113.04644	-0.00451
5111.11771	-0.00465
5109.18899	-0.00480
5107.26027	-0.00500
5105.33154	-0.00494
5103.40282	-0.00448
5101.47409	-0.00417
5099.54537	-0.00444
5097.61665	-0.00484
5095.68792	-0.00489
5093.75920	-0.00483
5091.83048	-0.00482
5089.90175	-0.00475
5087.97303	-0.00480
5086.04431	-0.00501
5084.11558	-0.00500
5082.18686	-0.00456
5080.25813	-0.00411
5078.32941	-0.00401
5076.40069	-0.00400
5074.47196	-0.00411
5072.54324	-0.00449
5070.61452	-0.00470
5068.68579	-0.00434
5066.75707	-0.00396
5064.82834	-0.00398
5062.89962	-0.00401
5060.97090	-0.00403
5059.04217	-0.00433
5057.11345	-0.00468
5055.18473	-0.00496
5053.25600	-0.00532
5051.32728	-0.00563
5049.39856	-0.00555
5047.46983	-0.00536
5045.54111	-0.00547
5043.61238	-0.00563
5041.68366	-0.00546
5039.75494	-0.00505
5037.82621	-0.00470
5035.89749	-0.00465
5033.96877	-0.00473
5032.04004	-0.00441
5030.11132	-0.00384
5028.18260	-0.00376
5026.25387	-0.00403
5024.32515	-0.00389
5022.39642	-0.00344
5020.46770	-0.00326
5018.53898	-0.00348
5016.61025	-0.00404
5014.68153	-0.00458
5012.75281	-0.00471
5010.82408	-0.00468
5008.89536	-0.00495
5006.96663	-0.00519
5005.03791	-0.00483
5003.10919	-0.00414
5001.18046	-0.00387
4999.25174	-0.00409
4997.32302	-0.00428
4995.39429	-0.00398
4993.46557	-0.00396
4991.53685	-0.00447
4989.60812	-0.00481
4987.67940	-0.00462
4985.75067	-0.00428
4983.82195	-0.00417
4981.89323	-0.00433
4979.96450	-0.00461
4978.03578	-0.00477
4976.10706	-0.00449
4974.17833	-0.00411
4972.24961	-0.00407
4970.32089	-0.00421
4968.39216	-0.00425
4966.46344	-0.00395
4964.53471	-0.00338
4962.60599	-0.00299
4960.67727	-0.00306
4958.74854	-0.00350
4956.81982	-0.00412
4954.89110	-0.00461
4952.96237	-0.00488
4951.03365	-0.00489
4949.10492	-0.00457
4947.17620	-0.00405
4945.24748	-0.00360
4943.31875	-0.00355
4941.39003	-0.00379
4939.46131	-0.00374
4937.53258	-0.00336
4935.60386	-0.00326
4933.67514	-0.00363
4931.74641	-0.00399
4929.81769	-0.00394
4927.88896	-0.00372
4925.96024	-0.00392
4924.03152	-0.00429
4922.10279	-0.00404
4920.17407	-0.00337
4918.24535	-0.00301
4916.31662	-0.00303
4914.38790	-0.00331
4912.45918	-0.00379
4910.53045	-0.00413
4908.60173	-0.00401
4906.67300	-0.00375
4904.74428	-0.00378
4902.81556	-0.00387
4900.88683	-0.00381
4898.95811	-0.00381
4897.02939	-0.00396
4895.10066	-0.00417
4893.17194	-0.00437
4891.24321	-0.00465
4889.31449	-0.00491
4887.38577	-0.00483
4885.45704	-0.00462
4883.52832	-0.00464
4881.59960	-0.00468
4879.67087	-0.00464
4877.74215	-0.00472
4875.81343	-0.00473
4873.88470	-0.00445
4871.95598	-0.00419
4870.02725	-0.00425
4868.09853	-0.00455
4866.16981	-0.00470
4864.24108	-0.00474
4862.31236	-0.00480
4860.38364	-0.00474
4858.45491	-0.00457
4856.52619	-0.00456
4854.59747	-0.00468
4852.66874	-0.00455
4850.74002	-0.00425
4848.81129	-0.00426
4846.88257	-0.00452
4844.95385	-0.00434
4843.02512	-0.00387
4841.09640	-0.00398
4839.16768	-0.00454
4837.23895	-0.00496
4835.31023	-0.00509
4833.38150	-0.00489
4831.45278	-0.00461
4829.52406	-0.00451
4827.59533	-0.00432
4825.66661	-0.00396
4823.73789	-0.00378
4821.80916	-0.00403
4819.88044	-0.00452
4817.95172	-0.00483
4816.02299	-0.00481
4814.09427	-0.00473
4812.16554	-0.00483
4810.23682	-0.00494
4808.30810	-0.00485
4806.37937	-0.00475
4804.45065	-0.00471
4802.52193	-0.00458
4800.59320	-0.00443
4798.66448	-0.00449
4796.73576	-0.00484
4794.80703	-0.00526
4792.87831	-0.00540
4790.94958	-0.00536
4789.02086	-0.00531
4787.09214	-0.00531
4785.16341	-0.00534
4783.23469	-0.00511
4781.30597	-0.00480
4779.37724	-0.00491
4777.44852	-0.00529
4775.51979	-0.00552
4773.59107	-0.00548
4771.66235	-0.00524
4769.73362	-0.00498
4767.80490	-0.00494
4765.87618	-0.00498
4763.94745	-0.00494
4762.01873	-0.00497
4760.09001	-0.00505
4758.16128	-0.00501
4756.23256	-0.00500
4754.30383	-0.00519
4752.37511	-0.00523
4750.44639	-0.00496
4748.51766	-0.00482
4746.58894	-0.00494
4744.66022	-0.00504
4742.73149	-0.00504
4740.80277	-0.00489
4738.87405	-0.00471
4736.94532	-0.00485
4735.01660	-0.00522
4733.08787	-0.00537
4731.15915	-0.00510
4729.23043	-0.00452
4727.30170	-0.00405
4725.37298	-0.00408
4723.44426	-0.00453
4721.51553	-0.00496
4719.58681	-0.00495
4717.65808	-0.00458
4715.72936	-0.00437
4713.80064	-0.00442
4711.87191	-0.00433
4709.94319	-0.00423
4708.01447	-0.00466
4706.08574	-0.00520
4704.15702	-0.00510
4702.22830	-0.00494
4700.29957	-0.00513
4698.37085	-0.00507
4696.44212	-0.00457
4694.51340	-0.00401
4692.58468	-0.00383
4690.65595	-0.00430
4688.72723	-0.00490
4686.79851	-0.00502
4684.86978	-0.00486
4682.94106	-0.00469
4681.01234	-0.00461
4679.08361	-0.00456
4677.15489	-0.00438
4675.22616	-0.00417
4673.29744	-0.00410
4671.36872	-0.00427
4669.43999	-0.00454
4667.51127	-0.00458
4665.58255	-0.00461
4663.65382	-0.00485
4661.72510	-0.00497
4659.79638	-0.00484
4657.86765	-0.00458
4655.93893	-0.00420
4654.01020	-0.00391
4652.08148	-0.00397
4650.15276	-0.00428
4648.22403	-0.00429
4646.29531	-0.00390
4644.36659	-0.00365
4642.43786	-0.00359
4640.50914	-0.00321
4638.58041	-0.00285
4636.65169	-0.00304
4634.72297	-0.00360
4632.79424	-0.00424
4630.86552	-0.00472
4628.93680	-0.00467
4627.00807	-0.00419
4625.07935	-0.00377
4623.15063	-0.00359
4621.22190	-0.00363
4619.29318	-0.00369
4617.36445	-0.00376
4615.43573	-0.00411
4613.50701	-0.00449
4611.57828	-0.00446
4609.64956	-0.00435
4607.72084	-0.00457
4605.79211	-0.00471
4603.86339	-0.00445
4601.93467	-0.00426
4600.00594	-0.00444
4598.07722	-0.00470
4596.14849	-0.00487
4594.21977	-0.00493
4592.29105	-0.00484
4590.36232	-0.00464
4588.43360	-0.00454
4586.50488	-0.00441
4584.57615	-0.00417
4582.64743	-0.00421
4580.71870	-0.00441
4578.78998	-0.00440
4576.86126	-0.00445
4574.93253	-0.00486
4573.00381	-0.00503
4571.07509	-0.00489
4569.14636	-0.00493
4567.21764	-0.00486
4565.28892	-0.00445
4563.36019	-0.00417
4561.43147	-0.00414
4559.50274	-0.00412
4557.57402	-0.00420
4555.64530	-0.00464
4553.71657	-0.00528
4551.78785	-0.00561
4549.85913	-0.00547
4547.93040	-0.00505
4546.00168	-0.00471
4544.07296	-0.00467
4542.14423	-0.00477
4540.21551	-0.00477
4538.28678	-0.00470
4536.35806	-0.00464
4534.42934	-0.00466
4532.50061	-0.00472
4530.57189	-0.00471
4528.64317	-0.00487
4526.71444	-0.00510
4524.78572	-0.00522
4522.85699	-0.00532
4520.92827	-0.00538
4518.99955	-0.00534
4517.07082	-0.00534
4515.14210	-0.00540
4513.21338	-0.00524
4511.28465	-0.00499
4509.35593	-0.00499
4507.42721	-0.00514
4505.49848	-0.00530
4503.56976	-0.00556
4501.64103	-0.00568
4499.71231	-0.00551
4497.78359	-0.00542
4495.85486	-0.00540
4493.92614	-0.00519
4491.99742	-0.00511
4490.06869	-0.00538
4488.13997	-0.00550
4486.21125	-0.00540
4484.28252	-0.00545
4482.35380	-0.00547
4480.42507	-0.00524
4478.49635	-0.00499
4476.56763	-0.00488
4474.63890	-0.00503
4472.71018	-0.00550
4470.78146	-0.00583
4468.85273	-0.00576
4466.92401	-0.00565
4464.99528	-0.00568
4463.06656	-0.00564
4461.13784	-0.00552
4459.20911	-0.00521
4457.28039	-0.00475
4455.35167	-0.00453
4453.42294	-0.00457
4451.49422	-0.00461
4449.56550	-0.00474
4447.63677	-0.00490
4445.70805	-0.00489
4443.77932	-0.00473
4441.85060	-0.00461
4439.92188	-0.00467
4437.99315	-0.00472
4436.06443	-0.00444
4434.13571	-0.00414
4432.20698	-0.00420
4430.27826	-0.00434
4428.34954	-0.00437
4426.42081	-0.00445
4424.49209	-0.00451
4422.56336	-0.00433
4420.63464	-0.00421
4418.70592	-0.00438
4416.77719	-0.00454
4414.84847	-0.00451
4412.91975	-0.00447
4410.99102	-0.00448
4409.06230	-0.00436
4407.13357	-0.00404
4405.20485	-0.00366
4403.27613	-0.00342
4401.34740	-0.00348
4399.41868	-0.00377
4397.48996	-0.00415
4395.56123	-0.00448
4393.63251	-0.00448
4391.70379	-0.00415
4389.77506	-0.00384
4387.84634	-0.00363
4385.91761	-0.00341
4383.98889	-0.00326
4382.06017	-0.00335
4380.13144	-0.00355
4378.20272	-0.00374
4376.27400	-0.00402
4374.34527	-0.00424
4372.41655	-0.00434
4370.48783	-0.00438
4368.55910	-0.00435
4366.63038	-0.00421
4364.70165	-0.00403
4362.77293	-0.00388
4360.84421	-0.00375
4358.91548	-0.00367
4356.98676	-0.00371
4355.05804	-0.00373
4353.12931	-0.00361
4351.20059	-0.00357
4349.27186	-0.00369
4347.34314	-0.00392
4345.41442	-0.00419
4343.48569	-0.00431
4341.55697	-0.00421
4339.62825	-0.00405
4337.69952	-0.00395
4335.77080	-0.00392
4333.84208	-0.00390
4331.91335	-0.00398
4329.98463	-0.00419
4328.05590	-0.00443
4326.12718	-0.00465
4324.19846	-0.00469
4322.26973	-0.00454
4320.34101	-0.00447
4318.41229	-0.00440
4316.48356	-0.00426
4314.55484	-0.00454
4312.62612	-0.00491
4310.69739	-0.00487
4308.76867	-0.00466
4306.83994	-0.00459
4304.91122	-0.00471
4302.98250	-0.00482
4301.05377	-0.00465
4299.12505	-0.00425
4297.19633	-0.00412
4295.26760	-0.00452
4293.33888	-0.00509
4291.41015	-0.00530
4289.48143	-0.00523
4287.55271	-0.00511
4285.62398	-0.00476
4283.69526	-0.00425
4281.76654	-0.00409
4279.83781	-0.00432
4277.90909	-0.00444
4275.98037	-0.00444
4274.05164	-0.00461
4272.12292	-0.00470
4270.19419	-0.00443
4268.26547	-0.00416
4266.33675	-0.00423
4264.40802	-0.00448
4262.47930	-0.00465
4260.55058	-0.00475
4258.62185	-0.00470
4256.69313	-0.00438
4254.76441	-0.00409
4252.83568	-0.00420
4250.90696	-0.00453
4248.97823	-0.00469
4247.04951	-0.00461
4245.12079	-0.00455
4243.19206	-0.00457
4241.26334	-0.00462
4239.33462	-0.00482
4237.40589	-0.00518
4235.47717	-0.00534
4233.54845	-0.00515
4231.61972	-0.00511
4229.69100	-0.00546
4227.76227	-0.00572
4225.83355	-0.00547
4223.90483	-0.00493
4221.97610	-0.00465
4220.04738	-0.00480
4218.11866	-0.00511
4216.18993	-0.00539
4214.26121	-0.00547
4212.33248	-0.00527
4210.40376	-0.00505
4208.47504	-0.00500
4206.54631	-0.00480
4204.61759	-0.00433
4202.68887	-0.00401
4200.76014	-0.00403
4198.83142	-0.00415
4196.90270	-0.00427
4194.97397	-0.00448
4193.04525	-0.00467
4191.11652	-0.00486
4189.18780	-0.00510
4187.25908	-0.00505
4185.33035	-0.00479
4183.40163	-0.00477
4181.47291	-0.00481
4179.54418	-0.00472
4177.61546	-0.00478
4175.68674	-0.00491
4173.75801	-0.00496
4171.82929	-0.00507
4169.90056	-0.00512
4167.97184	-0.00488
4166.04312	-0.00463
4164.11439	-0.00475
4162.18567	-0.00507
4160.25695	-0.00523
4158.32822	-0.00520
4156.39950	-0.00516
4154.47077	-0.00512
4152.54205	-0.00506
4150.61333	-0.00507
4148.68460	-0.00514
4146.75588	-0.00510
4144.82716	-0.00507
4142.89843	-0.00517
4140.96971	-0.00525
4139.04099	-0.00524
4137.11226	-0.00536
4135.18354	-0.00559
4133.25481	-0.00560
4131.32609	-0.00537
4129.39737	-0.00525
4127.46864	-0.00531
4125.53992	-0.00544
4123.61120	-0.00557
4121.68247	-0.00567
4119.75375	-0.00568
4117.82503	-0.00545
4115.89630	-0.00516
4113.96758	-0.00505
4112.03885	-0.00507
4110.11013	-0.00507
4108.18141	-0.00510
4106.25268	-0.00519
4104.32396	-0.00508
4102.39524	-0.00472
4100.46651	-0.00456
4098.53779	-0.00483
4096.60906	-0.00506
4094.68034	-0.00501
4092.75162	-0.00483
4090.82289	-0.00482
4088.89417	-0.00488
4086.96545	-0.00482
4085.03672	-0.00449
4083.10800	-0.00422
4081.17928	-0.00432
4079.25055	-0.00459
4077.32183	-0.00477
4075.39310	-0.00490
4073.46438	-0.00489
4071.53566	-0.00459
4069.60693	-0.00431
4067.67821	-0.00435
4065.74949	-0.00450
4063.82076	-0.00458
4061.89204	-0.00468
4059.96332	-0.00478
4058.03459	-0.00474
4056.10587	-0.00466
4054.17714	-0.00470
4052.24842	-0.00476
4050.31970	-0.00478
4048.39097	-0.00493
4046.46225	-0.00534
4044.53353	-0.00554
4042.60480	-0.00517
4040.67608	-0.00476
4038.74735	-0.00472
4036.81863	-0.00482
4034.88991	-0.00488
4032.96118	-0.00497
4031.03246	-0.00507
4029.10374	-0.00507
4027.17501	-0.00518
4025.24629	-0.00545
4023.31757	-0.00554
4021.38884	-0.00547
4019.46012	-0.00540
4017.53139	-0.00525
4015.60267	-0.00517
4013.67395	-0.00532
4011.74522	-0.00574
4009.81650	-0.00632
4007.88778	-0.00663
4005.95905	-0.00648
4004.03033	-0.00625
4002.10161	-0.00620
4000.17288	-0.00618
3998.24416	-0.00601
3996.31543	-0.00574
3994.38671	-0.00570
3992.45799	-0.00592
3990.52926	-0.00614
3988.60054	-0.00608
3986.67182	-0.00580
3984.74309	-0.00562
3982.81437	-0.00568
3980.88564	-0.00577
3978.95692	-0.00569
3977.02820	-0.00556
3975.09947	-0.00551
3973.17075	-0.00551
3971.24203	-0.00551
3969.31330	-0.00547
3967.38458	-0.00531
3965.45586	-0.00506
3963.52713	-0.00497
3961.59841	-0.00496
3959.66968	-0.00478
3957.74096	-0.00455
3955.81224	-0.00441
3953.88351	-0.00428
3951.95479	-0.00433
3950.02607	-0.00483
3948.09734	-0.00523
3946.16862	-0.00497
3944.23990	-0.00484
3942.31117	-0.00509
3940.38245	-0.00500
3938.45372	-0.00462
3936.52500	-0.00429
3934.59628	-0.00437
3932.66755	-0.00474
3930.73883	-0.00461
3928.81011	-0.00387
3926.88138	-0.00344
3924.95266	-0.00362
3923.02393	-0.00372
3921.09521	-0.00369
3919.16649	-0.00403
3917.23776	-0.00464
3915.30904	-0.00480
3913.38032	-0.00451
3911.45159	-0.00418
3909.52287	-0.00359
3907.59415	-0.00296
3905.66542	-0.00321
3903.73670	-0.00433
3901.80797	-0.00549
3899.87925	-0.00630
3897.95053	-0.00599
3896.02180	-0.00474
3894.09308	-0.00418
3892.16436	-0.00475
3890.23563	-0.00476
3888.30691	-0.00431
3886.37819	-0.00493
3884.44946	-0.00537
3882.52074	-0.00587
3880.59201	-0.00699
3878.66329	-0.00664
3876.73457	-0.00549
3874.80584	-0.00508
3872.87712	-0.00508
3870.94840	-0.00588
3869.01967	-0.00618
3867.09095	-0.00557
3865.16222	-0.00592
3863.23350	-0.00662
3861.30478	-0.00647
3859.37605	-0.00534
3857.44733	-0.00428
3855.51861	-0.00521
3853.58988	-0.00788
3851.66116	-0.00879
3849.73244	-0.00787
3847.80371	-0.00687
3845.87499	-0.00613
3843.94626	-0.00547
3842.01754	-0.00496
3840.08882	-0.00551
3838.16009	-0.00689
3836.23137	-0.00745
3834.30265	-0.00725
3832.37392	-0.00704
3830.44520	-0.00647
3828.51648	-0.00603
3826.58775	-0.00563
3824.65903	-0.00463
3822.73030	-0.00470
3820.80158	-0.00571
3818.87286	-0.00610
3816.94413	-0.00728
3815.01541	-0.00795
3813.08669	-0.00670
3811.15796	-0.00511
3809.22924	-0.00449
3807.30052	-0.00468
3805.37179	-0.00407
3803.44307	-0.00426
3801.51434	-0.00589
3799.58562	-0.00631
3797.65690	-0.00624
3795.72817	-0.00607
3793.79945	-0.00524
3791.87073	-0.00454
3789.94200	-0.00416
3788.01328	-0.00403
3786.08455	-0.00412
3784.15583	-0.00390
3782.22711	-0.00359
3780.29838	-0.00423
3778.36966	-0.00497
3776.44094	-0.00482
3774.51221	-0.00424
3772.58349	-0.00413
3770.65477	-0.00498
3768.72604	-0.00583
3766.79732	-0.00638
3764.86859	-0.00648
3762.93987	-0.00596
3761.01115	-0.00609
3759.08242	-0.00678
3757.15370	-0.00662
3755.22498	-0.00557
3753.29625	-0.00550
3751.36753	-0.00699
3749.43881	-0.00766
3747.51008	-0.00711
3745.58136	-0.00847
3743.65263	-0.00939
3741.72391	-0.00741
3739.79519	-0.00516
3737.86646	-0.00434
3735.93774	-0.00494
3734.00902	-0.00577
3732.08029	-0.00550
3730.15157	-0.00374
3728.22284	-0.00199
3726.29412	-0.00105
3724.36540	-0.00039
3722.43667	0.00031
3720.50795	0.00146
3718.57923	0.00330
3716.65050	0.00585
3714.72178	0.00831
3712.79306	0.00985
3710.86433	0.01110
3708.93561	0.01318
3707.00688	0.01607
3705.07816	0.01900
3703.14944	0.02132
3701.22071	0.02366
3699.29199	0.02664
3697.36327	0.02963
3695.43454	0.03283
3693.50582	0.03612
3691.57710	0.03837
3689.64837	0.03924
3687.71965	0.04085
3685.79092	0.04426
3683.86220	0.04800
3681.93348	0.05175
3680.00475	0.05577
3678.07603	0.05927
3676.14731	0.06217
3674.21858	0.06661
3672.28986	0.07037
3670.36113	0.07130
3668.43241	0.07273
3666.50369	0.07547
3664.57496	0.07826
3662.64624	0.08135
3660.71752	0.08472
3658.78879	0.08704
3656.86007	0.08797
3654.93135	0.08959
3653.00262	0.09174
3651.07390	0.09217
3649.14517	0.09124
3647.21645	0.09133
3645.28773	0.09307
3643.35900	0.09483
3641.43028	0.09616
3639.50156	0.09735
3637.57283	0.09845
3635.64411	0.09954
3633.71539	0.10109
3631.78666	0.10242
3629.85794	0.10187
3627.92921	0.10143
3626.00049	0.10319
3624.07177	0.10564
3622.14304	0.10732
3620.21432	0.10759
3618.28560	0.10739
3616.35687	0.10767
3614.42815	0.10782
3612.49942	0.10811
3610.57070	0.10865
3608.64198	0.10888
3606.71325	0.10949
3604.78453	0.11077
3602.85581	0.11193
3600.92708	0.11278
3598.99836	0.11354
3597.06964	0.11405
3595.14091	0.11451
3593.21219	0.11566
3591.28346	0.11724
3589.35474	0.11797
3587.42602	0.11793
3585.49729	0.11867
3583.56857	0.12015
3581.63985	0.12150
3579.71112	0.12250
3577.78240	0.12320
3575.85368	0.12385
3573.92495	0.12505
3571.99623	0.12709
3570.06750	0.12896
3568.13878	0.12937
3566.21006	0.12911
3564.28133	0.12975
3562.35261	0.13096
3560.42389	0.13206
3558.49516	0.13307
3556.56644	0.13415
3554.63771	0.13504
3552.70899	0.13563
3550.78027	0.13646
3548.85154	0.13747
3546.92282	0.13816
3544.99410	0.13871
3543.06537	0.13945
3541.13665	0.14037
3539.20793	0.14128
3537.27920	0.14197
3535.35048	0.14263
3533.42175	0.14361
3531.49303	0.14477
3529.56431	0.14574
3527.63558	0.14649
3525.70686	0.14715
3523.77814	0.14762
3521.84941	0.14797
3519.92069	0.14851
3517.99197	0.14924
3516.06324	0.15000
3514.13452	0.15057
3512.20579	0.15095
3510.27707	0.15130
3508.34835	0.15199
3506.41962	0.15275
3504.49090	0.15308
3502.56218	0.15341
3500.63345	0.15429
3498.70473	0.15524
3496.77600	0.15581
3494.84728	0.15628
3492.91856	0.15705
3490.98983	0.15781
3489.06111	0.15802
3487.13239	0.15799
3485.20366	0.15837
3483.27494	0.15895
3481.34622	0.15944
3479.41749	0.15997
3477.48877	0.16050
3475.56004	0.16088
3473.63132	0.16119
3471.70260	0.16160
3469.77387	0.16212
3467.84515	0.16268
3465.91643	0.16313
3463.98770	0.16327
3462.05898	0.16322
3460.13026	0.16332
3458.20153	0.16365
3456.27281	0.16412
3454.34408	0.16449
3452.41536	0.16470
3450.48664	0.16486
3448.55791	0.16456
3446.62919	0.16398
3444.70047	0.16378
3442.77174	0.16378
3440.84302	0.16392
3438.91429	0.16408
3436.98557	0.16421
3435.05685	0.16444
3433.12812	0.16463
3431.19940	0.16459
3429.27068	0.16427
3427.34195	0.16374
3425.41323	0.16325
3423.48451	0.16302
3421.55578	0.16292
3419.62706	0.16283
3417.69833	0.16267
3415.76961	0.16244
3413.84089	0.16226
3411.91216	0.16220
3409.98344	0.16222
3408.05472	0.16214
3406.12599	0.16188
3404.19727	0.16134
3402.26855	0.16057
3400.33982	0.15966
3398.41110	0.15799
3396.48237	0.15769
3394.55365	0.15785
3392.62493	0.15765
3390.69620	0.15735
3388.76748	0.15706
3386.83876	0.15651
3384.91003	0.15597
3382.98131	0.15558
3381.05259	0.15510
3379.12386	0.15445
3377.19514	0.15379
3375.26641	0.15305
3373.33769	0.15213
3371.40897	0.15112
3369.48024	0.15023
3367.55152	0.14955
3365.62280	0.14910
3363.69407	0.14858
3361.76535	0.14770
3359.83662	0.14680
3357.90790	0.14609
3355.97918	0.14526
3354.05045	0.14427
3352.12173	0.14335
3350.19301	0.14266
3348.26428	0.14215
3346.33556	0.14159
3344.40684	0.14082
3342.47811	0.13991
3340.54939	0.13882
3338.62066	0.13748
3336.69194	0.13621
3334.76322	0.13534
3332.83449	0.13467
3330.90577	0.13393
3328.97705	0.13300
3327.04832	0.13184
3325.11960	0.13059
3323.19088	0.12959
3321.26215	0.12871
3319.33343	0.12761
3317.40470	0.12631
3315.47598	0.12498
3313.54726	0.12370
3311.61853	0.12242
3309.68981	0.12104
3307.76109	0.11973
3305.83236	0.11847
3303.90364	0.11719
3301.97491	0.11599
3300.04619	0.11478
3298.11747	0.11331
3296.18874	0.11167
3294.26002	0.11012
3292.33130	0.10870
3290.40257	0.10725
3288.47385	0.10564
3286.54513	0.10396
3284.61640	0.10230
3282.68768	0.10056
3280.75895	0.09867
3278.83023	0.09667
3276.90151	0.09452
3274.97278	0.09245
3273.04406	0.09070
3271.11534	0.08902
3269.18661	0.08707
3267.25789	0.08505
3265.32917	0.08321
3263.40044	0.08146
3261.47172	0.07966
3259.54299	0.07768
3257.61427	0.07545
3255.68555	0.07302
3253.75682	0.07068
3251.82810	0.06871
3249.89938	0.06705
3247.97065	0.06516
3246.04193	0.06267
3244.11320	0.06014
3242.18448	0.05826
3240.25576	0.05679
3238.32703	0.05514
3236.39831	0.05319
3234.46959	0.05107
3232.54086	0.04870
3230.61214	0.04624
3228.68342	0.04395
3226.75469	0.04178
3224.82597	0.03956
3222.89724	0.03736
3220.96852	0.03535
3219.03980	0.03362
3217.11107	0.03202
3215.18235	0.03023
3213.25363	0.02823
3211.32490	0.02606
3209.39618	0.02397
3207.46746	0.02236
3205.53873	0.02107
3203.61001	0.01941
3201.68128	0.01717
3199.75256	0.01496
3197.82384	0.01340
3195.89511	0.01216
3193.96639	0.01050
3192.03767	0.00839
3190.10894	0.00640
3188.18022	0.00474
3186.25149	0.00332
3184.32277	0.00215
3182.39405	0.00092
3180.46532	-0.00084
3178.53660	-0.00286
3176.60788	-0.00461
3174.67915	-0.00614
3172.75043	-0.00773
3170.82171	-0.00940
3168.89298	-0.01106
3166.96426	-0.01251
3165.03553	-0.01369
3163.10681	-0.01489
3161.17809	-0.01639
3159.24936	-0.01806
3157.32064	-0.01953
3155.39192	-0.02066
3153.46319	-0.02160
3151.53447	-0.02250
3149.60575	-0.02364
3147.67702	-0.02521
3145.74830	-0.02676
3143.81957	-0.02802
3141.89085	-0.02921
3139.96213	-0.03024
3138.03340	-0.03107
3136.10468	-0.03203
3134.17596	-0.03314
3132.24723	-0.03423
3130.31851	-0.03520
3128.38978	-0.03605
3126.46106	-0.03692
3124.53234	-0.03782
3122.60361	-0.03843
3120.67489	-0.03874
3118.74617	-0.03903
3116.81744	-0.03924
3114.88872	-0.03890
3112.96000	-0.03798
3111.03127	-0.03706
3109.10255	-0.03648
3107.17382	-0.03586
3105.24510	-0.03483
3103.31638	-0.03350
3101.38765	-0.03203
3099.45893	-0.03047
3097.53021	-0.02890
3095.60148	-0.02720
3093.67276	-0.02522
3091.74404	-0.02319
3089.81531	-0.02129
3087.88659	-0.01954
3085.95786	-0.01791
3084.02914	-0.01619
3082.10042	-0.01429
3080.17169	-0.01232
3078.24297	-0.01036
3076.31425	-0.00843
3074.38552	-0.00665
3072.45680	-0.00509
3070.52807	-0.00368
3068.59935	-0.00236
3066.67063	-0.00115
3064.74190	-0.00006
3062.81318	0.00101
3060.88446	0.00206
3058.95573	0.00294
3057.02701	0.00373
3055.09829	0.00461
3053.16956	0.00539
3051.24084	0.00582
3049.31211	0.00608
3047.38339	0.00645
3045.45467	0.00680
3043.52594	0.00681
3041.59722	0.00648
3039.66850	0.00602
3037.73977	0.00554
3035.81105	0.00503
3033.88233	0.00448
3031.95360	0.00390
3030.02488	0.00334
3028.09615	0.00280
3026.16743	0.00225
3024.23871	0.00173
3022.30998	0.00119
3020.38126	0.00053
3018.45254	-0.00005
3016.52381	-0.00041
3014.59509	-0.00069
3012.66636	-0.00096
3010.73764	-0.00102
3008.80892	-0.00079
3006.88019	-0.00046
3004.95147	-0.00003
3003.02275	0.00057
3001.09402	0.00133
2999.16530	0.00201
2997.23658	0.00061
2995.30785	-0.00071
2993.37913	-0.00199
2991.45040	-0.00305
2989.52168	-0.00217
2987.59296	-0.00118
2985.66423	-0.00012
2983.73551	0.00096
2981.80679	0.00191
2979.87806	0.00276
2977.94934	0.00391
2976.02062	0.00537
2974.09189	0.00657
2972.16317	0.00746
2970.23444	0.00851
2968.30572	0.00974
2966.37700	0.01081
2964.44827	0.01169
2962.51955	0.01253
2960.59083	0.01325
2958.66210	0.01372
2956.73338	0.01386
2954.80466	0.01381
2952.87593	0.01401
2950.94721	0.01464
2949.01848	0.01546
2947.08976	0.01636
2945.16104	0.01742
2943.23231	0.01858
2941.30359	0.01983
2939.37487	0.02117
2937.44614	0.02249
2935.51742	0.02371
2933.58869	0.02486
2931.65997	0.02596
2929.73125	0.02690
2927.80252	0.02746
2925.87380	0.02760
2923.94508	0.02726
2922.01635	0.02628
2920.08763	0.02465
2918.15891	0.02253
2916.23018	0.02010
2914.30146	0.01754
2912.37273	0.01513
2910.44401	0.01300
2908.51529	0.01104
2906.58656	0.00914
2904.65784	0.00739
2902.72912	0.00592
2900.80039	0.00463
2898.87167	0.00334
2896.94295	0.00205
2895.01422	0.00079
2893.08550	-0.00055
2891.15677	-0.00196
2889.22805	-0.00315
2887.29933	-0.00292
2885.37060	-0.00272
2883.44188	-0.00261
2881.51316	-0.00235
2879.58443	-0.00182
2877.65571	-0.00126
2875.72698	-0.00064
2873.79826	0.00004
2871.86954	0.00063
2869.94081	0.00107
2868.01209	0.00146
2866.08337	0.00186
2864.15464	0.00239
2862.22592	0.00323
2860.29720	0.00437
2858.36847	0.00551
2856.43975	0.00642
2854.51102	0.00692
2852.58230	0.00686
2850.65358	0.00598
2848.72485	0.00437
2846.79613	0.00253
2844.86741	0.00081
2842.93868	-0.00075
2841.00996	-0.00205
2839.08124	-0.00311
2837.15251	-0.00397
2835.22379	-0.00453
2833.29506	-0.00478
2831.36634	-0.00495
2829.43762	-0.00522
2827.50889	-0.00541
2825.58017	-0.00540
2823.65145	-0.00545
2821.72272	-0.00570
2819.79400	-0.00596
2817.86527	-0.00601
2815.93655	-0.00595
2814.00783	-0.00595
2812.07910	-0.00599
2810.15038	-0.00600
2808.22166	-0.00598
2806.29293	-0.00601
2804.36421	-0.00607
2802.43549	-0.00609
2800.50676	-0.00607
2798.57804	-0.00604
2796.64931	-0.00605
2794.72059	-0.00609
2792.79187	-0.00613
2790.86314	-0.00606
2788.93442	-0.00594
2787.00570	-0.00579
2785.07697	-0.00559
2783.14825	-0.00528
2781.21953	-0.00492
2779.29080	-0.00456
2777.36208	-0.00406
2775.43335	-0.00367
2773.50463	-0.00316
2771.57591	-0.00247
2769.64718	-0.00231
2767.71846	-0.00212
2765.78974	-0.00188
2763.86101	-0.00164
2761.93229	-0.00138
2760.00356	-0.00110
2758.07484	-0.00078
2756.14612	-0.00043
2754.21739	-0.00017
2752.28867	-0.00005
2750.35995	0.00007
2748.43122	0.00024
2746.50250	0.00037
2744.57378	0.00037
2742.64505	0.00026
2740.71633	0.00012
2738.78760	0.00005
2736.85888	0.00003
2734.93016	0.00000
2733.00143	-0.00006
2731.07271	-0.00013
2729.14399	-0.00029
2727.21526	-0.00051
2725.28654	-0.00065
2723.35782	-0.00069
2721.42909	-0.00079
2719.50037	-0.00097
2717.57164	-0.00112
2715.64292	-0.00121
2713.71420	-0.00125
2711.78547	-0.00123
2709.85675	-0.00124
2707.92803	-0.00139
2705.99930	-0.00160
2704.07058	-0.00180
2702.14185	-0.00195
2700.21313	-0.00205
2698.28441	-0.00209
2696.35568	-0.00218
2694.42696	-0.00235
2692.49824	-0.00244
2690.56951	-0.00243
2688.64079	-0.00246
2686.71207	-0.00258
2684.78334	-0.00279
2682.85462	-0.00297
2680.92589	-0.00307
2678.99717	-0.00320
2677.06845	-0.00339
2675.13972	-0.00352
2673.21100	-0.00360
2671.28228	-0.00373
2669.35355	-0.00390
2667.42483	-0.00359
2665.49611	-0.00330
2663.56738	-0.00307
2661.63866	-0.00280
2659.70993	-0.00282
2657.78121	-0.00283
2655.85249	-0.00280
2653.92376	-0.00279
2651.99504	-0.00288
2650.06632	-0.00301
2648.13759	-0.00313
2646.20887	-0.00322
2644.28014	-0.00326
2642.35142	-0.00316
2640.42270	-0.00296
2638.49397	-0.00285
2636.56525	-0.00286
2634.63653	-0.00293
2632.70780	-0.00302
2630.77908	-0.00302
2628.85036	-0.00298
2626.92163	-0.00301
2624.99291	-0.00312
2623.06418	-0.00330
2621.13546	-0.00350
2619.20674	-0.00353
2617.27801	-0.00342
2615.34929	-0.00340
2613.42057	-0.00349
2611.49184	-0.00362
2609.56312	-0.00380
2607.63440	-0.00390
2605.70567	-0.00392
2603.77695	-0.00397
2601.84822	-0.00396
2599.91950	-0.00385
2597.99078	-0.00385
2596.06205	-0.00398
2594.13333	-0.00401
2592.20461	-0.00390
2590.27588	-0.00389
2588.34716	-0.00402
2586.41843	-0.00411
2584.48971	-0.00405
2582.56099	-0.00398
2580.63226	-0.00400
2578.70354	-0.00404
2576.77482	-0.00400
2574.84609	-0.00393
2572.91737	-0.00388
2570.98865	-0.00380
2569.05992	-0.00369
2567.13120	-0.00354
2565.20247	-0.00340
2563.27375	-0.00333
2561.34503	-0.00335
2559.41630	-0.00341
2557.48758	-0.00332
2555.55886	-0.00315
2553.63013	-0.00285
2551.70141	-0.00254
2549.77269	-0.00257
2547.84396	-0.00262
2545.91524	-0.00261
2543.98651	-0.00263
2542.05779	-0.00268
2540.12907	-0.00273
2538.20034	-0.00274
2536.27162	-0.00269
2534.34290	-0.00261
2532.41417	-0.00258
2530.48545	-0.00259
2528.55673	-0.00264
2526.62800	-0.00273
2524.69928	-0.00281
2522.77055	-0.00281
2520.84183	-0.00280
2518.91311	-0.00285
2516.98438	-0.00293
2515.05566	-0.00300
2513.12694	-0.00303
2511.19821	-0.00300
2509.26949	-0.00293
2507.34076	-0.00288
2505.41204	-0.00290
2503.48332	-0.00292
2501.55459	-0.00294
2499.62587	-0.00302
2497.69715	-0.00312
2495.76842	-0.00303
2493.83970	-0.00278
2491.91098	-0.00269
2489.98225	-0.00283
2488.05353	-0.00293
2486.12480	-0.00290
2484.19608	-0.00283
2482.26736	-0.00283
2480.33863	-0.00293
2478.40991	-0.00305
2476.48119	-0.00310
2474.55246	-0.00310
2472.62374	-0.00314
2470.69502	-0.00322
2468.76629	-0.00318
2466.83757	-0.00304
2464.90884	-0.00294
2462.98012	-0.00291
2461.05140	-0.00298
2459.12267	-0.00316
2457.19395	-0.00329
2455.26523	-0.00323
2453.33650	-0.00307
2451.40778	-0.00294
2449.47905	-0.00292
2447.55033	-0.00292
2445.62161	-0.00299
2443.69288	-0.00300
2441.76416	-0.00288
2439.83544	-0.00280
2437.90671	-0.00273
2435.97799	-0.00274
2434.04927	-0.00291
2432.12054	-0.00322
2430.19182	-0.00362
2428.26309	-0.00405
2426.33437	-0.00419
2424.40565	-0.00390
2422.47692	-0.00353
2420.54820	-0.00337
2418.61948	-0.00332
2416.69075	-0.00329
2414.76203	-0.00323
2412.83331	-0.00317
2410.90458	-0.00317
2408.97586	-0.00317
2407.04713	-0.00318
2405.11841	-0.00323
2403.18969	-0.00320
2401.26096	-0.00310
2399.33224	-0.00302
2397.40352	-0.00301
2395.47479	-0.00303
2393.54607	-0.00302
2391.61734	-0.00295
2389.68862	-0.00283
2387.75990	-0.00279
2385.83117	-0.00280
2383.90245	-0.00281
2381.97373	-0.00274
2380.04500	-0.00260
2378.11628	-0.00244
2376.18756	-0.00244
2374.25883	-0.00260
2372.33011	-0.00272
2370.40138	-0.00274
2368.47266	-0.00272
2366.54394	-0.00263
2364.61521	-0.00255
2362.68649	-0.00258
2360.75777	-0.00268
2358.82904	-0.00291
2356.90032	-0.00327
2354.97160	-0.00359
2353.04287	-0.00353
2351.11415	-0.00280
2349.18542	-0.00201
2347.25670	-0.00202
2345.32798	-0.00255
2343.39925	-0.00288
2341.47053	-0.00299
2339.54181	-0.00308
2337.61308	-0.00318
2335.68436	-0.00322
2333.75563	-0.00315
2331.82691	-0.00306
2329.89819	-0.00303
2327.96946	-0.00307
2326.04074	-0.00318
2324.11202	-0.00337
2322.18329	-0.00357
2320.25457	-0.00368
2318.32585	-0.00365
2316.39712	-0.00357
2314.46840	-0.00352
2312.53967	-0.00345
2310.61095	-0.00336
2308.68223	-0.00325
2306.75350	-0.00316
2304.82478	-0.00315
2302.89606	-0.00325
2300.96733	-0.00336
2299.03861	-0.00341
2297.10989	-0.00340
2295.18116	-0.00339
2293.25244	-0.00335
2291.32371	-0.00327
2289.39499	-0.00319
2287.46627	-0.00317
2285.53754	-0.00316
2283.60882	-0.00312
2281.68010	-0.00307
2279.75137	-0.00310
2277.82265	-0.00323
2275.89392	-0.00335
2273.96520	-0.00336
2272.03648	-0.00331
2270.10775	-0.00325
2268.17903	-0.00314
2266.25031	-0.00300
2264.32158	-0.00291
2262.39286	-0.00286
2260.46414	-0.00284
2258.53541	-0.00284
2256.60669	-0.00290
2254.67796	-0.00293
2252.74924	-0.00288
2250.82052	-0.00278
2248.89179	-0.00277
2246.96307	-0.00270
2245.03435	-0.00259
2243.10562	-0.00244
2241.17690	-0.00231
2239.24818	-0.00221
2237.31945	-0.00215
2235.39073	-0.00209
2233.46200	-0.00205
2231.53328	-0.00207
2229.60456	-0.00204
2227.67583	-0.00191
2225.74711	-0.00188
2223.81839	-0.00188
2221.88966	-0.00184
2219.96094	-0.00189
2218.03221	-0.00188
2216.10349	-0.00191
2214.17477	-0.00205
2212.24604	-0.00220
2210.31732	-0.00228
2208.38860	-0.00237
2206.45987	-0.00247
2204.53115	-0.00256
2202.60243	-0.00262
2200.67370	-0.00262
2198.74498	-0.00261
2196.81625	-0.00270
2194.88753	-0.00286
2192.95881	-0.00296
2191.03008	-0.00299
2189.10136	-0.00298
2187.17264	-0.00299
2185.24391	-0.00306
2183.31519	-0.00320
2181.38647	-0.00335
2179.45774	-0.00340
2177.52902	-0.00328
2175.60029	-0.00316
2173.67157	-0.00317
2171.74285	-0.00324
2169.81412	-0.00329
2167.88540	-0.00327
2165.95668	-0.00323
2164.02795	-0.00322
2162.09923	-0.00317
2160.17050	-0.00307
2158.24178	-0.00304
2156.31306	-0.00303
2154.38433	-0.00294
2152.45561	-0.00284
2150.52689	-0.00282
2148.59816	-0.00280
2146.66944	-0.00273
2144.74072	-0.00266
2142.81199	-0.00270
2140.88327	-0.00277
2138.95454	-0.00278
2137.02582	-0.00265
2135.09710	-0.00242
2133.16837	-0.00231
2131.23965	-0.00236
2129.31093	-0.00239
2127.38220	-0.00236
2125.45348	-0.00238
2123.52476	-0.00240
2121.59603	-0.00232
2119.66731	-0.00224
2117.73858	-0.00238
2115.80986	-0.00252
2113.88114	-0.00265
2111.95241	-0.00276
2110.02369	-0.00294
2108.09497	-0.00321
2106.16624	-0.00356
2104.23752	-0.00384
2102.30880	-0.00402
2100.38007	-0.00421
2098.45135	-0.00441
2096.52262	-0.00461
2094.59390	-0.00486
2092.66518	-0.00516
2090.73645	-0.00547
2088.80773	-0.00582
2086.87901	-0.00623
2084.95028	-0.00670
2083.02156	-0.00727
2081.09283	-0.00792
2079.16411	-0.00854
2077.23539	-0.00906
2075.30666	-0.00950
2073.37794	-0.00984
2071.44922	-0.01014
2069.52049	-0.01041
2067.59177	-0.01071
2065.66305	-0.01114
2063.73432	-0.01143
2061.80560	-0.01144
2059.87687	-0.01128
2057.94815	-0.01095
2056.01943	-0.01054
2054.09070	-0.01021
2052.16198	-0.00988
2050.23326	-0.00930
2048.30453	-0.00844
2046.37581	-0.00751
2044.44709	-0.00667
2042.51836	-0.00600
2040.58964	-0.00547
2038.66091	-0.00498
2036.73219	-0.00452
2034.80347	-0.00408
2032.87474	-0.00372
2030.94602	-0.00355
2029.01730	-0.00351
2027.08857	-0.00341
2025.15985	-0.00325
2023.23112	-0.00305
2021.30240	-0.00270
2019.37368	-0.00227
2017.44495	-0.00197
2015.51623	-0.00171
2013.58751	-0.00154
2011.65878	-0.00149
2009.73006	-0.00141
2007.80134	-0.00132
2005.87261	-0.00126
2003.94389	-0.00112
2002.01516	-0.00078
2000.08644	-0.00046
1998.15772	-0.00027
1996.22899	-0.00003
1994.30027	0.00011
1992.37155	0.00001
1990.44282	0.00013
1988.51410	0.00034
1986.58538	0.00043
1984.65665	0.00057
1982.72793	0.00073
1980.79920	0.00083
1978.87048	0.00083
1976.94176	0.00078
1975.01303	0.00076
1973.08431	0.00086
1971.15559	0.00104
1969.22686	0.00100
1967.29814	0.00078
1965.36941	0.00075
1963.44069	0.00077
1961.51197	0.00065
1959.58324	0.00055
1957.65452	0.00053
1955.72580	0.00055
1953.79707	0.00056
1951.86835	0.00053
1949.93963	0.00045
1948.01090	0.00042
1946.08218	0.00051
1944.15345	0.00032
1942.22473	0.00003
1940.29601	0.00015
1938.36728	0.00027
1936.43856	0.00021
1934.50984	0.00016
1932.58111	0.00016
1930.65239	0.00023
1928.72367	0.00040
1926.79494	0.00050
1924.86622	0.00034
1922.93749	0.00011
1921.00877	0.00019
1919.08005	-0.00002
1917.15132	-0.00016
1915.22260	0.00016
1913.29388	0.00048
1911.36515	0.00076
1909.43643	0.00107
1907.50770	0.00145
1905.57898	0.00178
1903.65026	0.00208
1901.72153	0.00249
1899.79281	0.00306
1897.86409	0.00362
1895.93536	0.00402
1894.00664	0.00456
1892.07792	0.00508
1890.14919	0.00523
1888.22047	0.00553
1886.29174	0.00601
1884.36302	0.00627
1882.43430	0.00643
1880.50557	0.00654
1878.57685	0.00655
1876.64813	0.00666
1874.71940	0.00728
1872.79068	0.00822
1870.86196	0.00860
1868.93323	0.00823
1867.00451	0.00802
1865.07578	0.00805
1863.14706	0.00790
1861.21834	0.00760
1859.28961	0.00718
1857.36089	0.00663
1855.43217	0.00606
1853.50344	0.00555
1851.57472	0.00501
1849.64599	0.00454
1847.71727	0.00400
1845.78855	0.00271
1843.85982	0.00123
1841.93110	0.00080
1840.00238	0.00057
1838.07365	-0.00013
1836.14493	-0.00067
1834.21621	-0.00063
1832.28748	-0.00060
1830.35876	-0.00100
1828.43003	-0.00114
1826.50131	-0.00136
1824.57259	-0.00188
1822.64386	-0.00194
1820.71514	-0.00194
1818.78642	-0.00216
1816.85769	-0.00210
1814.92897	-0.00158
1813.00025	-0.00125
1811.07152	-0.00137
1809.14280	-0.00141
1807.21407	-0.00116
1805.28535	-0.00087
1803.35663	-0.00092
1801.42790	-0.00126
1799.49918	-0.00108
1797.57046	-0.00018
1795.64173	0.00065
1793.71301	0.00051
1791.78428	-0.00007
1789.85556	0.00014
1787.92684	0.00045
1785.99811	0.00046
1784.06939	0.00090
1782.14067	0.00150
1780.21194	0.00187
1778.28322	0.00262
1776.35450	0.00371
1774.42577	0.00418
1772.49705	0.00372
1770.56832	0.00339
1768.63960	0.00336
1766.71088	0.00395
1764.78215	0.00494
1762.85343	0.00537
1760.92471	0.00606
1758.99598	0.00711
1757.06726	0.00806
1755.13854	0.00978
1753.20981	0.01160
1751.28109	0.01283
1749.35236	0.01420
1747.42364	0.01581
1745.49492	0.01728
1743.56619	0.01853
1741.63747	0.01949
1739.70875	0.02066
1737.78002	0.02258
1735.85130	0.02323
1733.92257	0.02278
1731.99385	0.02342
1730.06513	0.02374
1728.13640	0.02365
1726.20768	0.02378
1724.27896	0.02418
1722.35023	0.02538
1720.42151	0.02649
1718.49279	0.02610
1716.56406	0.02506
1714.63534	0.02449
1712.70661	0.02443
1710.77789	0.02484
1708.84917	0.02556
1706.92044	0.02630
1704.99172	0.02770
1703.06300	0.02940
1701.13427	0.03008
1699.20555	0.03147
1697.27683	0.03293
1695.34810	0.03396
1693.41938	0.03638
1691.49065	0.03882
1689.56193	0.04143
1687.63321	0.04456
1685.70448	0.04620
1683.77576	0.04711
1681.84704	0.04950
1679.91831	0.05183
1677.98959	0.05348
1676.06087	0.05485
1674.13214	0.05716
1672.20342	0.05948
1670.27469	0.06039
1668.34597	0.06190
1666.41725	0.06414
1664.48852	0.06507
1662.55980	0.06523
1660.63108	0.06603
1658.70235	0.06725
1656.77363	0.06795
1654.84490	0.06618
1652.91618	0.06352
1650.98746	0.06435
1649.05873	0.06442
1647.13001	0.06235
1645.20129	0.06141
1643.27256	0.06160
1641.34384	0.06177
1639.41512	0.06179
1637.48639	0.05991
1635.55767	0.05620
1633.62894	0.05394
1631.70022	0.05260
1629.77150	0.05042
1627.84277	0.04796
1625.91405	0.04532
1623.98533	0.04162
1622.05660	0.03849
1620.12788	0.03649
1618.19916	0.03307
1616.27043	0.02874
1614.34171	0.02580
1612.41298	0.02329
1610.48426	0.02020
1608.55554	0.01688
1606.62681	0.01361
1604.69809	0.01033
1602.76937	0.00706
1600.84064	0.00419
1598.91192	0.00203
1596.98319	0.00048
1595.05447	-0.00072
1593.12575	-0.00172
1591.19702	-0.00266
1589.26830	-0.00360
1587.33958	-0.00430
1585.41085	-0.00454
1583.48213	-0.00411
1581.55341	-0.00281
1579.62468	-0.00118
1577.69596	-0.00063
1575.76723	-0.00006
1573.83851	0.00203
1571.90979	0.00329
1569.98106	0.00345
1568.05234	0.00495
1566.12362	0.00736
1564.19489	0.01029
1562.26617	0.01328
1560.33745	0.01445
1558.40872	0.01586
1556.48000	0.01913
1554.55127	0.02088
1552.62255	0.02173
1550.69383	0.02269
1548.76510	0.02425
1546.83638	0.02621
1544.90766	0.02800
1542.97893	0.02930
1541.05021	0.02851
1539.12148	0.02739
1537.19276	0.02806
1535.26404	0.02755
1533.33531	0.02602
1531.40659	0.02564
1529.47787	0.02523
1527.54914	0.02406
1525.62042	0.02323
1523.69170	0.02213
1521.76297	0.01990
1519.83425	0.01806
1517.90552	0.01595
1515.97680	0.01332
1514.04808	0.01139
1512.11935	0.01023
1510.19063	0.00911
1508.26191	0.00547
1506.33318	0.00026
1504.40446	-0.00204
1502.47574	-0.00306
1500.54701	-0.00479
1498.61829	-0.00711
1496.68956	-0.00934
1494.76084	-0.01008
1492.83212	-0.01026
1490.90339	-0.01153
1488.97467	-0.01335
1487.04595	-0.01462
1485.11722	-0.01527
1483.18850	-0.01572
1481.25977	-0.01575
1479.33105	-0.01488
1477.40233	-0.01351
1475.47360	-0.01217
1473.54488	-0.01130
1471.61616	-0.00993
1469.68743	-0.00786
1467.75871	-0.00701
1465.82999	-0.00746
1463.90126	-0.00722
1461.97254	-0.00578
1460.04381	-0.00536
1458.11509	-0.00709
1456.18637	-0.00863
1454.25764	-0.00882
1452.32892	-0.00946
1450.40020	-0.01073
1448.47147	-0.01231
1446.54275	-0.01386
1444.61403	-0.01549
1442.68530	-0.01730
1440.75658	-0.01889
1438.82785	-0.02134
1436.89913	-0.02506
1434.97041	-0.02783
1433.04168	-0.03003
1431.11296	-0.03349
1429.18424	-0.03796
1427.25551	-0.04300
1425.32679	-0.04925
1423.39806	-0.05643
1421.46934	-0.06484
1419.54062	-0.07602
1417.61189	-0.08809
1415.68317	-0.09844
1413.75445	-0.10825
1411.82572	-0.11882
1409.89700	-0.12961
1407.96828	-0.13982
1406.03955	-0.14956
1404.11083	-0.15779
1402.18210	-0.16288
1400.25338	-0.16484
1398.32466	-0.16320
1396.39593	-0.15778
1394.46721	-0.14908
1392.53849	-0.13843
1390.60976	-0.12897
1388.68104	-0.12309
1386.75232	-0.11973
1384.82359	-0.11360
1382.89487	-0.10060
1380.96614	-0.08309
1379.03742	-0.06688
1377.10870	-0.05474
1375.17997	-0.04568
1373.25125	-0.03794
1371.32253	-0.03135
1369.39380	-0.02613
1367.46508	-0.02160
1365.53635	-0.01788
1363.60763	-0.01535
1361.67891	-0.01329
1359.75018	-0.01130
1357.82146	-0.00969
1355.89274	-0.00829
1353.96401	-0.00670
1352.03529	-0.00491
1350.10657	-0.00323
1348.17784	-0.00190
1346.24912	-0.00077
1344.32039	0.00046
1342.39167	0.00148
1340.46295	0.00203
1338.53422	0.00273
1336.60550	0.00398
1334.67678	0.00545
1332.74805	0.00692
1330.81933	0.00804
1328.89061	0.00826
1326.96188	0.00802
1325.03316	0.00763
1323.10443	0.00758
1321.17571	0.00825
1319.24699	0.00943
1317.31826	0.01068
1315.38954	0.01179
1313.46082	0.01295
1311.53209	0.01446
1309.60337	0.01607
1307.67464	0.01751
1305.74592	0.01893
1303.81720	0.02042
1301.88847	0.02198
1299.95975	0.02357
1298.03103	0.02517
1296.10230	0.02679
1294.17358	0.02836
1292.24486	0.02994
1290.31613	0.03158
1288.38741	0.03318
1286.45868	0.03491
1284.52996	0.03726
1282.60124	0.04041
1280.67251	0.04404
1278.74379	0.04783
1276.81507	0.05177
1274.88634	0.05589
1272.95762	0.06032
1271.02890	0.06550
1269.10017	0.07159
1267.17145	0.07833
1265.24272	0.08564
1263.31400	0.09372
1261.38528	0.10274
1259.45655	0.11262
1257.52783	0.12316
1255.59911	0.13447
1253.67038	0.14660
1251.74166	0.15915
1249.81294	0.17168
1247.88421	0.18388
1245.95549	0.19550
1244.02676	0.20649
1242.09804	0.21643
1240.16932	0.22486
1238.24059	0.23206
1236.31187	0.23835
1234.38315	0.24382
1232.45442	0.24871
1230.52570	0.25312
1228.59697	0.25701
1226.66825	0.26054
1224.73953	0.26371
1222.81080	0.26614
1220.88208	0.26793
1218.95336	0.26966
1217.02463	0.27146
1215.09591	0.27314
1213.16719	0.27481
1211.23846	0.27664
1209.30974	0.27824
1207.38101	0.27925
1205.45229	0.27991
1203.52357	0.28073
1201.59484	0.28185
1199.66612	0.28314
1197.73740	0.28441
1195.80867	0.28554
1193.87995	0.28641
1191.95123	0.28723
1190.02250	0.28838
1188.09378	0.29009
1186.16505	0.29218
1184.23633	0.29446
1182.30761	0.29679
1180.37888	0.29879
1178.45016	0.30035
1176.52144	0.30178
1174.59271	0.30347
1172.66399	0.30530
1170.73526	0.30683
1168.80654	0.30820
1166.87782	0.30975
1164.94909	0.31121
1163.02037	0.31234
1161.09165	0.31345
1159.16292	0.31446
1157.23420	0.31515
1155.30548	0.31566
1153.37675	0.31612
1151.44803	0.31652
1149.51930	0.31706
1147.59058	0.31803
1145.66186	0.31946
1143.73313	0.32106
1141.80441	0.32225
1139.87569	0.32260
1137.94696	0.32218
1136.01824	0.32117
1134.08952	0.32016
1132.16079	0.32022
1130.23207	0.32183
1128.30334	0.32390
1126.37462	0.32522
1124.44590	0.32611
1122.51717	0.32697
1120.58845	0.32755
1118.65973	0.32871
1116.73100	0.33183
1114.80228	0.33654
1112.87355	0.34173
1110.94483	0.34727
1109.01611	0.35371
1107.08738	0.36107
1105.15866	0.36836
1103.22994	0.37490
1101.30121	0.38093
1099.37249	0.38651
1097.44377	0.39108
1095.51504	0.39405
1093.58632	0.39566
1091.65759	0.39670
1089.72887	0.39786
1087.80015	0.39890
1085.87142	0.39909
1083.94270	0.39858
1082.01398	0.39802
1080.08525	0.39763
1078.15653	0.39691
1076.22781	0.39543
1074.29908	0.39358
1072.37036	0.39198
1070.44163	0.39040
1068.51291	0.38834
1066.58419	0.38571
1064.65546	0.38285
1062.72674	0.38009
1060.79802	0.37701
1058.86929	0.37318
1056.94057	0.36826
1055.01184	0.36201
1053.08312	0.35534
1051.15440	0.34904
1049.22567	0.34266
1047.29695	0.33555
1045.36823	0.32815
1043.43950	0.32107
1041.51078	0.31393
1039.58206	0.30625
1037.65333	0.29803
1035.72461	0.28934
1033.79588	0.28061
1031.86716	0.27299
1029.93844	0.26662
1028.00971	0.26061
1026.08099	0.25468
1024.15227	0.24882
1022.22354	0.24285
1020.29482	0.23669
1018.36610	0.23072
1016.43737	0.22551
1014.50865	0.22084
1012.57992	0.21595
1010.65120	0.21084
1008.72248	0.20609
1006.79375	0.20177
1004.86503	0.19779
1002.93631	0.19420
1001.00758	0.19085
999.07886	0.18751
997.15013	0.18381
995.22141	0.17947
993.29269	0.17427
991.36396	0.16855
989.43524	0.16383
987.50652	0.16091
985.57779	0.15873
983.64907	0.15660
981.72035	0.15510
979.79162	0.15439
977.86290	0.15373
975.93417	0.15381
974.00545	0.15380
972.07673	0.15354
970.14800	0.15302
968.21928	0.15231
966.29056	0.15170
964.36183	0.15154
962.43311	0.15170
960.50439	0.15179
958.57566	0.15157
956.64694	0.15088
954.71821	0.14972
952.78949	0.14806
950.86077	0.14584
948.93204	0.14336
947.00332	0.14077
945.07460	0.13796
943.14587	0.13494
941.21715	0.13166
939.28842	0.12812
937.35970	0.12455
935.43098	0.12087
933.50225	0.11682
931.57353	0.11273
929.64481	0.10916
927.71608	0.10597
925.78736	0.10288
923.85864	0.10010
921.92991	0.09755
920.00119	0.09451
918.07246	0.09071
916.14374	0.08673
914.21502	0.08280
912.28629	0.07856
910.35757	0.07435
908.42885	0.07061
906.50012	0.06677
904.57140	0.06244
902.64268	0.05796
900.71395	0.05328
898.78523	0.04836
896.85650	0.04379
894.92778	0.03961
892.99906	0.03544
891.07033	0.03132
889.14161	0.02717
887.21289	0.02270
885.28416	0.01807
883.35544	0.01381
881.42671	0.01030
879.49799	0.00728
877.56927	0.00428
875.64054	0.00112
873.71182	-0.00201
871.78310	-0.00504
869.85437	-0.00783
867.92565	-0.01015
865.99693	-0.01248
864.06820	-0.01539
862.13948	-0.01849
860.21075	-0.02125
858.28203	-0.02339
856.35331	-0.02495
854.42458	-0.02618
852.49586	-0.02678
850.56714	-0.02698
848.63841	-0.02748
846.70969	-0.02757
844.78097	-0.02621
842.85224	-0.02410
840.92352	-0.02205
838.99479	-0.01963
837.06607	-0.01648
835.13735	-0.01281
833.20862	-0.00854
831.27990	-0.00382
829.35118	0.00050
827.42245	0.00415
825.49373	0.00772
823.56501	0.01153
821.63628	0.01529
819.70756	0.01890
817.77883	0.02271
815.85011	0.02706
813.92139	0.03164
811.99266	0.03557
810.06394	0.03851
808.13522	0.04143
806.20649	0.04526
804.27777	0.04922
802.34904	0.05179
800.42032	0.05258
798.49160	0.05241
796.56287	0.05190
794.63415	0.05100
792.70543	0.04978
790.77670	0.04811
788.84798	0.04540
786.91926	0.04181
784.99053	0.03793
783.06181	0.03391
781.13308	0.02986
779.20436	0.02585
777.27564	0.02157
775.34691	0.01680
773.41819	0.01167
771.48947	0.00694
769.56074	0.00396
767.63202	0.00272
765.70330	0.00227
763.77457	0.00142
761.84585	0.00016
759.91712	-0.00124
757.98840	-0.00215
756.05968	-0.00269
754.13095	-0.00372
752.20223	-0.00516
750.27351	-0.00596
748.34478	-0.00621
746.41606	-0.00671
744.48733	-0.00752
742.55861	-0.00827
740.62989	-0.00876
738.70116	-0.00919
736.77244	-0.00973
734.84372	-0.01010
732.91499	-0.01017
730.98627	-0.00993
729.05755	-0.00942
727.12882	-0.00900
725.20010	-0.00893
723.27137	-0.00941
721.34265	-0.00996
719.41393	-0.01040
717.48520	-0.01085
715.55648	-0.01145
713.62776	-0.01175
711.69903	-0.01127
709.77031	-0.01028
707.84159	-0.00932
705.91286	-0.00848
703.98414	-0.00766
702.05541	-0.00662
700.12669	-0.00512
698.19797	-0.00329
696.26924	-0.00173
694.34052	-0.00104
692.41180	-0.00116
690.48307	-0.00161
688.55435	-0.00192
686.62562	-0.00189
684.69690	-0.00221
682.76818	-0.00272
680.83945	-0.00324
678.91073	-0.00463
676.98201	-0.00598
675.05328	-0.00659
673.12456	-0.00646
671.19584	-0.00721
669.26711	-0.00986
667.33839	-0.01087
665.40966	-0.00902
663.48094	-0.00838
661.55222	-0.00979
659.62349	-0.01149
657.69477	-0.01298
655.76605	-0.01387
653.83732	-0.01326
651.90860	-0.01157
649.97988	-0.01046
648.05115	-0.01059
646.12243	-0.01114
644.19370	-0.01123
642.26498	-0.01066
640.33626	-0.00957
638.40753	-0.00829
636.47881	-0.00759
634.55009	-0.00841
632.62136	-0.01082
630.69264	-0.01324
628.76391	-0.01430
626.83519	-0.01427
624.90647	-0.01516
622.97774	-0.01687
621.04902	-0.01871
619.12030	-0.02047
617.19157	-0.02120
615.26285	-0.01968
613.33413	-0.01651
611.40540	-0.01335
609.47668	-0.01043
607.54795	-0.00795
605.61923	-0.00710
603.69051	-0.00744
601.76178	-0.00717
599.83306	-0.00537
597.90434	-0.00272
595.97561	-0.00065
594.04689	0.00042
592.11817	0.00140
590.18944	0.00247
588.26072	0.00274
586.33199	0.00305
584.40327	0.00419
582.47455	0.00471
580.54582	0.00378
578.61710	0.00320
576.68838	0.00650
574.75965	0.01103
572.83093	0.01544
570.90220	0.01853
568.97348	0.01610
567.04476	0.01265
565.11603	0.00969
563.18731	0.00699
561.25859	0.00498
559.32986	0.00386
557.40114	0.00244
555.47242	0.00037
553.54369	-0.00089
551.61497	-0.00158
549.68624	-0.00338
547.75752	-0.00562
545.82880	-0.00674
543.90007	-0.00704
541.97135	-0.00761
540.04263	-0.00919
538.11390	-0.01179
536.18518	-0.01396
534.25646	-0.01487
532.32773	-0.01628
530.39901	-0.01935
528.47028	-0.02280
526.54156	-0.02550
524.61284	-0.02788
522.68411	-0.03144
520.75539	-0.03620
518.82667	-0.03985
516.89794	-0.04104
514.96922	-0.04108
513.04049	-0.04113
511.11177	-0.04080
509.18305	-0.03959
507.25432	-0.03729
505.32560	-0.03479
503.39688	-0.03353
501.46815	-0.03274
499.53943	-0.03053
497.61071	-0.02634
495.68198	-0.02119
493.75326	-0.01557
491.82453	-0.00860
489.89581	-0.00156
487.96709	0.00346
486.03836	0.00790
484.10964	0.01462
482.18092	0.02311
480.25219	0.02952
478.32347	0.03177
476.39475	0.03222
474.46602	0.03472
472.53730	0.04093
470.60857	0.04782
468.67985	0.05088
466.75113	0.05388
464.82240	0.06540
462.89368	0.07895
460.96496	0.09100
459.03623	0.10213
457.10751	0.11215
455.17878	0.12085
453.25006	0.13003
451.32134	0.13837
449.39261	0.13894
447.46389	0.13649
445.53517	0.13462
443.60644	0.13288
441.67772	0.13128
439.74900	0.12915
437.82027	0.12418
435.89155	0.11843
433.96282	0.11539
432.03410	0.11162
430.10538	0.10365
428.17665	0.09531
426.24793	0.09114
424.31921	0.09081
422.39048	0.09036
420.46176	0.08534
418.53304	0.07665
416.60431	0.06852
414.67559	0.05964
412.74686	0.05096
410.81814	0.04738
408.88942	0.04845
406.96069	0.04920
405.03197	0.04940
403.10325	0.05047
401.17452	0.04477
399.24580	0.02446
397.31708	0.00307
395.38835	-0.00135
393.45963	0.00097
391.53090	-0.00353
389.60218	-0.00940
387.67346	-0.00992
385.74473	-0.01310
383.81601	-0.02347
381.88729	-0.02813
379.95856	-0.02798
378.02984	-0.05736
376.10111	-0.11853
374.17239	-0.12066
372.24367	-0.02091
370.31494	0.08112
368.38622	0.12339
