7496.94889	-0.00445
7495.02016	-0.00405
7493.09144	-0.00001
7491.16272	0.00308
7489.23399	0.00336
7487.30527	0.00458
7485.37654	0.00972
7483.44782	0.01571
7481.51910	0.01902
7479.59037	0.01714
7477.66165	0.01027
7475.73293	0.00610
7473.80420	0.00776
7471.87548	0.00922
7469.94676	0.00843
7468.01803	0.00681
7466.08931	0.00167
7464.16058	-0.00404
7462.23186	-0.00095
7460.30314	0.00873
7458.37441	0.01433
7456.44569	0.01285
7454.51697	0.00901
7452.58824	0.00722
7450.65952	0.00727
7448.73079	0.00734
7446.80207	0.00821
7444.87335	0.01045
7442.94462	0.01311
7441.01590	0.01749
7439.08718	0.02136
7437.15845	0.01826
7435.22973	0.00958
7433.30101	0.00225
7431.37228	0.00063
7429.44356	0.00384
7427.51483	0.00689
7425.58611	0.00712
7423.65739	0.00551
7421.72866	0.00375
7419.79994	0.00356
7417.87122	0.00533
7415.94249	0.00707
7414.01377	0.00745
7412.08505	0.00695
7410.15632	0.00560
7408.22760	0.00425
7406.29887	0.00460
7404.37015	0.00593
7402.44143	0.00533
7400.51270	0.00262
7398.58398	0.00087
7396.65526	0.00118
7394.72653	0.00317
7392.79781	0.00678
7390.86908	0.00996
7388.94036	0.01059
7387.01164	0.00983
7385.08291	0.00966
7383.15419	0.00945
7381.22547	0.00827
7379.29674	0.00670
7377.36802	0.00614
7375.43930	0.00746
7373.51057	0.00905
7371.58185	0.00835
7369.65312	0.00619
7367.72440	0.00734
7365.79568	0.01220
7363.86695	0.01321
7361.93823	0.00793
7360.00951	0.00418
7358.08078	0.00553
7356.15206	0.00477
7354.22334	-0.00056
7352.29461	-0.00192
7350.36589	0.00361
7348.43716	0.00972
7346.50844	0.01184
7344.57972	0.01080
7342.65099	0.00909
7340.72227	0.00805
7338.79355	0.00772
7336.86482	0.00713
7334.93610	0.00689
7333.00737	0.00959
7331.07865	0.01466
7329.14993	0.01777
7327.22120	0.01638
7325.29248	0.01198
7323.36376	0.00756
7321.43503	0.00467
7319.50631	0.00295
7317.57759	0.00263
7315.64886	0.00445
7313.72014	0.00726
7311.79141	0.00829
7309.86269	0.00663
7307.93397	0.00462
7306.00524	0.00341
7304.07652	0.00182
7302.14780	0.00057
7300.21907	0.00121
7298.29035	0.00251
7296.36163	0.00256
7294.43290	0.00292
7292.50418	0.00622
7290.57545	0.01093
7288.64673	0.01243
7286.71801	0.00898
7284.78928	0.00357
7282.86056	0.00088
7280.93184	0.00265
7279.00311	0.00558
7277.07439	0.00630
7275.14566	0.00610
7273.21694	0.00627
7271.28822	0.00425
7269.35949	-0.00062
7267.43077	-0.00367
7265.50205	-0.00279
7263.57332	-0.00109
7261.64460	-0.00002
7259.71588	0.00156
7257.78715	0.00413
7255.85843	0.00674
7253.92970	0.00708
7252.00098	0.00483
7250.07226	0.00302
7248.14353	0.00164
7246.21481	-0.00144
7244.28609	-0.00425
7242.35736	-0.00503
7240.42864	-0.00499
7238.49992	-0.00379
7236.57119	-0.00079
7234.64247	0.00285
7232.71374	0.00515
7230.78502	0.00484
7228.85630	0.00302
7226.92757	0.00114
7224.99885	-0.00057
7223.07013	-0.00168
7221.14140	-0.00167
7219.21268	-0.00172
7217.28396	-0.00316
7215.35523	-0.00471
7213.42651	-0.00481
7211.49778	-0.00359
7209.56906	-0.00147
7207.64034	-0.00021
7205.71161	-0.00224
7203.78289	-0.00614
7201.85417	-0.00774
7199.92544	-0.00652
7197.99672	-0.00582
7196.06799	-0.00678
7194.13927	-0.00634
7192.21055	-0.00328
7190.28182	-0.00060
7188.35310	0.00002
7186.42438	0.00010
7184.49565	0.00100
7182.56693	0.00300
7180.63821	0.00477
7178.70948	0.00455
7176.78076	0.00276
7174.85203	0.00035
7172.92331	-0.00232
7170.99459	-0.00384
7169.06586	-0.00284
7167.13714	-0.00097
7165.20842	-0.00158
7163.27969	-0.00426
7161.35097	-0.00582
7159.42225	-0.00510
7157.49352	-0.00397
7155.56480	-0.00396
7153.63607	-0.00388
7151.70735	-0.00269
7149.77863	-0.00206
7147.84990	-0.00285
7145.92118	-0.00278
7143.99246	-0.00205
7142.06373	-0.00320
7140.13501	-0.00421
7138.20628	-0.00381
7136.27756	-0.00359
7134.34884	-0.00241
7132.42011	-0.00062
7130.49139	-0.00051
7128.56267	-0.00234
7126.63394	-0.00572
7124.70522	-0.00823
7122.77650	-0.00596
7120.84777	-0.00070
7118.91905	0.00178
7116.99032	0.00045
7115.06160	-0.00224
7113.13288	-0.00440
7111.20415	-0.00452
7109.27543	-0.00304
7107.34671	-0.00145
7105.41798	-0.00044
7103.48926	-0.00026
7101.56054	-0.00066
7099.63181	-0.00097
7097.70309	-0.00048
7095.77436	0.00028
7093.84564	-0.00073
7091.91692	-0.00326
7089.98819	-0.00392
7088.05947	-0.00168
7086.13075	0.00026
7084.20202	-0.00025
7082.27330	-0.00146
7080.34457	-0.00198
7078.41585	-0.00319
7076.48713	-0.00528
7074.55840	-0.00650
7072.62968	-0.00733
7070.70096	-0.00821
7068.77223	-0.00612
7066.84351	-0.00139
7064.91479	0.00080
7062.98606	0.00038
7061.05734	0.00158
7059.12861	0.00417
7057.19989	0.00470
7055.27117	0.00261
7053.34244	0.00023
7051.41372	-0.00062
7049.48500	0.00074
7047.55627	0.00291
7045.62755	0.00265
7043.69883	-0.00007
7041.77010	-0.00223
7039.84138	-0.00294
7037.91265	-0.00314
7035.98393	-0.00411
7034.05521	-0.00599
7032.12648	-0.00623
7030.19776	-0.00441
7028.26904	-0.00324
7026.34031	-0.00240
7024.41159	-0.00091
7022.48286	0.00020
7020.55414	0.00066
7018.62542	-0.00001
7016.69669	-0.00160
7014.76797	-0.00219
7012.83925	-0.00107
7010.91052	0.00018
7008.98180	0.00009
7007.05308	0.00054
7005.12435	0.00322
7003.19563	0.00473
7001.26690	0.00228
6999.33818	-0.00155
6997.40946	-0.00305
6995.48073	-0.00188
6993.55201	-0.00115
6991.62329	-0.00371
6989.69456	-0.00682
6987.76584	-0.00529
6985.83712	-0.00133
6983.90839	-0.00023
6981.97967	-0.00076
6980.05094	-0.00015
6978.12222	0.00083
6976.19350	0.00041
6974.26477	-0.00186
6972.33605	-0.00336
6970.40733	-0.00194
6968.47860	-0.00036
6966.54988	-0.00187
6964.62115	-0.00526
6962.69243	-0.00650
6960.76371	-0.00427
6958.83498	-0.00151
6956.90626	-0.00017
6954.97754	0.00042
6953.04881	0.00039
6951.12009	-0.00079
6949.19137	-0.00217
6947.26264	-0.00245
6945.33392	-0.00303
6943.40519	-0.00475
6941.47647	-0.00513
6939.54775	-0.00316
6937.61902	-0.00193
6935.69030	-0.00339
6933.76158	-0.00442
6931.83285	-0.00243
6929.90413	0.00050
6927.97541	0.00186
6926.04668	0.00101
6924.11796	-0.00101
6922.18923	-0.00193
6920.26051	-0.00109
6918.33179	0.00011
6916.40306	0.00065
6914.47434	0.00083
6912.54562	0.00134
6910.61689	0.00214
6908.68817	0.00203
6906.75944	-0.00032
6904.83072	-0.00341
6902.90200	-0.00375
6900.97327	-0.00157
6899.04455	-0.00031
6897.11583	-0.00118
6895.18710	-0.00209
6893.25838	-0.00113
6891.32966	0.00092
6889.40093	0.00192
6887.47221	0.00202
6885.54348	0.00332
6883.61476	0.00585
6881.68604	0.00738
6879.75731	0.00691
6877.82859	0.00508
6875.89987	0.00296
6873.97114	0.00092
6872.04242	-0.00125
6870.11370	-0.00292
6868.18497	-0.00321
6866.25625	-0.00205
6864.32752	0.00011
6862.39880	0.00215
6860.47008	0.00285
6858.54135	0.00196
6856.61263	0.00038
6854.68391	-0.00104
6852.75518	-0.00149
6850.82646	-0.00079
6848.89773	-0.00038
6846.96901	-0.00083
6845.04029	-0.00127
6843.11156	-0.00149
6841.18284	-0.00129
6839.25412	-0.00003
6837.32539	0.00158
6835.39667	0.00216
6833.46795	0.00131
6831.53922	0.00004
6829.61050	-0.00107
6827.68177	-0.00180
6825.75305	-0.00042
6823.82433	0.00329
6821.89560	0.00534
6819.96688	0.00390
6818.03816	0.00328
6816.10943	0.00561
6814.18071	0.00721
6812.25199	0.00673
6810.32326	0.00545
6808.39454	0.00313
6806.46581	0.00097
6804.53709	-0.00008
6802.60837	-0.00157
6800.67964	-0.00315
6798.75092	-0.00317
6796.82220	-0.00167
6794.89347	0.00069
6792.96475	0.00239
6791.03603	0.00217
6789.10730	0.00156
6787.17858	0.00179
6785.24985	0.00109
6783.32113	-0.00100
6781.39241	-0.00219
6779.46368	-0.00100
6777.53496	0.00127
6775.60624	0.00197
6773.67751	0.00042
6771.74879	-0.00172
6769.82006	-0.00284
6767.89134	-0.00266
6765.96262	-0.00150
6764.03389	0.00083
6762.10517	0.00353
6760.17645	0.00459
6758.24772	0.00395
6756.31900	0.00336
6754.39028	0.00223
6752.46155	-0.00088
6750.53283	-0.00324
6748.60410	-0.00234
6746.67538	-0.00029
6744.74666	0.00097
6742.81793	0.00083
6740.88921	-0.00089
6738.96049	-0.00234
6737.03176	-0.00245
6735.10304	-0.00220
6733.17432	-0.00229
6731.24559	-0.00262
6729.31687	-0.00277
6727.38814	-0.00227
6725.45942	-0.00137
6723.53070	-0.00045
6721.60197	-0.00059
6719.67325	-0.00297
6717.74453	-0.00559
6715.81580	-0.00577
6713.88708	-0.00385
6711.95835	-0.00140
6710.02963	0.00001
6708.10091	-0.00021
6706.17218	-0.00128
6704.24346	-0.00226
6702.31474	-0.00319
6700.38601	-0.00493
6698.45729	-0.00618
6696.52857	-0.00503
6694.59984	-0.00345
6692.67112	-0.00336
6690.74239	-0.00418
6688.81367	-0.00528
6686.88495	-0.00563
6684.95622	-0.00486
6683.02750	-0.00401
6681.09878	-0.00337
6679.17005	-0.00367
6677.24133	-0.00583
6675.31261	-0.00701
6673.38388	-0.00499
6671.45516	-0.00324
6669.52643	-0.00434
6667.59771	-0.00634
6665.66899	-0.00698
6663.74026	-0.00585
6661.81154	-0.00349
6659.88282	-0.00153
6657.95409	-0.00208
6656.02537	-0.00438
6654.09664	-0.00542
6652.16792	-0.00477
6650.23920	-0.00417
6648.31047	-0.00379
6646.38175	-0.00292
6644.45303	-0.00211
6642.52430	-0.00178
6640.59558	-0.00168
6638.66686	-0.00231
6636.73813	-0.00368
6634.80941	-0.00440
6632.88068	-0.00356
6630.95196	-0.00136
6629.02324	0.00033
6627.09451	-0.00131
6625.16579	-0.00489
6623.23707	-0.00625
6621.30834	-0.00525
6619.37962	-0.00425
6617.45090	-0.00394
6615.52217	-0.00385
6613.59345	-0.00352
6611.66472	-0.00254
6609.73600	-0.00135
6607.80728	-0.00140
6605.87855	-0.00210
6603.94983	-0.00186
6602.02111	-0.00125
6600.09238	-0.00120
6598.16366	-0.00180
6596.23493	-0.00335
6594.30621	-0.00588
6592.37749	-0.00823
6590.44876	-0.00899
6588.52004	-0.00801
6586.59132	-0.00622
6584.66259	-0.00496
6582.73387	-0.00420
6580.80515	-0.00304
6578.87642	-0.00257
6576.94770	-0.00377
6575.01897	-0.00471
6573.09025	-0.00405
6571.16153	-0.00373
6569.23280	-0.00452
6567.30408	-0.00392
6565.37536	-0.00217
6563.44663	-0.00268
6561.51791	-0.00425
6559.58919	-0.00348
6557.66046	-0.00194
6555.73174	-0.00152
6553.80301	-0.00202
6551.87429	-0.00318
6549.94557	-0.00320
6548.01684	-0.00242
6546.08812	-0.00353
6544.15940	-0.00465
6542.23067	-0.00324
6540.30195	-0.00201
6538.37322	-0.00207
6536.44450	-0.00098
6534.51578	0.00061
6532.58705	0.00115
6530.65833	0.00130
6528.72961	0.00057
6526.80088	-0.00149
6524.87216	-0.00341
6522.94344	-0.00392
6521.01471	-0.00275
6519.08599	-0.00126
6517.15726	-0.00136
6515.22854	-0.00263
6513.29982	-0.00301
6511.37109	-0.00202
6509.44237	-0.00109
6507.51365	-0.00075
6505.58492	-0.00135
6503.65620	-0.00371
6501.72748	-0.00522
6499.79875	-0.00352
6497.87003	-0.00193
6495.94130	-0.00299
6494.01258	-0.00417
6492.08386	-0.00355
6490.15513	-0.00246
6488.22641	-0.00221
6486.29769	-0.00289
6484.36896	-0.00395
6482.44024	-0.00432
6480.51151	-0.00394
6478.58279	-0.00385
6476.65407	-0.00400
6474.72534	-0.00336
6472.79662	-0.00223
6470.86790	-0.00192
6468.93917	-0.00147
6467.01045	0.00030
6465.08173	0.00183
6463.15300	0.00221
6461.22428	0.00216
6459.29555	0.00107
6457.36683	-0.00161
6455.43811	-0.00389
6453.50938	-0.00387
6451.58066	-0.00212
6449.65194	-0.00078
6447.72321	-0.00141
6445.79449	-0.00240
6443.86577	-0.00132
6441.93704	0.00070
6440.00832	0.00126
6438.07959	0.00048
6436.15087	-0.00030
6434.22215	-0.00118
6432.29342	-0.00244
6430.36470	-0.00284
6428.43598	-0.00127
6426.50725	0.00104
6424.57853	0.00183
6422.64980	0.00117
6420.72108	0.00055
6418.79236	0.00039
6416.86363	0.00054
6414.93491	0.00104
6413.00619	0.00167
6411.07746	0.00123
6409.14874	-0.00016
6407.22002	-0.00052
6405.29129	0.00004
6403.36257	0.00022
6401.43384	-0.00020
6399.50512	-0.00117
6397.57640	-0.00215
6395.64767	-0.00226
6393.71895	-0.00140
6391.79023	-0.00031
6389.86150	-0.00022
6387.93278	-0.00105
6386.00406	-0.00143
6384.07533	-0.00135
6382.14661	-0.00123
6380.21788	-0.00060
6378.28916	-0.00009
6376.36044	-0.00117
6374.43171	-0.00354
6372.50299	-0.00531
6370.57427	-0.00494
6368.64554	-0.00294
6366.71682	-0.00139
6364.78810	-0.00102
6362.85937	-0.00108
6360.93065	-0.00144
6359.00192	-0.00157
6357.07320	-0.00073
6355.14448	0.00013
6353.21575	0.00049
6351.28703	0.00107
6349.35831	0.00155
6347.42958	0.00066
6345.50086	-0.00174
6343.57213	-0.00392
6341.64341	-0.00440
6339.71469	-0.00346
6337.78596	-0.00224
6335.85724	-0.00180
6333.92852	-0.00183
6331.99979	-0.00182
6330.07107	-0.00214
6328.14235	-0.00217
6326.21362	-0.00156
6324.28490	-0.00099
6322.35617	-0.00087
6320.42745	-0.00125
6318.49873	-0.00144
6316.57000	-0.00128
6314.64128	-0.00131
6312.71256	-0.00158
6310.78383	-0.00204
6308.85511	-0.00222
6306.92639	-0.00170
6304.99766	-0.00110
6303.06894	-0.00074
6301.14021	-0.00023
6299.21149	0.00000
6297.28277	-0.00103
6295.35404	-0.00282
6293.42532	-0.00384
6291.49660	-0.00349
6289.56787	-0.00278
6287.63915	-0.00278
6285.71042	-0.00354
6283.78170	-0.00385
6281.85298	-0.00307
6279.92425	-0.00244
6277.99553	-0.00280
6276.06681	-0.00387
6274.13808	-0.00476
6272.20936	-0.00436
6270.28064	-0.00284
6268.35191	-0.00128
6266.42319	-0.00053
6264.49446	-0.00069
6262.56574	-0.00121
6260.63702	-0.00167
6258.70829	-0.00192
6256.77957	-0.00202
6254.85085	-0.00232
6252.92212	-0.00313
6250.99340	-0.00435
6249.06468	-0.00536
6247.13595	-0.00524
6245.20723	-0.00435
6243.27850	-0.00375
6241.34978	-0.00274
6239.42106	-0.00074
6237.49233	0.00064
6235.56361	0.00026
6233.63489	-0.00109
6231.70616	-0.00239
6229.77744	-0.00251
6227.84871	-0.00118
6225.91999	-0.00049
6223.99127	-0.00156
6222.06254	-0.00258
6220.13382	-0.00236
6218.20510	-0.00152
6216.27637	-0.00104
6214.34765	-0.00100
6212.41893	-0.00059
6210.49020	-0.00001
6208.56148	-0.00070
6206.63275	-0.00276
6204.70403	-0.00417
6202.77531	-0.00376
6200.84658	-0.00258
6198.91786	-0.00164
6196.98914	-0.00116
6195.06041	-0.00110
6193.13169	-0.00125
6191.20297	-0.00215
6189.27424	-0.00360
6187.34552	-0.00367
6185.41679	-0.00213
6183.48807	-0.00088
6181.55935	-0.00128
6179.63062	-0.00323
6177.70190	-0.00494
6175.77318	-0.00441
6173.84445	-0.00223
6171.91573	-0.00071
6169.98700	-0.00071
6168.05828	-0.00127
6166.12956	-0.00193
6164.20083	-0.00261
6162.27211	-0.00218
6160.34339	-0.00090
6158.41466	-0.00071
6156.48594	-0.00176
6154.55722	-0.00263
6152.62849	-0.00228
6150.69977	-0.00100
6148.77104	-0.00070
6146.84232	-0.00199
6144.91360	-0.00286
6142.98487	-0.00210
6141.05615	-0.00142
6139.12743	-0.00237
6137.19870	-0.00368
6135.26998	-0.00397
6133.34126	-0.00359
6131.41253	-0.00322
6129.48381	-0.00326
6127.55508	-0.00368
6125.62636	-0.00379
6123.69764	-0.00365
6121.76891	-0.00411
6119.84019	-0.00477
6117.91147	-0.00480
6115.98274	-0.00431
6114.05402	-0.00396
6112.12529	-0.00391
6110.19657	-0.00355
6108.26785	-0.00294
6106.33912	-0.00228
6104.41040	-0.00146
6102.48168	-0.00122
6100.55295	-0.00218
6098.62423	-0.00323
6096.69551	-0.00328
6094.76678	-0.00341
6092.83806	-0.00472
6090.90933	-0.00580
6088.98061	-0.00529
6087.05189	-0.00427
6085.12316	-0.00409
6083.19444	-0.00400
6081.26572	-0.00319
6079.33699	-0.00268
6077.40827	-0.00320
6075.47955	-0.00401
6073.55082	-0.00472
6071.62210	-0.00498
6069.69337	-0.00428
6067.76465	-0.00345
6065.83593	-0.00342
6063.90720	-0.00373
6061.97848	-0.00370
6060.04976	-0.00322
6058.12103	-0.00296
6056.19231	-0.00324
6054.26358	-0.00324
6052.33486	-0.00303
6050.40614	-0.00339
6048.47741	-0.00394
6046.54869	-0.00433
6044.61997	-0.00459
6042.69124	-0.00423
6040.76252	-0.00372
6038.83380	-0.00387
6036.90507	-0.00432
6034.97635	-0.00452
6033.04762	-0.00447
6031.11890	-0.00449
6029.19018	-0.00467
6027.26145	-0.00431
6025.33273	-0.00340
6023.40401	-0.00291
6021.47528	-0.00287
6019.54656	-0.00323
6017.61784	-0.00434
6015.68911	-0.00512
6013.76039	-0.00472
6011.83166	-0.00415
6009.90294	-0.00413
6007.97422	-0.00422
6006.04549	-0.00407
6004.11677	-0.00403
6002.18805	-0.00458
6000.25932	-0.00545
5998.33060	-0.00558
5996.40187	-0.00495
5994.47315	-0.00455
5992.54443	-0.00431
5990.61570	-0.00390
5988.68698	-0.00359
5986.75826	-0.00328
5984.82953	-0.00302
5982.90081	-0.00315
5980.97209	-0.00318
5979.04336	-0.00289
5977.11464	-0.00312
5975.18591	-0.00370
5973.25719	-0.00381
5971.32847	-0.00401
5969.39974	-0.00473
5967.47102	-0.00495
5965.54230	-0.00458
5963.61357	-0.00459
5961.68485	-0.00437
5959.75613	-0.00321
5957.82740	-0.00249
5955.89868	-0.00311
5953.96995	-0.00413
5952.04123	-0.00456
5950.11251	-0.00412
5948.18378	-0.00332
5946.25506	-0.00315
5944.32634	-0.00350
5942.39761	-0.00372
5940.46889	-0.00379
5938.54017	-0.00355
5936.61144	-0.00316
5934.68272	-0.00335
5932.75399	-0.00387
5930.82527	-0.00409
5928.89655	-0.00411
5926.96782	-0.00449
5925.03910	-0.00545
5923.11038	-0.00632
5921.18165	-0.00640
5919.25293	-0.00565
5917.32420	-0.00474
5915.39548	-0.00413
5913.46676	-0.00369
5911.53803	-0.00381
5909.60931	-0.00429
5907.68059	-0.00427
5905.75186	-0.00434
5903.82314	-0.00530
5901.89442	-0.00630
5899.96569	-0.00619
5898.03697	-0.00537
5896.10824	-0.00511
5894.17952	-0.00561
5892.25080	-0.00607
5890.32207	-0.00557
5888.39335	-0.00418
5886.46463	-0.00327
5884.53590	-0.00372
5882.60718	-0.00463
5880.67846	-0.00478
5878.74973	-0.00419
5876.82101	-0.00357
5874.89228	-0.00330
5872.96356	-0.00336
5871.03484	-0.00353
5869.10611	-0.00350
5867.17739	-0.00329
5865.24867	-0.00339
5863.31994	-0.00378
5861.39122	-0.00395
5859.46249	-0.00410
5857.53377	-0.00433
5855.60505	-0.00433
5853.67632	-0.00445
5851.74760	-0.00490
5849.81888	-0.00511
5847.89015	-0.00498
5845.96143	-0.00496
5844.03271	-0.00540
5842.10398	-0.00589
5840.17526	-0.00541
5838.24653	-0.00412
5836.31781	-0.00346
5834.38909	-0.00378
5832.46036	-0.00416
5830.53164	-0.00448
5828.60292	-0.00507
5826.67419	-0.00550
5824.74547	-0.00551
5822.81675	-0.00568
5820.88802	-0.00603
5818.95930	-0.00601
5817.03057	-0.00577
5815.10185	-0.00548
5813.17313	-0.00490
5811.24440	-0.00452
5809.31568	-0.00483
5807.38696	-0.00525
5805.45823	-0.00492
5803.52951	-0.00389
5801.60078	-0.00342
5799.67206	-0.00431
5797.74334	-0.00556
5795.81461	-0.00570
5793.88589	-0.00484
5791.95717	-0.00439
5790.02844	-0.00498
5788.09972	-0.00561
5786.17100	-0.00551
5784.24227	-0.00521
5782.31355	-0.00500
5780.38482	-0.00471
5778.45610	-0.00455
5776.52738	-0.00451
5774.59865	-0.00460
5772.66993	-0.00499
5770.74121	-0.00522
5768.81248	-0.00493
5766.88376	-0.00495
5764.95504	-0.00556
5763.02631	-0.00584
5761.09759	-0.00552
5759.16886	-0.00500
5757.24014	-0.00443
5755.31142	-0.00424
5753.38269	-0.00476
5751.45397	-0.00515
5749.52525	-0.00485
5747.59652	-0.00467
5745.66780	-0.00505
5743.73907	-0.00529
5741.81035	-0.00520
5739.88163	-0.00514
5737.95290	-0.00508
5736.02418	-0.00482
5734.09546	-0.00419
5732.16673	-0.00344
5730.23801	-0.00324
5728.30929	-0.00327
5726.38056	-0.00323
5724.45184	-0.00349
5722.52311	-0.00367
5720.59439	-0.00348
5718.66567	-0.00352
5716.73694	-0.00399
5714.80822	-0.00473
5712.87950	-0.00550
5710.95077	-0.00553
5709.02205	-0.00481
5707.09333	-0.00465
5705.16460	-0.00505
5703.23588	-0.00489
5701.30715	-0.00459
5699.37843	-0.00487
5697.44971	-0.00508
5695.52098	-0.00474
5693.59226	-0.00406
5691.66354	-0.00290
5689.73481	-0.00169
5687.80609	-0.00169
5685.87736	-0.00254
5683.94864	-0.00283
5682.01992	-0.00297
5680.09119	-0.00402
5678.16247	-0.00542
5676.23375	-0.00601
5674.30502	-0.00568
5672.37630	-0.00524
5670.44758	-0.00516
5668.51885	-0.00515
5666.59013	-0.00497
5664.66140	-0.00501
5662.73268	-0.00520
5660.80396	-0.00506
5658.87523	-0.00472
5656.94651	-0.00420
5655.01779	-0.00353
5653.08906	-0.00344
5651.16034	-0.00423
5649.23162	-0.00512
5647.30289	-0.00533
5645.37417	-0.00494
5643.44544	-0.00453
5641.51672	-0.00447
5639.58800	-0.00489
5637.65927	-0.00540
5635.73055	-0.00536
5633.80183	-0.00500
5631.87310	-0.00509
5629.94438	-0.00566
5628.01565	-0.00557
5626.08693	-0.00426
5624.15821	-0.00324
5622.22948	-0.00368
5620.30076	-0.00501
5618.37204	-0.00625
5616.44331	-0.00646
5614.51459	-0.00539
5612.58587	-0.00441
5610.65714	-0.00442
5608.72842	-0.00466
5606.79969	-0.00452
5604.87097	-0.00422
5602.94225	-0.00402
5601.01352	-0.00410
5599.08480	-0.00487
5597.15608	-0.00597
5595.22735	-0.00653
5593.29863	-0.00647
5591.36991	-0.00618
5589.44118	-0.00582
5587.51246	-0.00537
5585.58373	-0.00500
5583.65501	-0.00517
5581.72629	-0.00567
5579.79756	-0.00583
5577.86884	-0.00570
5575.94012	-0.00559
5574.01139	-0.00565
5572.08267	-0.00604
5570.15394	-0.00662
5568.22522	-0.00703
5566.29650	-0.00715
5564.36777	-0.00678
5562.43905	-0.00611
5560.51033	-0.00598
5558.58160	-0.00646
5556.65288	-0.00686
5554.72416	-0.00678
5552.79543	-0.00652
5550.86671	-0.00665
5548.93798	-0.00702
5547.00926	-0.00700
5545.08054	-0.00670
5543.15181	-0.00672
5541.22309	-0.00687
5539.29437	-0.00670
5537.36564	-0.00645
5535.43692	-0.00642
5533.50820	-0.00648
5531.57947	-0.00645
5529.65075	-0.00638
5527.72202	-0.00642
5525.79330	-0.00659
5523.86458	-0.00680
5521.93585	-0.00710
5520.00713	-0.00739
5518.07841	-0.00770
5516.14968	-0.00814
5514.22096	-0.00825
5512.29224	-0.00768
5510.36351	-0.00689
5508.43479	-0.00662
5506.50606	-0.00704
5504.57734	-0.00740
5502.64862	-0.00710
5500.71989	-0.00647
5498.79117	-0.00619
5496.86245	-0.00639
5494.93372	-0.00662
5493.00500	-0.00677
5491.07627	-0.00690
5489.14755	-0.00692
5487.21883	-0.00701
5485.29010	-0.00723
5483.36138	-0.00733
5481.43266	-0.00745
5479.50393	-0.00777
5477.57521	-0.00794
5475.64649	-0.00772
5473.71776	-0.00746
5471.78904	-0.00728
5469.86031	-0.00676
5467.93159	-0.00614
5466.00287	-0.00617
5464.07414	-0.00660
5462.14542	-0.00679
5460.21670	-0.00691
5458.28797	-0.00718
5456.35925	-0.00741
5454.43053	-0.00748
5452.50180	-0.00741
5450.57308	-0.00726
5448.64435	-0.00704
5446.71563	-0.00682
5444.78691	-0.00671
5442.85818	-0.00656
5440.92946	-0.00613
5439.00074	-0.00579
5437.07201	-0.00588
5435.14329	-0.00609
5433.21456	-0.00619
5431.28584	-0.00636
5429.35712	-0.00654
5427.42839	-0.00656
5425.49967	-0.00648
5423.57095	-0.00635
5421.64222	-0.00622
5419.71350	-0.00625
5417.78478	-0.00649
5415.85605	-0.00657
5413.92733	-0.00642
5411.99860	-0.00663
5410.06988	-0.00743
5408.14116	-0.00803
5406.21243	-0.00783
5404.28371	-0.00717
5402.35499	-0.00675
5400.42626	-0.00675
5398.49754	-0.00686
5396.56882	-0.00699
5394.64009	-0.00723
5392.71137	-0.00753
5390.78264	-0.00793
5388.85392	-0.00837
5386.92520	-0.00862
5384.99647	-0.00862
5383.06775	-0.00840
5381.13903	-0.00808
5379.21030	-0.00777
5377.28158	-0.00766
5375.35285	-0.00803
5373.42413	-0.00860
5371.49541	-0.00868
5369.56668	-0.00835
5367.63796	-0.00818
5365.70924	-0.00840
5363.78051	-0.00866
5361.85179	-0.00858
5359.92307	-0.00834
5357.99434	-0.00841
5356.06562	-0.00889
5354.13689	-0.00939
5352.20817	-0.00950
5350.27945	-0.00923
5348.35072	-0.00888
5346.42200	-0.00871
5344.49328	-0.00893
5342.56455	-0.00959
5340.63583	-0.01001
5338.70711	-0.00970
5336.77838	-0.00939
5334.84966	-0.00975
5332.92093	-0.01034
5330.99221	-0.01066
5329.06349	-0.01068
5327.13476	-0.01048
5325.20604	-0.01015
5323.27732	-0.00984
5321.34859	-0.00974
5319.41987	-0.00978
5317.49114	-0.00981
5315.56242	-0.00981
5313.63370	-0.00977
5311.70497	-0.00982
5309.77625	-0.01006
5307.84753	-0.01050
5305.91880	-0.01075
5303.99008	-0.01030
5302.06136	-0.00952
5300.13263	-0.00937
5298.20391	-0.00979
5296.27518	-0.00987
5294.34646	-0.00942
5292.41774	-0.00915
5290.48901	-0.00939
5288.56029	-0.00978
5286.63157	-0.00990
5284.70284	-0.00945
5282.77412	-0.00861
5280.84540	-0.00806
5278.91667	-0.00793
5276.98795	-0.00797
5275.05922	-0.00827
5273.13050	-0.00878
5271.20178	-0.00905
5269.27305	-0.00900
5267.34433	-0.00904
5265.41561	-0.00919
5263.48688	-0.00918
5261.55816	-0.00894
5259.62943	-0.00857
5257.70071	-0.00826
5255.77199	-0.00811
5253.84326	-0.00795
5251.91454	-0.00783
5249.98582	-0.00787
5248.05709	-0.00789
5246.12837	-0.00756
5244.19965	-0.00709
5242.27092	-0.00693
5240.34220	-0.00687
5238.41347	-0.00660
5236.48475	-0.00645
5234.55603	-0.00671
5232.62730	-0.00713
5230.69858	-0.00753
5228.76986	-0.00773
5226.84113	-0.00742
5224.91241	-0.00685
5222.98369	-0.00656
5221.05496	-0.00628
5219.12624	-0.00565
5217.19751	-0.00516
5215.26879	-0.00525
5213.34007	-0.00561
5211.41134	-0.00580
5209.48262	-0.00575
5207.55390	-0.00576
5205.62517	-0.00599
5203.69645	-0.00606
5201.76772	-0.00578
5199.83900	-0.00550
5197.91028	-0.00539
5195.98155	-0.00524
5194.05283	-0.00532
5192.12411	-0.00570
5190.19538	-0.00607
5188.26666	-0.00627
5186.33794	-0.00618
5184.40921	-0.00613
5182.48049	-0.00647
5180.55176	-0.00703
5178.62304	-0.00738
5176.69432	-0.00721
5174.76559	-0.00679
5172.83687	-0.00653
5170.90815	-0.00646
5168.97942	-0.00664
5167.05070	-0.00693
5165.12198	-0.00704
5163.19325	-0.00712
5161.26453	-0.00730
5159.33580	-0.00731
5157.40708	-0.00705
5155.47836	-0.00673
5153.54963	-0.00670
5151.62091	-0.00705
5149.69219	-0.00721
5147.76346	-0.00699
5145.83474	-0.00687
5143.90601	-0.00704
5141.97729	-0.00721
5140.04857	-0.00709
5138.11984	-0.00675
5136.19112	-0.00652
5134.26240	-0.00656
5132.33367	-0.00674
5130.40495	-0.00702
5128.47623	-0.00745
5126.54750	-0.00770
5124.61878	-0.00751
5122.69005	-0.00716
5120.76133	-0.00689
5118.83261	-0.00665
5116.90388	-0.00650
5114.97516	-0.00644
5113.04644	-0.00644
5111.11771	-0.00643
5109.18899	-0.00625
5107.26027	-0.00597
5105.33154	-0.00586
5103.40282	-0.00602
5101.47409	-0.00627
5099.54537	-0.00667
5097.61665	-0.00710
5095.68792	-0.00704
5093.75920	-0.00662
5091.83048	-0.00654
5089.90175	-0.00676
5087.97303	-0.00699
5086.04431	-0.00701
5084.11558	-0.00682
5082.18686	-0.00683
5080.25813	-0.00733
5078.32941	-0.00789
5076.40069	-0.00787
5074.47196	-0.00739
5072.54324	-0.00696
5070.61452	-0.00674
5068.68579	-0.00657
5066.75707	-0.00645
5064.82834	-0.00662
5062.89962	-0.00713
5060.97090	-0.00759
5059.04217	-0.00755
5057.11345	-0.00718
5055.18473	-0.00707
5053.25600	-0.00730
5051.32728	-0.00767
5049.39856	-0.00794
5047.46983	-0.00786
5045.54111	-0.00753
5043.61238	-0.00732
5041.68366	-0.00735
5039.75494	-0.00747
5037.82621	-0.00761
5035.89749	-0.00776
5033.96877	-0.00769
5032.04004	-0.00735
5030.11132	-0.00703
5028.18260	-0.00704
5026.25387	-0.00755
5024.32515	-0.00834
5022.39642	-0.00875
5020.46770	-0.00855
5018.53898	-0.00813
5016.61025	-0.00778
5014.68153	-0.00757
5012.75281	-0.00751
5010.82408	-0.00748
5008.89536	-0.00746
5006.96663	-0.00756
5005.03791	-0.00777
5003.10919	-0.00790
5001.18046	-0.00796
4999.25174	-0.00791
4997.32302	-0.00769
4995.39429	-0.00776
4993.46557	-0.00835
4991.53685	-0.00879
4989.60812	-0.00866
4987.67940	-0.00826
4985.75067	-0.00783
4983.82195	-0.00770
4981.89323	-0.00791
4979.96450	-0.00800
4978.03578	-0.00787
4976.10706	-0.00793
4974.17833	-0.00827
4972.24961	-0.00837
4970.32089	-0.00818
4968.39216	-0.00828
4966.46344	-0.00868
4964.53471	-0.00909
4962.60599	-0.00936
4960.67727	-0.00916
4958.74854	-0.00857
4956.81982	-0.00811
4954.89110	-0.00787
4952.96237	-0.00779
4951.03365	-0.00797
4949.10492	-0.00835
4947.17620	-0.00871
4945.24748	-0.00890
4943.31875	-0.00880
4941.39003	-0.00849
4939.46131	-0.00835
4937.53258	-0.00849
4935.60386	-0.00864
4933.67514	-0.00860
4931.74641	-0.00853
4929.81769	-0.00861
4927.88896	-0.00867
4925.96024	-0.00868
4924.03152	-0.00876
4922.10279	-0.00875
4920.17407	-0.00867
4918.24535	-0.00847
4916.31662	-0.00819
4914.38790	-0.00836
4912.45918	-0.00891
4910.53045	-0.00923
4908.60173	-0.00912
4906.67300	-0.00879
4904.74428	-0.00871
4902.81556	-0.00914
4900.88683	-0.00964
4898.95811	-0.00975
4897.02939	-0.00967
4895.10066	-0.00969
4893.17194	-0.00979
4891.24321	-0.00981
4889.31449	-0.00955
4887.38577	-0.00904
4885.45704	-0.00869
4883.52832	-0.00871
4881.59960	-0.00899
4879.67087	-0.00924
4877.74215	-0.00920
4875.81343	-0.00903
4873.88470	-0.00892
4871.95598	-0.00877
4870.02725	-0.00870
4868.09853	-0.00879
4866.16981	-0.00884
4864.24108	-0.00872
4862.31236	-0.00860
4860.38364	-0.00879
4858.45491	-0.00904
4856.52619	-0.00901
4854.59747	-0.00891
4852.66874	-0.00873
4850.74002	-0.00847
4848.81129	-0.00836
4846.88257	-0.00846
4844.95385	-0.00869
4843.02512	-0.00905
4841.09640	-0.00930
4839.16768	-0.00914
4837.23895	-0.00893
4835.31023	-0.00905
4833.38150	-0.00917
4831.45278	-0.00896
4829.52406	-0.00872
4827.59533	-0.00889
4825.66661	-0.00930
4823.73789	-0.00949
4821.80916	-0.00939
4819.88044	-0.00921
4817.95172	-0.00905
4816.02299	-0.00902
4814.09427	-0.00910
4812.16554	-0.00900
4810.23682	-0.00895
4808.30810	-0.00921
4806.37937	-0.00934
4804.45065	-0.00917
4802.52193	-0.00912
4800.59320	-0.00946
4798.66448	-0.00986
4796.73576	-0.00987
4794.80703	-0.00957
4792.87831	-0.00922
4790.94958	-0.00886
4789.02086	-0.00865
4787.09214	-0.00878
4785.16341	-0.00904
4783.23469	-0.00916
4781.30597	-0.00919
4779.37724	-0.00917
4777.44852	-0.00918
4775.51979	-0.00938
4773.59107	-0.00949
4771.66235	-0.00926
4769.73362	-0.00895
4767.80490	-0.00877
4765.87618	-0.00869
4763.94745	-0.00869
4762.01873	-0.00884
4760.09001	-0.00894
4758.16128	-0.00896
4756.23256	-0.00929
4754.30383	-0.00971
4752.37511	-0.00959
4750.44639	-0.00909
4748.51766	-0.00880
4746.58894	-0.00879
4744.66022	-0.00884
4742.73149	-0.00897
4740.80277	-0.00918
4738.87405	-0.00934
4736.94532	-0.00921
4735.01660	-0.00885
4733.08787	-0.00869
4731.15915	-0.00887
4729.23043	-0.00916
4727.30170	-0.00925
4725.37298	-0.00907
4723.44426	-0.00895
4721.51553	-0.00912
4719.58681	-0.00942
4717.65808	-0.00947
4715.72936	-0.00927
4713.80064	-0.00916
4711.87191	-0.00930
4709.94319	-0.00936
4708.01447	-0.00906
4706.08574	-0.00872
4704.15702	-0.00870
4702.22830	-0.00869
4700.29957	-0.00851
4698.37085	-0.00853
4696.44212	-0.00880
4694.51340	-0.00896
4692.58468	-0.00892
4690.65595	-0.00870
4688.72723	-0.00844
4686.79851	-0.00836
4684.86978	-0.00847
4682.94106	-0.00862
4681.01234	-0.00892
4679.08361	-0.00931
4677.15489	-0.00938
4675.22616	-0.00920
4673.29744	-0.00923
4671.36872	-0.00920
4669.43999	-0.00888
4667.51127	-0.00872
4665.58255	-0.00879
4663.65382	-0.00872
4661.72510	-0.00856
4659.79638	-0.00856
4657.86765	-0.00872
4655.93893	-0.00899
4654.01020	-0.00924
4652.08148	-0.00917
4650.15276	-0.00883
4648.22403	-0.00863
4646.29531	-0.00880
4644.36659	-0.00914
4642.43786	-0.00923
4640.50914	-0.00900
4638.58041	-0.00893
4636.65169	-0.00914
4634.72297	-0.00942
4632.79424	-0.00956
4630.86552	-0.00953
4628.93680	-0.00936
4627.00807	-0.00916
4625.07935	-0.00906
4623.15063	-0.00921
4621.22190	-0.00948
4619.29318	-0.00947
4617.36445	-0.00915
4615.43573	-0.00895
4613.50701	-0.00888
4611.57828	-0.00894
4609.64956	-0.00925
4607.72084	-0.00944
4605.79211	-0.00929
4603.86339	-0.00928
4601.93467	-0.00954
4600.00594	-0.00961
4598.07722	-0.00947
4596.14849	-0.00948
4594.21977	-0.00957
4592.29105	-0.00956
4590.36232	-0.00960
4588.43360	-0.00988
4586.50488	-0.01015
4584.57615	-0.01006
4582.64743	-0.00986
4580.71870	-0.00970
4578.78998	-0.00954
4576.86126	-0.00957
4574.93253	-0.00976
4573.00381	-0.00978
4571.07509	-0.00965
4569.14636	-0.00961
4567.21764	-0.00965
4565.28892	-0.00963
4563.36019	-0.00956
4561.43147	-0.00956
4559.50274	-0.00967
4557.57402	-0.00982
4555.64530	-0.00977
4553.71657	-0.00959
4551.78785	-0.00962
4549.85913	-0.00986
4547.93040	-0.00990
4546.00168	-0.00962
4544.07296	-0.00929
4542.14423	-0.00907
4540.21551	-0.00901
4538.28678	-0.00913
4536.35806	-0.00925
4534.42934	-0.00937
4532.50061	-0.00959
4530.57189	-0.00988
4528.64317	-0.01013
4526.71444	-0.01022
4524.78572	-0.01006
4522.85699	-0.00974
4520.92827	-0.00961
4518.99955	-0.00973
4517.07082	-0.00976
4515.14210	-0.00962
4513.21338	-0.00950
4511.28465	-0.00953
4509.35593	-0.00969
4507.42721	-0.00995
4505.49848	-0.01018
4503.56976	-0.01020
4501.64103	-0.01004
4499.71231	-0.00988
4497.78359	-0.00975
4495.85486	-0.00963
4493.92614	-0.00960
4491.99742	-0.00977
4490.06869	-0.01004
4488.13997	-0.01025
4486.21125	-0.01045
4484.28252	-0.01069
4482.35380	-0.01069
4480.42507	-0.01030
4478.49635	-0.00993
4476.56763	-0.00990
4474.63890	-0.00999
4472.71018	-0.00999
4470.78146	-0.01003
4468.85273	-0.01012
4466.92401	-0.01009
4464.99528	-0.01006
4463.06656	-0.01019
4461.13784	-0.01025
4459.20911	-0.01000
4457.28039	-0.00968
4455.35167	-0.00959
4453.42294	-0.00963
4451.49422	-0.00968
4449.56550	-0.00988
4447.63677	-0.01013
4445.70805	-0.01012
4443.77932	-0.00985
4441.85060	-0.00963
4439.92188	-0.00970
4437.99315	-0.00998
4436.06443	-0.01028
4434.13571	-0.01045
4432.20698	-0.01041
4430.27826	-0.01027
4428.34954	-0.01013
4426.42081	-0.00994
4424.49209	-0.00981
4422.56336	-0.00973
4420.63464	-0.00967
4418.70592	-0.00986
4416.77719	-0.01014
4414.84847	-0.01026
4412.91975	-0.01030
4410.99102	-0.01048
4409.06230	-0.01068
4407.13357	-0.01086
4405.20485	-0.01097
4403.27613	-0.01083
4401.34740	-0.01058
4399.41868	-0.01056
4397.48996	-0.01077
4395.56123	-0.01089
4393.63251	-0.01077
4391.70379	-0.01065
4389.77506	-0.01064
4387.84634	-0.01062
4385.91761	-0.01067
4383.98889	-0.01084
4382.06017	-0.01090
4380.13144	-0.01082
4378.20272	-0.01073
4376.27400	-0.01062
4374.34527	-0.01045
4372.41655	-0.01031
4370.48783	-0.01046
4368.55910	-0.01089
4366.63038	-0.01106
4364.70165	-0.01068
4362.77293	-0.01019
4360.84421	-0.00993
4358.91548	-0.00989
4356.98676	-0.00995
4355.05804	-0.01003
4353.12931	-0.01018
4351.20059	-0.01027
4349.27186	-0.01012
4347.34314	-0.00990
4345.41442	-0.00980
4343.48569	-0.00977
4341.55697	-0.00979
4339.62825	-0.00990
4337.69952	-0.00998
4335.77080	-0.01001
4333.84208	-0.01007
4331.91335	-0.01005
4329.98463	-0.00995
4328.05590	-0.00991
4326.12718	-0.00987
4324.19846	-0.00982
4322.26973	-0.00991
4320.34101	-0.01012
4318.41229	-0.01020
4316.48356	-0.01004
4314.55484	-0.00985
4312.62612	-0.00984
4310.69739	-0.00995
4308.76867	-0.01002
4306.83994	-0.01001
4304.91122	-0.00997
4302.98250	-0.01006
4301.05377	-0.01017
4299.12505	-0.01014
4297.19633	-0.01000
4295.26760	-0.00989
4293.33888	-0.00994
4291.41015	-0.01000
4289.48143	-0.00995
4287.55271	-0.00999
4285.62398	-0.01019
4283.69526	-0.01032
4281.76654	-0.01033
4279.83781	-0.01041
4277.90909	-0.01051
4275.98037	-0.01060
4274.05164	-0.01076
4272.12292	-0.01083
4270.19419	-0.01070
4268.26547	-0.01043
4266.33675	-0.01031
4264.40802	-0.01049
4262.47930	-0.01081
4260.55058	-0.01099
4258.62185	-0.01091
4256.69313	-0.01081
4254.76441	-0.01087
4252.83568	-0.01098
4250.90696	-0.01101
4248.97823	-0.01100
4247.04951	-0.01110
4245.12079	-0.01123
4243.19206	-0.01132
4241.26334	-0.01141
4239.33462	-0.01140
4237.40589	-0.01135
4235.47717	-0.01125
4233.54845	-0.01106
4231.61972	-0.01094
4229.69100	-0.01102
4227.76227	-0.01114
4225.83355	-0.01111
4223.90483	-0.01098
4221.97610	-0.01098
4220.04738	-0.01121
4218.11866	-0.01146
4216.18993	-0.01147
4214.26121	-0.01139
4212.33248	-0.01142
4210.40376	-0.01139
4208.47504	-0.01120
4206.54631	-0.01099
4204.61759	-0.01091
4202.68887	-0.01083
4200.76014	-0.01070
4198.83142	-0.01060
4196.90270	-0.01048
4194.97397	-0.01045
4193.04525	-0.01061
4191.11652	-0.01066
4189.18780	-0.01040
4187.25908	-0.01020
4185.33035	-0.01029
4183.40163	-0.01041
4181.47291	-0.01038
4179.54418	-0.01028
4177.61546	-0.01027
4175.68674	-0.01038
4173.75801	-0.01044
4171.82929	-0.01040
4169.90056	-0.01050
4167.97184	-0.01067
4166.04312	-0.01054
4164.11439	-0.01037
4162.18567	-0.01053
4160.25695	-0.01080
4158.32822	-0.01076
4156.39950	-0.01047
4154.47077	-0.01041
4152.54205	-0.01076
4150.61333	-0.01110
4148.68460	-0.01119
4146.75588	-0.01117
4144.82716	-0.01113
4142.89843	-0.01115
4140.96971	-0.01126
4139.04099	-0.01136
4137.11226	-0.01131
4135.18354	-0.01117
4133.25481	-0.01124
4131.32609	-0.01148
4129.39737	-0.01163
4127.46864	-0.01168
4125.53992	-0.01170
4123.61120	-0.01170
4121.68247	-0.01171
4119.75375	-0.01167
4117.82503	-0.01159
4115.89630	-0.01157
4113.96758	-0.01171
4112.03885	-0.01200
4110.11013	-0.01221
4108.18141	-0.01221
4106.25268	-0.01216
4104.32396	-0.01204
4102.39524	-0.01183
4100.46651	-0.01170
4098.53779	-0.01175
4096.60906	-0.01175
4094.68034	-0.01158
4092.75162	-0.01127
4090.82289	-0.01111
4088.89417	-0.01133
4086.96545	-0.01151
4085.03672	-0.01141
4083.10800	-0.01132
4081.17928	-0.01148
4079.25055	-0.01164
4077.32183	-0.01161
4075.39310	-0.01148
4073.46438	-0.01132
4071.53566	-0.01120
4069.60693	-0.01126
4067.67821	-0.01135
4065.74949	-0.01135
4063.82076	-0.01135
4061.89204	-0.01137
4059.96332	-0.01139
4058.03459	-0.01151
4056.10587	-0.01163
4054.17714	-0.01163
4052.24842	-0.01163
4050.31970	-0.01166
4048.39097	-0.01171
4046.46225	-0.01180
4044.53353	-0.01170
4042.60480	-0.01132
4040.67608	-0.01115
4038.74735	-0.01135
4036.81863	-0.01145
4034.88991	-0.01132
4032.96118	-0.01132
4031.03246	-0.01138
4029.10374	-0.01127
4027.17501	-0.01119
4025.24629	-0.01123
4023.31757	-0.01131
4021.38884	-0.01147
4019.46012	-0.01159
4017.53139	-0.01151
4015.60267	-0.01141
4013.67395	-0.01140
4011.74522	-0.01146
4009.81650	-0.01151
4007.88778	-0.01139
4005.95905	-0.01106
4004.03033	-0.01088
4002.10161	-0.01116
4000.17288	-0.01155
3998.24416	-0.01150
3996.31543	-0.01115
3994.38671	-0.01097
3992.45799	-0.01102
3990.52926	-0.01107
3988.60054	-0.01107
3986.67182	-0.01107
3984.74309	-0.01115
3982.81437	-0.01138
3980.88564	-0.01160
3978.95692	-0.01161
3977.02820	-0.01156
3975.09947	-0.01163
3973.17075	-0.01176
3971.24203	-0.01180
3969.31330	-0.01175
3967.38458	-0.01170
3965.45586	-0.01178
3963.52713	-0.01196
3961.59841	-0.01211
3959.66968	-0.01209
3957.74096	-0.01189
3955.81224	-0.01171
3953.88351	-0.01177
3951.95479	-0.01201
3950.02607	-0.01218
3948.09734	-0.01220
3946.16862	-0.01220
3944.23990	-0.01223
3942.31117	-0.01216
3940.38245	-0.01197
3938.45372	-0.01176
3936.52500	-0.01169
3934.59628	-0.01177
3932.66755	-0.01184
3930.73883	-0.01181
3928.81011	-0.01179
3926.88138	-0.01180
3924.95266	-0.01171
3923.02393	-0.01164
3921.09521	-0.01168
3919.16649	-0.01170
3917.23776	-0.01168
3915.30904	-0.01168
3913.38032	-0.01167
3911.45159	-0.01169
3909.52287	-0.01184
3907.59415	-0.01203
3905.66542	-0.01211
3903.73670	-0.01206
3901.80797	-0.01189
3899.87925	-0.01171
3897.95053	-0.01177
3896.02180	-0.01209
3894.09308	-0.01235
3892.16436	-0.01233
3890.23563	-0.01222
3888.30691	-0.01224
3886.37819	-0.01232
3884.44946	-0.01239
3882.52074	-0.01245
3880.59201	-0.01241
3878.66329	-0.01238
3876.73457	-0.01248
3874.80584	-0.01266
3872.87712	-0.01280
3870.94840	-0.01280
3869.01967	-0.01274
3867.09095	-0.01276
3865.16222	-0.01273
3863.23350	-0.01258
3861.30478	-0.01259
3859.37605	-0.01288
3857.44733	-0.01325
3855.51861	-0.01319
3853.58988	-0.01241
3851.66116	-0.01188
3849.73244	-0.01226
3847.80371	-0.01286
3845.87499	-0.01307
3843.94626	-0.01297
3842.01754	-0.01290
3840.08882	-0.01293
3838.16009	-0.01293
3836.23137	-0.01289
3834.30265	-0.01292
3832.37392	-0.01301
3830.44520	-0.01308
3828.51648	-0.01306
3826.58775	-0.01290
3824.65903	-0.01280
3822.73030	-0.01275
3820.80158	-0.01265
3818.87286	-0.01265
3816.94413	-0.01274
3815.01541	-0.01283
3813.08669	-0.01301
3811.15796	-0.01324
3809.22924	-0.01328
3807.30052	-0.01307
3805.37179	-0.01277
3803.44307	-0.01252
3801.51434	-0.01226
3799.58562	-0.01211
3797.65690	-0.01206
3795.72817	-0.01197
3793.79945	-0.01187
3791.87073	-0.01193
3789.94200	-0.01207
3788.01328	-0.01207
3786.08455	-0.01186
3784.15583	-0.01160
3782.22711	-0.01134
3780.29838	-0.01101
3778.36966	-0.01073
3776.44094	-0.01064
3774.51221	-0.01061
3772.58349	-0.01047
3770.65477	-0.01020
3768.72604	-0.00993
3766.79732	-0.00967
3764.86859	-0.00944
3762.93987	-0.00942
3761.01115	-0.00949
3759.08242	-0.00938
3757.15370	-0.00927
3755.22498	-0.00934
3753.29625	-0.00918
3751.36753	-0.00853
3749.43881	-0.00789
3747.51008	-0.00762
3745.58136	-0.00710
3743.65263	-0.00609
3741.72391	-0.00544
3739.79519	-0.00530
3737.86646	-0.00494
3735.93774	-0.00402
3734.00902	-0.00285
3732.08029	-0.00183
3730.15157	-0.00108
3728.22284	-0.00034
3726.29412	0.00081
3724.36540	0.00242
3722.43667	0.00427
3720.50795	0.00616
3718.57923	0.00805
3716.65050	0.00993
3714.72178	0.01190
3712.79306	0.01431
3710.86433	0.01703
3708.93561	0.01941
3707.00688	0.02128
3705.07816	0.02308
3703.14944	0.02517
3701.22071	0.02740
3699.29199	0.02930
3697.36327	0.03079
3695.43454	0.03203
3693.50582	0.03317
3691.57710	0.03458
3689.64837	0.03654
3687.71965	0.03861
3685.79092	0.04013
3683.86220	0.04124
3681.93348	0.04256
3680.00475	0.04439
3678.07603	0.04705
3676.14731	0.05100
3674.21858	0.05494
3672.28986	0.05694
3670.36113	0.05753
3668.43241	0.05785
3666.50369	0.05842
3664.57496	0.05981
3662.64624	0.06201
3660.71752	0.06414
3658.78879	0.06555
3656.86007	0.06630
3654.93135	0.06659
3653.00262	0.06673
3651.07390	0.06762
3649.14517	0.06985
3647.21645	0.07244
3645.28773	0.07408
3643.35900	0.07487
3641.43028	0.07545
3639.50156	0.07613
3637.57283	0.07695
3635.64411	0.07791
3633.71539	0.07888
3631.78666	0.07991
3629.85794	0.08161
3627.92921	0.08393
3626.00049	0.08555
3624.07177	0.08616
3622.14304	0.08664
3620.21432	0.08763
3618.28560	0.08885
3616.35687	0.08965
3614.42815	0.09005
3612.49942	0.09038
3610.57070	0.09077
3608.64198	0.09139
3606.71325	0.09208
3604.78453	0.09256
3602.85581	0.09305
3600.92708	0.09385
3598.99836	0.09473
3597.06964	0.09541
3595.14091	0.09585
3593.21219	0.09599
3591.28346	0.09597
3589.35474	0.09625
3587.42602	0.09713
3585.49729	0.09820
3583.56857	0.09888
3581.63985	0.09929
3579.71112	0.09982
3577.78240	0.10066
3575.85368	0.10168
3573.92495	0.10262
3571.99623	0.10333
3570.06750	0.10402
3568.13878	0.10499
3566.21006	0.10622
3564.28133	0.10732
3562.35261	0.10814
3560.42389	0.10878
3558.49516	0.10931
3556.56644	0.10989
3554.63771	0.11051
3552.70899	0.11106
3550.78027	0.11156
3548.85154	0.11211
3546.92282	0.11279
3544.99410	0.11346
3543.06537	0.11390
3541.13665	0.11419
3539.20793	0.11465
3537.27920	0.11536
3535.35048	0.11609
3533.42175	0.11667
3531.49303	0.11713
3529.56431	0.11749
3527.63558	0.11773
3525.70686	0.11790
3523.77814	0.11815
3521.84941	0.11847
3519.92069	0.11878
3517.99197	0.11905
3516.06324	0.11927
3514.13452	0.11943
3512.20579	0.11975
3510.27707	0.12033
3508.34835	0.12091
3506.41962	0.12122
3504.49090	0.12142
3502.56218	0.12177
3500.63345	0.12225
3498.70473	0.12273
3496.77600	0.12319
3494.84728	0.12370
3492.91856	0.12424
3490.98983	0.12477
3489.06111	0.12513
3487.13239	0.12528
3485.20366	0.12546
3483.27494	0.12584
3481.34622	0.12614
3479.41749	0.12626
3477.48877	0.12649
3475.56004	0.12688
3473.63132	0.12724
3471.70260	0.12758
3469.77387	0.12804
3467.84515	0.12856
3465.91643	0.12898
3463.98770	0.12926
3462.05898	0.12945
3460.13026	0.12978
3458.20153	0.13031
3456.27281	0.13086
3454.34408	0.13127
3452.41536	0.13150
3450.48664	0.13155
3448.55791	0.13161
3446.62919	0.13178
3444.70047	0.13197
3442.77174	0.13231
3440.84302	0.13281
3438.91429	0.13318
3436.98557	0.13329
3435.05685	0.13336
3433.12812	0.13361
3431.19940	0.13395
3429.27068	0.13414
3427.34195	0.13436
3425.41323	0.13485
3423.48451	0.13538
3421.55578	0.13559
3419.62706	0.13542
3417.69833	0.13513
3415.76961	0.13508
3413.84089	0.13539
3411.91216	0.13586
3409.98344	0.13616
3408.05472	0.13612
3406.12599	0.13590
3404.19727	0.13595
3402.26855	0.13640
3400.33982	0.13680
3398.41110	0.13670
3396.48237	0.13657
3394.55365	0.13650
3392.62493	0.13655
3390.69620	0.13673
3388.76748	0.13698
3386.83876	0.13717
3384.91003	0.13728
3382.98131	0.13731
3381.05259	0.13730
3379.12386	0.13731
3377.19514	0.13728
3375.26641	0.13709
3373.33769	0.13686
3371.40897	0.13677
3369.48024	0.13676
3367.55152	0.13675
3365.62280	0.13678
3363.69407	0.13682
3361.76535	0.13680
3359.83662	0.13671
3357.90790	0.13649
3355.97918	0.13614
3354.05045	0.13597
3352.12173	0.13619
3350.19301	0.13653
3348.26428	0.13665
3346.33556	0.13662
3344.40684	0.13659
3342.47811	0.13648
3340.54939	0.13639
3338.62066	0.13653
3336.69194	0.13674
3334.76322	0.13678
3332.83449	0.13672
3330.90577	0.13666
3328.97705	0.13661
3327.04832	0.13663
3325.11960	0.13668
3323.19088	0.13668
3321.26215	0.13674
3319.33343	0.13683
3317.40470	0.13688
3315.47598	0.13701
3313.54726	0.13721
3311.61853	0.13736
3309.68981	0.13734
3307.76109	0.13733
3305.83236	0.13749
3303.90364	0.13760
3301.97491	0.13749
3300.04619	0.13734
3298.11747	0.13736
3296.18874	0.13746
3294.26002	0.13755
3292.33130	0.13767
3290.40257	0.13786
3288.47385	0.13806
3286.54513	0.13818
3284.61640	0.13816
3282.68768	0.13808
3280.75895	0.13817
3278.83023	0.13851
3276.90151	0.13881
3274.97278	0.13887
3273.04406	0.13875
3271.11534	0.13868
3269.18661	0.13878
3267.25789	0.13894
3265.32917	0.13903
3263.40044	0.13906
3261.47172	0.13914
3259.54299	0.13934
3257.61427	0.13960
3255.68555	0.13984
3253.75682	0.14004
3251.82810	0.14019
3249.89938	0.14034
3247.97065	0.14054
3246.04193	0.14068
3244.11320	0.14073
3242.18448	0.14077
3240.25576	0.14074
3238.32703	0.14067
3236.39831	0.14086
3234.46959	0.14132
3232.54086	0.14163
3230.61214	0.14163
3228.68342	0.14165
3226.75469	0.14201
3224.82597	0.14253
3222.89724	0.14285
3220.96852	0.14290
3219.03980	0.14283
3217.11107	0.14281
3215.18235	0.14300
3213.25363	0.14337
3211.32490	0.14367
3209.39618	0.14386
3207.46746	0.14404
3205.53873	0.14418
3203.61001	0.14427
3201.68128	0.14440
3199.75256	0.14465
3197.82384	0.14502
3195.89511	0.14532
3193.96639	0.14541
3192.03767	0.14544
3190.10894	0.14557
3188.18022	0.14577
3186.25149	0.14592
3184.32277	0.14587
3182.39405	0.14572
3180.46532	0.14562
3178.53660	0.14552
3176.60788	0.14552
3174.67915	0.14568
3172.75043	0.14580
3170.82171	0.14583
3168.89298	0.14596
3166.96426	0.14614
3165.03553	0.14612
3163.10681	0.14599
3161.17809	0.14607
3159.24936	0.14640
3157.32064	0.14673
3155.39192	0.14677
3153.46319	0.14643
3151.53447	0.14602
3149.60575	0.14584
3147.67702	0.14585
3145.74830	0.14587
3143.81957	0.14590
3141.89085	0.14601
3139.96213	0.14618
3138.03340	0.14624
3136.10468	0.14608
3134.17596	0.14574
3132.24723	0.14555
3130.31851	0.14565
3128.38978	0.14573
3126.46106	0.14555
3124.53234	0.14525
3122.60361	0.14504
3120.67489	0.14485
3118.74617	0.14451
3116.81744	0.14401
3114.88872	0.14354
3112.96000	0.14308
3111.03127	0.14267
3109.10255	0.14205
3107.17382	0.13966
3105.24510	0.13684
3103.31638	0.13396
3101.38765	0.13112
3099.45893	0.12832
3097.53021	0.12537
3095.60148	0.12238
3093.67276	0.11958
3091.74404	0.11690
3089.81531	0.11422
3087.88659	0.11156
3085.95786	0.10882
3084.02914	0.10589
3082.10042	0.10285
3080.17169	0.09990
3078.24297	0.09715
3076.31425	0.09452
3074.38552	0.09196
3072.45680	0.08932
3070.52807	0.08648
3068.59935	0.08354
3066.67063	0.08071
3064.74190	0.07793
3062.81318	0.07512
3060.88446	0.07242
3058.95573	0.07000
3057.02701	0.06776
3055.09829	0.06540
3053.16956	0.06286
3051.24084	0.06029
3049.31211	0.05776
3047.38339	0.05529
3045.45467	0.05278
3043.52594	0.05024
3041.59722	0.04779
3039.66850	0.04544
3037.73977	0.04305
3035.81105	0.04061
3033.88233	0.03816
3031.95360	0.03572
3030.02488	0.03321
3028.09615	0.03069
3026.16743	0.02829
3024.23871	0.02599
3022.30998	0.02362
3020.38126	0.02121
3018.45254	0.01888
3016.52381	0.01658
3014.59509	0.01415
3012.66636	0.01154
3010.73764	0.00892
3008.80892	0.00646
3006.88019	0.00418
3004.95147	0.00194
3003.02275	-0.00043
3001.09402	-0.00292
2999.16530	-0.00531
2997.23658	-0.00740
2995.30785	-0.00947
2993.37913	-0.01142
2991.45040	-0.01325
2989.52168	-0.01326
2987.59296	-0.01325
2985.66423	-0.01327
2983.73551	-0.01323
2981.80679	-0.01317
2979.87806	-0.01314
2977.94934	-0.01299
2976.02062	-0.01262
2974.09189	-0.01236
2972.16317	-0.01236
2970.23444	-0.01230
2968.30572	-0.01194
2966.37700	-0.01155
2964.44827	-0.01129
2962.51955	-0.01109
2960.59083	-0.01096
2958.66210	-0.01101
2956.73338	-0.01121
2954.80466	-0.01141
2952.87593	-0.01148
2950.94721	-0.01129
2949.01848	-0.01081
2947.08976	-0.01027
2945.16104	-0.00984
2943.23231	-0.00943
2941.30359	-0.00901
2939.37487	-0.00854
2937.44614	-0.00795
2935.51742	-0.00729
2933.58869	-0.00663
2931.65997	-0.00596
2929.73125	-0.00520
2927.80252	-0.00455
2925.87380	-0.00425
2923.94508	-0.00433
2922.01635	-0.00465
2920.08763	-0.00520
2918.15891	-0.00598
2916.23018	-0.00695
2914.30146	-0.00803
2912.37273	-0.00902
2910.44401	-0.00974
2908.51529	-0.01031
2906.58656	-0.01077
2904.65784	-0.01114
2902.72912	-0.01151
2900.80039	-0.01187
2898.87167	-0.01218
2896.94295	-0.01260
2895.01422	-0.01307
2893.08550	-0.01337
2891.15677	-0.01355
2889.22805	-0.01372
2887.29933	-0.01316
2885.37060	-0.01249
2883.44188	-0.01173
2881.51316	-0.01096
2879.58443	-0.01076
2877.65571	-0.01051
2875.72698	-0.01021
2873.79826	-0.01001
2871.86954	-0.00996
2869.94081	-0.00997
2868.01209	-0.00986
2866.08337	-0.00956
2864.15464	-0.00914
2862.22592	-0.00867
2860.29720	-0.00819
2858.36847	-0.00766
2856.43975	-0.00717
2854.51102	-0.00693
2852.58230	-0.00710
2850.65358	-0.00763
2848.72485	-0.00835
2846.79613	-0.00920
2844.86741	-0.01007
2842.93868	-0.01081
2841.00996	-0.01138
2839.08124	-0.01179
2837.15251	-0.01200
2835.22379	-0.01211
2833.29506	-0.01230
2831.36634	-0.01249
2829.43762	-0.01255
2827.50889	-0.01253
2825.58017	-0.01256
2823.65145	-0.01261
2821.72272	-0.01255
2819.79400	-0.01240
2817.86527	-0.01229
2815.93655	-0.01229
2814.00783	-0.01233
2812.07910	-0.01232
2810.15038	-0.01228
2808.22166	-0.01230
2806.29293	-0.01231
2804.36421	-0.01225
2802.43549	-0.01216
2800.50676	-0.01210
2798.57804	-0.01203
2796.64931	-0.01189
2794.72059	-0.01173
2792.79187	-0.01164
2790.86314	-0.01161
2788.93442	-0.01158
2787.00570	-0.01152
2785.07697	-0.01140
2783.14825	-0.01122
2781.21953	-0.01118
2779.29080	-0.01128
2777.36208	-0.01106
2775.43335	-0.01068
2773.50463	-0.01037
2771.57591	-0.01014
2769.64718	-0.01016
2767.71846	-0.01004
2765.78974	-0.00984
2763.86101	-0.00975
2761.93229	-0.00980
2760.00356	-0.00983
2758.07484	-0.00982
2756.14612	-0.00988
2754.21739	-0.00993
2752.28867	-0.00993
2750.35995	-0.00998
2748.43122	-0.01006
2746.50250	-0.01011
2744.57378	-0.01015
2742.64505	-0.01014
2740.71633	-0.01014
2738.78760	-0.01021
2736.85888	-0.01026
2734.93016	-0.01017
2733.00143	-0.01013
2731.07271	-0.01025
2729.14399	-0.01039
2727.21526	-0.01041
2725.28654	-0.01040
2723.35782	-0.01044
2721.42909	-0.01048
2719.50037	-0.01048
2717.57164	-0.01046
2715.64292	-0.01046
2713.71420	-0.01047
2711.78547	-0.01054
2709.85675	-0.01063
2707.92803	-0.01068
2705.99930	-0.01070
2704.07058	-0.01072
2702.14185	-0.01071
2700.21313	-0.01063
2698.28441	-0.01052
2696.35568	-0.01047
2694.42696	-0.01047
2692.49824	-0.01042
2690.56951	-0.01034
2688.64079	-0.01039
2686.71207	-0.01053
2684.78334	-0.01054
2682.85462	-0.01042
2680.92589	-0.01035
2678.99717	-0.01034
2677.06845	-0.01031
2675.13972	-0.01030
2673.21100	-0.01037
2671.28228	-0.01046
2669.35355	-0.01047
2667.42483	-0.01013
2665.49611	-0.00984
2663.56738	-0.00958
2661.63866	-0.00929
2659.70993	-0.00927
2657.78121	-0.00925
2655.85249	-0.00923
2653.92376	-0.00914
2651.99504	-0.00909
2650.06632	-0.00914
2648.13759	-0.00918
2646.20887	-0.00919
2644.28014	-0.00918
2642.35142	-0.00910
2640.42270	-0.00907
2638.49397	-0.00911
2636.56525	-0.00911
2634.63653	-0.00910
2632.70780	-0.00911
2630.77908	-0.00906
2628.85036	-0.00891
2626.92163	-0.00879
2624.99291	-0.00881
2623.06418	-0.00895
2621.13546	-0.00905
2619.20674	-0.00904
2617.27801	-0.00902
2615.34929	-0.00907
2613.42057	-0.00920
2611.49184	-0.00929
2609.56312	-0.00924
2607.63440	-0.00910
2605.70567	-0.00904
2603.77695	-0.00909
2601.84822	-0.00917
2599.91950	-0.00924
2597.99078	-0.00930
2596.06205	-0.00924
2594.13333	-0.00916
2592.20461	-0.00922
2590.27588	-0.00938
2588.34716	-0.00952
2586.41843	-0.00960
2584.48971	-0.00960
2582.56099	-0.00949
2580.63226	-0.00931
2578.70354	-0.00916
2576.77482	-0.00905
2574.84609	-0.00907
2572.91737	-0.00910
2570.98865	-0.00896
2569.05992	-0.00878
2567.13120	-0.00874
2565.20247	-0.00882
2563.27375	-0.00886
2561.34503	-0.00884
2559.41630	-0.00879
2557.48758	-0.00862
2555.55886	-0.00844
2553.63013	-0.00829
2551.70141	-0.00815
2549.77269	-0.00815
2547.84396	-0.00819
2545.91524	-0.00827
2543.98651	-0.00833
2542.05779	-0.00827
2540.12907	-0.00812
2538.20034	-0.00800
2536.27162	-0.00796
2534.34290	-0.00795
2532.41417	-0.00792
2530.48545	-0.00796
2528.55673	-0.00804
2526.62800	-0.00801
2524.69928	-0.00791
2522.77055	-0.00784
2520.84183	-0.00780
2518.91311	-0.00780
2516.98438	-0.00784
2515.05566	-0.00780
2513.12694	-0.00766
2511.19821	-0.00758
2509.26949	-0.00758
2507.34076	-0.00759
2505.41204	-0.00757
2503.48332	-0.00753
2501.55459	-0.00746
2499.62587	-0.00744
2497.69715	-0.00746
2495.76842	-0.00748
2493.83970	-0.00744
2491.91098	-0.00738
2489.98225	-0.00734
2488.05353	-0.00735
2486.12480	-0.00738
2484.19608	-0.00741
2482.26736	-0.00741
2480.33863	-0.00740
2478.40991	-0.00745
2476.48119	-0.00750
2474.55246	-0.00745
2472.62374	-0.00733
2470.69502	-0.00723
2468.76629	-0.00721
2466.83757	-0.00722
2464.90884	-0.00724
2462.98012	-0.00727
2461.05140	-0.00727
2459.12267	-0.00727
2457.19395	-0.00728
2455.26523	-0.00727
2453.33650	-0.00728
2451.40778	-0.00733
2449.47905	-0.00733
2447.55033	-0.00720
2445.62161	-0.00705
2443.69288	-0.00689
2441.76416	-0.00679
2439.83544	-0.00683
2437.90671	-0.00678
2435.97799	-0.00668
2434.04927	-0.00672
2432.12054	-0.00690
2430.19182	-0.00717
2428.26309	-0.00737
2426.33437	-0.00733
2424.40565	-0.00710
2422.47692	-0.00690
2420.54820	-0.00681
2418.61948	-0.00677
2416.69075	-0.00672
2414.76203	-0.00669
2412.83331	-0.00665
2410.90458	-0.00661
2408.97586	-0.00660
2407.04713	-0.00659
2405.11841	-0.00656
2403.18969	-0.00654
2401.26096	-0.00652
2399.33224	-0.00646
2397.40352	-0.00641
2395.47479	-0.00640
2393.54607	-0.00643
2391.61734	-0.00647
2389.68862	-0.00648
2387.75990	-0.00649
2385.83117	-0.00647
2383.90245	-0.00646
2381.97373	-0.00645
2380.04500	-0.00642
2378.11628	-0.00636
2376.18756	-0.00628
2374.25883	-0.00619
2372.33011	-0.00611
2370.40138	-0.00603
2368.47266	-0.00591
2366.54394	-0.00587
2364.61521	-0.00599
2362.68649	-0.00612
2360.75777	-0.00614
2358.82904	-0.00603
2356.90032	-0.00589
2354.97160	-0.00581
2353.04287	-0.00585
2351.11415	-0.00614
2349.18542	-0.00636
2347.25670	-0.00612
2345.32798	-0.00571
2343.39925	-0.00562
2341.47053	-0.00579
2339.54181	-0.00597
2337.61308	-0.00601
2335.68436	-0.00591
2333.75563	-0.00585
2331.82691	-0.00587
2329.89819	-0.00584
2327.96946	-0.00576
2326.04074	-0.00572
2324.11202	-0.00578
2322.18329	-0.00593
2320.25457	-0.00612
2318.32585	-0.00631
2316.39712	-0.00642
2314.46840	-0.00645
2312.53967	-0.00646
2310.61095	-0.00650
2308.68223	-0.00653
2306.75350	-0.00654
2304.82478	-0.00654
2302.89606	-0.00652
2300.96733	-0.00657
2299.03861	-0.00671
2297.10989	-0.00677
2295.18116	-0.00671
2293.25244	-0.00668
2291.32371	-0.00667
2289.39499	-0.00659
2287.46627	-0.00652
2285.53754	-0.00655
2283.60882	-0.00661
2281.68010	-0.00661
2279.75137	-0.00659
2277.82265	-0.00658
2275.89392	-0.00651
2273.96520	-0.00641
2272.03648	-0.00635
2270.10775	-0.00635
2268.17903	-0.00631
2266.25031	-0.00624
2264.32158	-0.00622
2262.39286	-0.00620
2260.46414	-0.00606
2258.53541	-0.00586
2256.60669	-0.00571
2254.67796	-0.00563
2252.74924	-0.00555
2250.82052	-0.00537
2248.89179	-0.00515
2246.96307	-0.00509
2245.03435	-0.00506
2243.10562	-0.00497
2241.17690	-0.00488
2239.24818	-0.00485
2237.31945	-0.00480
2235.39073	-0.00472
2233.46200	-0.00463
2231.53328	-0.00455
2229.60456	-0.00450
2227.67583	-0.00439
2225.74711	-0.00421
2223.81839	-0.00404
2221.88966	-0.00393
2219.96094	-0.00406
2218.03221	-0.00422
2216.10349	-0.00435
2214.17477	-0.00444
2212.24604	-0.00455
2210.31732	-0.00460
2208.38860	-0.00453
2206.45987	-0.00439
2204.53115	-0.00430
2202.60243	-0.00432
2200.67370	-0.00447
2198.74498	-0.00464
2196.81625	-0.00469
2194.88753	-0.00467
2192.95881	-0.00465
2191.03008	-0.00460
2189.10136	-0.00460
2187.17264	-0.00465
2185.24391	-0.00464
2183.31519	-0.00460
2181.38647	-0.00465
2179.45774	-0.00471
2177.52902	-0.00470
2175.60029	-0.00468
2173.67157	-0.00471
2171.74285	-0.00471
2169.81412	-0.00460
2167.88540	-0.00446
2165.95668	-0.00434
2164.02795	-0.00422
2162.09923	-0.00407
2160.17050	-0.00391
2158.24178	-0.00378
2156.31306	-0.00373
2154.38433	-0.00375
2152.45561	-0.00379
2150.52689	-0.00383
2148.59816	-0.00380
2146.66944	-0.00368
2144.74072	-0.00357
2142.81199	-0.00352
2140.88327	-0.00351
2138.95454	-0.00350
2137.02582	-0.00344
2135.09710	-0.00331
2133.16837	-0.00315
2131.23965	-0.00303
2129.31093	-0.00299
2127.38220	-0.00300
2125.45348	-0.00301
2123.52476	-0.00308
2121.59603	-0.00322
2119.66731	-0.00326
2117.73858	-0.00328
2115.80986	-0.00329
2113.88114	-0.00339
2111.95241	-0.00352
2110.02369	-0.00355
2108.09497	-0.00346
2106.16624	-0.00341
2104.23752	-0.00350
2102.30880	-0.00357
2100.38007	-0.00352
2098.45135	-0.00348
2096.52262	-0.00357
2094.59390	-0.00375
2092.66518	-0.00390
2090.73645	-0.00404
2088.80773	-0.00422
2086.87901	-0.00445
2084.95028	-0.00476
2083.02156	-0.00517
2081.09283	-0.00565
2079.16411	-0.00609
2077.23539	-0.00646
2075.30666	-0.00680
2073.37794	-0.00712
2071.44922	-0.00744
2069.52049	-0.00781
2067.59177	-0.00826
2065.66305	-0.00876
2063.73432	-0.00914
2061.80560	-0.00929
2059.87687	-0.00921
2057.94815	-0.00902
2056.01943	-0.00882
2054.09070	-0.00858
2052.16198	-0.00820
2050.23326	-0.00768
2048.30453	-0.00708
2046.37581	-0.00655
2044.44709	-0.00609
2042.51836	-0.00557
2040.58964	-0.00495
2038.66091	-0.00436
2036.73219	-0.00393
2034.80347	-0.00369
2032.87474	-0.00353
2030.94602	-0.00337
2029.01730	-0.00320
2027.08857	-0.00309
2025.15985	-0.00307
2023.23112	-0.00302
2021.30240	-0.00286
2019.37368	-0.00265
2017.44495	-0.00244
2015.51623	-0.00224
2013.58751	-0.00205
2011.65878	-0.00180
2009.73006	-0.00154
2007.80134	-0.00128
2005.87261	-0.00109
2003.94389	-0.00102
2002.01516	-0.00097
2000.08644	-0.00072
1998.15772	-0.00044
1996.22899	-0.00025
1994.30027	-0.00010
1992.37155	0.00003
1990.44282	0.00008
1988.51410	0.00007
1986.58538	0.00001
1984.65665	-0.00009
1982.72793	-0.00025
1980.79920	-0.00043
1978.87048	-0.00052
1976.94176	-0.00048
1975.01303	-0.00034
1973.08431	-0.00023
1971.15559	-0.00026
1969.22686	-0.00034
1967.29814	-0.00033
1965.36941	-0.00029
1963.44069	-0.00026
1961.51197	-0.00025
1959.58324	-0.00026
1957.65452	-0.00022
1955.72580	-0.00012
1953.79707	-0.00008
1951.86835	-0.00005
1949.93963	0.00007
1948.01090	0.00026
1946.08218	0.00041
1944.15345	0.00050
1942.22473	0.00058
1940.29601	0.00062
1938.36728	0.00063
1936.43856	0.00062
1934.50984	0.00057
1932.58111	0.00058
1930.65239	0.00070
1928.72367	0.00081
1926.79494	0.00067
1924.86622	0.00055
1922.93749	0.00050
1921.00877	0.00035
1919.08005	0.00016
1917.15132	0.00002
1915.22260	-0.00008
1913.29388	-0.00009
1911.36515	0.00013
1909.43643	0.00053
1907.50770	0.00090
1905.57898	0.00109
1903.65026	0.00123
1901.72153	0.00135
1899.79281	0.00145
1897.86409	0.00162
1895.93536	0.00190
1894.00664	0.00222
1892.07792	0.00255
1890.14919	0.00283
1888.22047	0.00297
1886.29174	0.00302
1884.36302	0.00311
1882.43430	0.00323
1880.50557	0.00326
1878.57685	0.00320
1876.64813	0.00324
1874.71940	0.00365
1872.79068	0.00421
1870.86196	0.00478
1868.93323	0.00525
1867.00451	0.00545
1865.07578	0.00540
1863.14706	0.00534
1861.21834	0.00532
1859.28961	0.00521
1857.36089	0.00503
1855.43217	0.00486
1853.50344	0.00467
1851.57472	0.00431
1849.64599	0.00391
1847.71727	0.00359
1845.78855	0.00336
1843.85982	0.00322
1841.93110	0.00299
1840.00238	0.00269
1838.07365	0.00250
1836.14493	0.00244
1834.21621	0.00244
1832.28748	0.00258
1830.35876	0.00291
1828.43003	0.00321
1826.50131	0.00337
1824.57259	0.00355
1822.64386	0.00372
1820.71514	0.00381
1818.78642	0.00398
1816.85769	0.00430
1814.92897	0.00466
1813.00025	0.00500
1811.07152	0.00535
1809.14280	0.00567
1807.21407	0.00585
1805.28535	0.00596
1803.35663	0.00616
1801.42790	0.00655
1799.49918	0.00703
1797.57046	0.00737
1795.64173	0.00760
1793.71301	0.00800
1791.78428	0.00857
1789.85556	0.00896
1787.92684	0.00903
1785.99811	0.00900
1784.06939	0.00908
1782.14067	0.00933
1780.21194	0.00966
1778.28322	0.00992
1776.35450	0.01010
1774.42577	0.01030
1772.49705	0.01056
1770.56832	0.01073
1768.63960	0.01073
1766.71088	0.01068
1764.78215	0.01064
1762.85343	0.01069
1760.92471	0.01087
1758.99598	0.01106
1757.06726	0.01127
1755.13854	0.01150
1753.20981	0.01178
1751.28109	0.01232
1749.35236	0.01304
1747.42364	0.01358
1745.49492	0.01390
1743.56619	0.01416
1741.63747	0.01445
1739.70875	0.01470
1737.78002	0.01485
1735.85130	0.01519
1733.92257	0.01605
1731.99385	0.01688
1730.06513	0.01714
1728.13640	0.01714
1726.20768	0.01719
1724.27896	0.01729
1722.35023	0.01736
1720.42151	0.01752
1718.49279	0.01793
1716.56406	0.01850
1714.63534	0.01888
1712.70661	0.01905
1710.77789	0.01919
1708.84917	0.01943
1706.92044	0.01983
1704.99172	0.02028
1703.06300	0.02069
1701.13427	0.02133
1699.20555	0.02222
1697.27683	0.02303
1695.34810	0.02369
1693.41938	0.02419
1691.49065	0.02461
1689.56193	0.02521
1687.63321	0.02606
1685.70448	0.02727
1683.77576	0.02867
1681.84704	0.02944
1679.91831	0.02960
1677.98959	0.02993
1676.06087	0.03077
1674.13214	0.03171
1672.20342	0.03232
1670.27469	0.03289
1668.34597	0.03356
1666.41725	0.03397
1664.48852	0.03431
1662.55980	0.03485
1660.63108	0.03523
1658.70235	0.03523
1656.77363	0.03517
1654.84490	0.03536
1652.91618	0.03546
1650.98746	0.03495
1649.05873	0.03437
1647.13001	0.03447
1645.20129	0.03489
1643.27256	0.03482
1641.34384	0.03442
1639.41512	0.03417
1637.48639	0.03419
1635.55767	0.03416
1633.62894	0.03362
1631.70022	0.03262
1629.77150	0.03151
1627.84277	0.03041
1625.91405	0.02930
1623.98533	0.02817
1622.05660	0.02691
1620.12788	0.02568
1618.19916	0.02472
1616.27043	0.02384
1614.34171	0.02272
1612.41298	0.02141
1610.48426	0.02017
1608.55554	0.01901
1606.62681	0.01774
1604.69809	0.01632
1602.76937	0.01483
1600.84064	0.01337
1598.91192	0.01206
1596.98319	0.01104
1595.05447	0.01027
1593.12575	0.00954
1591.19702	0.00875
1589.26830	0.00802
1587.33958	0.00753
1585.41085	0.00735
1583.48213	0.00746
1581.55341	0.00788
1579.62468	0.00861
1577.69596	0.00959
1575.76723	0.01054
1573.83851	0.01094
1571.90979	0.01097
1569.98106	0.01121
1568.05234	0.01165
1566.12362	0.01199
1564.19489	0.01213
1562.26617	0.01231
1560.33745	0.01301
1558.40872	0.01420
1556.48000	0.01482
1554.55127	0.01488
1552.62255	0.01503
1550.69383	0.01532
1548.76510	0.01549
1546.83638	0.01549
1544.90766	0.01550
1542.97893	0.01559
1541.05021	0.01591
1539.12148	0.01626
1537.19276	0.01607
1535.26404	0.01558
1533.33531	0.01524
1531.40659	0.01488
1529.47787	0.01439
1527.54914	0.01394
1525.62042	0.01351
1523.69170	0.01304
1521.76297	0.01250
1519.83425	0.01185
1517.90552	0.01108
1515.97680	0.01016
1514.04808	0.00914
1512.11935	0.00822
1510.19063	0.00756
1508.26191	0.00707
1506.33318	0.00638
1504.40446	0.00528
1502.47574	0.00416
1500.54701	0.00339
1498.61829	0.00300
1496.68956	0.00269
1494.76084	0.00228
1492.83212	0.00199
1490.90339	0.00200
1488.97467	0.00209
1487.04595	0.00196
1485.11722	0.00168
1483.18850	0.00151
1481.25977	0.00150
1479.33105	0.00160
1477.40233	0.00188
1475.47360	0.00248
1473.54488	0.00352
1471.61616	0.00467
1469.68743	0.00527
1467.75871	0.00543
1465.82999	0.00557
1463.90126	0.00571
1461.97254	0.00577
1460.04381	0.00605
1458.11509	0.00668
1456.18637	0.00719
1454.25764	0.00706
1452.32892	0.00658
1450.40020	0.00627
1448.47147	0.00616
1446.54275	0.00608
1444.61403	0.00593
1442.68530	0.00572
1440.75658	0.00546
1438.82785	0.00533
1436.89913	0.00559
1434.97041	0.00611
1433.04168	0.00654
1431.11296	0.00695
1429.18424	0.00726
1427.25551	0.00728
1425.32679	0.00719
1423.39806	0.00712
1421.46934	0.00705
1419.54062	0.00732
1417.61189	0.00821
1415.68317	0.00965
1413.75445	0.01179
1411.82572	0.01486
1409.89700	0.01863
1407.96828	0.02284
1406.03955	0.02721
1404.11083	0.03092
1402.18210	0.03295
1400.25338	0.03306
1398.32466	0.03137
1396.39593	0.02810
1394.46721	0.02382
1392.53849	0.01927
1390.60976	0.01480
1388.68104	0.01015
1386.75232	0.00529
1384.82359	0.00147
1382.89487	0.00004
1380.96614	0.00052
1379.03742	0.00135
1377.10870	0.00178
1375.17997	0.00196
1373.25125	0.00204
1371.32253	0.00204
1369.39380	0.00206
1367.46508	0.00214
1365.53635	0.00217
1363.60763	0.00204
1361.67891	0.00170
1359.75018	0.00115
1357.82146	0.00056
1355.89274	0.00016
1353.96401	0.00015
1352.03529	0.00051
1350.10657	0.00097
1348.17784	0.00123
1346.24912	0.00130
1344.32039	0.00163
1342.39167	0.00225
1340.46295	0.00317
1338.53422	0.00406
1336.60550	0.00459
1334.67678	0.00495
1332.74805	0.00562
1330.81933	0.00633
1328.89061	0.00604
1326.96188	0.00519
1325.03316	0.00425
1323.10443	0.00358
1321.17571	0.00334
1319.24699	0.00343
1317.31826	0.00360
1315.38954	0.00365
1313.46082	0.00356
1311.53209	0.00342
1309.60337	0.00335
1307.67464	0.00341
1305.74592	0.00350
1303.81720	0.00353
1301.88847	0.00369
1299.95975	0.00396
1298.03103	0.00417
1296.10230	0.00426
1294.17358	0.00420
1292.24486	0.00395
1290.31613	0.00356
1288.38741	0.00317
1286.45868	0.00289
1284.52996	0.00287
1282.60124	0.00317
1280.67251	0.00367
1278.74379	0.00406
1276.81507	0.00427
1274.88634	0.00456
1272.95762	0.00511
1271.02890	0.00581
1269.10017	0.00656
1267.17145	0.00739
1265.24272	0.00840
1263.31400	0.00956
1261.38528	0.01082
1259.45655	0.01225
1257.52783	0.01390
1255.59911	0.01575
1253.67038	0.01781
1251.74166	0.02011
1249.81294	0.02262
1247.88421	0.02525
1245.95549	0.02791
1244.02676	0.03058
1242.09804	0.03308
1240.16932	0.03528
1238.24059	0.03719
1236.31187	0.03889
1234.38315	0.04033
1232.45442	0.04153
1230.52570	0.04264
1228.59697	0.04360
1226.66825	0.04433
1224.73953	0.04509
1222.81080	0.04612
1220.88208	0.04726
1218.95336	0.04854
1217.02463	0.05001
1215.09591	0.05141
1213.16719	0.05250
1211.23846	0.05340
1209.30974	0.05438
1207.38101	0.05560
1205.45229	0.05701
1203.52357	0.05837
1201.59484	0.05960
1199.66612	0.06082
1197.73740	0.06225
1195.80867	0.06388
1193.87995	0.06547
1191.95123	0.06687
1190.02250	0.06824
1188.09378	0.06983
1186.16505	0.07159
1184.23633	0.07342
1182.30761	0.07533
1180.37888	0.07708
1178.45016	0.07852
1176.52144	0.07989
1174.59271	0.08138
1172.66399	0.08287
1170.73526	0.08427
1168.80654	0.08570
1166.87782	0.08719
1164.94909	0.08862
1163.02037	0.08995
1161.09165	0.09127
1159.16292	0.09249
1157.23420	0.09328
1155.30548	0.09357
1153.37675	0.09375
1151.44803	0.09435
1149.51930	0.09550
1147.59058	0.09684
1145.66186	0.09803
1143.73313	0.09907
1141.80441	0.10002
1139.87569	0.10057
1137.94696	0.10039
1136.01824	0.09979
1134.08952	0.09958
1132.16079	0.10033
1130.23207	0.10173
1128.30334	0.10299
1126.37462	0.10373
1124.44590	0.10386
1122.51717	0.10369
1120.58845	0.10388
1118.65973	0.10466
1116.73100	0.10602
1114.80228	0.10797
1112.87355	0.11012
1110.94483	0.11229
1109.01611	0.11481
1107.08738	0.11763
1105.15866	0.12042
1103.22994	0.12301
1101.30121	0.12518
1099.37249	0.12691
1097.44377	0.12850
1095.51504	0.13002
1093.58632	0.13124
1091.65759	0.13198
1089.72887	0.13234
1087.80015	0.13266
1085.87142	0.13322
1083.94270	0.13388
1082.01398	0.13439
1080.08525	0.13473
1078.15653	0.13505
1076.22781	0.13556
1074.29908	0.13625
1072.37036	0.13721
1070.44163	0.13850
1068.51291	0.13972
1066.58419	0.14054
1064.65546	0.14118
1062.72674	0.14197
1060.79802	0.14268
1058.86929	0.14288
1056.94057	0.14248
1055.01184	0.14185
1053.08312	0.14138
1051.15440	0.14121
1049.22567	0.14127
1047.29695	0.14110
1045.36823	0.14041
1043.43950	0.13950
1041.51078	0.13897
1039.58206	0.13860
1037.65333	0.13774
1035.72461	0.13671
1033.79588	0.13617
1031.86716	0.13604
1029.93844	0.13602
1028.00971	0.13620
1026.08099	0.13674
1024.15227	0.13756
1022.22354	0.13840
1020.29482	0.13878
1018.36610	0.13873
1016.43737	0.13872
1014.50865	0.13854
1012.57992	0.13795
1010.65120	0.13720
1008.72248	0.13647
1006.79375	0.13574
1004.86503	0.13519
1002.93631	0.13465
1001.00758	0.13375
999.07886	0.13255
997.15013	0.13105
995.22141	0.12895
993.29269	0.12589
991.36396	0.12232
989.43524	0.11934
987.50652	0.11749
985.57779	0.11619
983.64907	0.11480
981.72035	0.11336
979.79162	0.11191
977.86290	0.11016
975.93417	0.10909
974.00545	0.10810
972.07673	0.10676
970.14800	0.10496
968.21928	0.10320
966.29056	0.10169
964.36183	0.10029
962.43311	0.09891
960.50439	0.09749
958.57566	0.09614
956.64694	0.09487
954.71821	0.09337
952.78949	0.09143
950.86077	0.08931
948.93204	0.08735
947.00332	0.08539
945.07460	0.08312
943.14587	0.08061
941.21715	0.07793
939.28842	0.07488
937.35970	0.07187
935.43098	0.06960
933.50225	0.06759
931.57353	0.06506
929.64481	0.06237
927.71608	0.06054
925.78736	0.05984
923.85864	0.05940
921.92991	0.05840
920.00119	0.05684
918.07246	0.05501
916.14374	0.05298
914.21502	0.05090
912.28629	0.04896
910.35757	0.04689
908.42885	0.04459
906.50012	0.04224
904.57140	0.03986
902.64268	0.03749
900.71395	0.03507
898.78523	0.03244
896.85650	0.02963
894.92778	0.02698
892.99906	0.02464
891.07033	0.02252
889.14161	0.02046
887.21289	0.01829
885.28416	0.01610
883.35544	0.01409
881.42671	0.01233
879.49799	0.01081
877.56927	0.00918
875.64054	0.00712
873.71182	0.00517
871.78310	0.00387
869.85437	0.00269
867.92565	0.00112
865.99693	-0.00075
864.06820	-0.00296
862.13948	-0.00539
860.21075	-0.00726
858.28203	-0.00826
856.35331	-0.00919
854.42458	-0.01056
852.49586	-0.01204
850.56714	-0.01339
848.63841	-0.01465
846.70969	-0.01583
844.78097	-0.01694
842.85224	-0.01800
840.92352	-0.01864
838.99479	-0.01902
837.06607	-0.01968
835.13735	-0.02034
833.20862	-0.02052
831.27990	-0.02036
829.35118	-0.02022
827.42245	-0.02005
825.49373	-0.01953
823.56501	-0.01857
821.63628	-0.01741
819.70756	-0.01638
817.77883	-0.01550
815.85011	-0.01424
813.92139	-0.01222
811.99266	-0.00969
810.06394	-0.00730
808.13522	-0.00554
806.20649	-0.00402
804.27777	-0.00187
802.34904	0.00076
800.42032	0.00280
798.49160	0.00354
796.56287	0.00334
794.63415	0.00327
792.70543	0.00385
790.77670	0.00447
788.84798	0.00440
786.91926	0.00366
784.99053	0.00267
783.06181	0.00197
781.13308	0.00184
779.20436	0.00184
777.27564	0.00168
775.34691	0.00129
773.41819	0.00067
771.48947	0.00016
769.56074	-0.00000
767.63202	-0.00022
765.70330	-0.00023
763.77457	-0.00007
761.84585	-0.00020
759.91712	-0.00066
757.98840	-0.00098
756.05968	-0.00111
754.13095	-0.00141
752.20223	-0.00218
750.27351	-0.00333
748.34478	-0.00459
746.41606	-0.00572
744.48733	-0.00651
742.55861	-0.00692
740.62989	-0.00710
738.70116	-0.00711
736.77244	-0.00703
734.84372	-0.00719
732.91499	-0.00745
730.98627	-0.00732
729.05755	-0.00721
727.12882	-0.00755
725.20010	-0.00800
723.27137	-0.00788
721.34265	-0.00749
719.41393	-0.00765
717.48520	-0.00831
715.55648	-0.00866
713.62776	-0.00872
711.69903	-0.00886
709.77031	-0.00878
707.84159	-0.00816
705.91286	-0.00720
703.98414	-0.00620
702.05541	-0.00523
700.12669	-0.00416
698.19797	-0.00297
696.26924	-0.00180
694.34052	-0.00110
692.41180	-0.00142
690.48307	-0.00279
688.55435	-0.00418
686.62562	-0.00415
684.69690	-0.00326
682.76818	-0.00263
680.83945	-0.00287
678.91073	-0.00415
676.98201	-0.00546
675.05328	-0.00627
673.12456	-0.00670
671.19584	-0.00622
669.26711	-0.00470
667.33839	-0.00429
665.40966	-0.00534
663.48094	-0.00574
661.55222	-0.00572
659.62349	-0.00623
657.69477	-0.00695
655.76605	-0.00720
653.83732	-0.00662
651.90860	-0.00544
649.97988	-0.00440
648.05115	-0.00398
646.12243	-0.00362
644.19370	-0.00266
642.26498	-0.00144
640.33626	-0.00062
638.40753	-0.00052
636.47881	-0.00090
634.55009	-0.00148
632.62136	-0.00229
630.69264	-0.00365
628.76391	-0.00573
626.83519	-0.00807
624.90647	-0.01034
622.97774	-0.01219
621.04902	-0.01321
619.12030	-0.01370
617.19157	-0.01401
615.26285	-0.01361
613.33413	-0.01158
611.40540	-0.00794
609.47668	-0.00411
607.54795	-0.00163
605.61923	-0.00092
603.69051	-0.00131
601.76178	-0.00173
599.83306	-0.00133
597.90434	0.00029
595.97561	0.00248
594.04689	0.00381
592.11817	0.00394
590.18944	0.00371
588.26072	0.00354
586.33199	0.00361
584.40327	0.00362
582.47455	0.00289
580.54582	0.00204
578.61710	0.00276
576.68838	0.00698
574.75965	0.01062
572.83093	0.01349
570.90220	0.01601
568.97348	0.01480
567.04476	0.01369
565.11603	0.01242
563.18731	0.01067
561.25859	0.00905
559.32986	0.00783
557.40114	0.00731
555.47242	0.00704
553.54369	0.00597
551.61497	0.00432
549.68624	0.00303
547.75752	0.00228
545.82880	0.00209
543.90007	0.00260
541.97135	0.00329
540.04263	0.00332
538.11390	0.00235
536.18518	0.00081
534.25646	-0.00042
532.32773	-0.00117
530.39901	-0.00222
528.47028	-0.00415
526.54156	-0.00690
524.61284	-0.01012
522.68411	-0.01320
520.75539	-0.01584
518.82667	-0.01781
516.89794	-0.01830
514.96922	-0.01746
513.04049	-0.01720
511.11177	-0.01863
509.18305	-0.02099
507.25432	-0.02302
505.32560	-0.02409
503.39688	-0.02385
501.46815	-0.02196
499.53943	-0.01974
497.61071	-0.01984
495.68198	-0.02214
493.75326	-0.02360
491.82453	-0.02291
489.89581	-0.02202
487.96709	-0.02166
486.03836	-0.01968
484.10964	-0.01652
482.18092	-0.01543
480.25219	-0.01568
478.32347	-0.01421
476.39475	-0.01159
474.46602	-0.00979
472.53730	-0.00807
470.60857	-0.00559
468.67985	-0.00392
466.75113	-0.00128
464.82240	0.00981
462.89368	0.02254
460.96496	0.03195
459.03623	0.03479
457.10751	0.03750
455.17878	0.03712
453.25006	0.03103
451.32134	0.02438
449.39261	0.02303
447.46389	0.02613
445.53517	0.02885
443.60644	0.02995
441.67772	0.03189
439.74900	0.03393
437.82027	0.03183
435.89155	0.02553
433.96282	0.01986
432.03410	0.01717
430.10538	0.01591
428.17665	0.01459
426.24793	0.01407
424.31921	0.01436
422.39048	0.01220
420.46176	0.00552
418.53304	-0.00292
416.60431	-0.00769
414.67559	-0.00823
412.74686	-0.00808
410.81814	-0.00895
408.88942	-0.01222
406.96069	-0.02036
405.03197	-0.03023
403.10325	-0.03255
401.17452	-0.01985
399.24580	0.00402
397.31708	0.01498
395.38835	-0.00286
393.45963	-0.02591
391.53090	-0.03636
389.60218	-0.04591
387.67346	-0.06838
385.74473	-0.09590
383.81601	-0.10536
381.88729	-0.08844
379.95856	-0.06428
378.02984	-0.05313
376.10111	-0.05269
374.17239	-0.04488
372.24367	-0.01232
370.31494	0.04007
368.38622	0.08045
