7496.97825	0.00214
7495.04952	0.00084
7493.12079	-0.00051
7491.19206	0.00010
7489.26333	0.00046
7487.33459	-0.00014
7485.40586	-0.00024
7483.47713	0.00002
7481.54840	-0.00006
7479.61967	-0.00134
7477.69094	-0.00404
7475.76221	-0.00522
7473.83348	-0.00323
7471.90474	-0.00074
7469.97601	0.00054
7468.04728	0.00163
7466.11855	0.00182
7464.18982	-0.00012
7462.26109	-0.00146
7460.33236	-0.00041
7458.40363	0.00144
7456.47489	0.00395
7454.54616	0.00616
7452.61743	0.00473
7450.68870	0.00090
7448.75997	-0.00005
7446.83124	0.00256
7444.90251	0.00408
7442.97378	0.00228
7441.04504	0.00035
7439.11631	0.00020
7437.18758	-0.00005
7435.25885	-0.00038
7433.33012	0.00151
7431.40139	0.00648
7429.47266	0.01132
7427.54393	0.01043
7425.61520	0.00508
7423.68646	0.00222
7421.75773	0.00332
7419.82900	0.00485
7417.90027	0.00514
7415.97154	0.00649
7414.04281	0.01052
7412.11408	0.01423
7410.18535	0.01485
7408.25661	0.01243
7406.32788	0.00722
7404.39915	0.00125
7402.47042	-0.00238
7400.54169	-0.00315
7398.61296	-0.00167
7396.68423	0.00173
7394.75550	0.00436
7392.82676	0.00293
7390.89803	-0.00027
7388.96930	-0.00018
7387.04057	0.00305
7385.11184	0.00536
7383.18311	0.00456
7381.25438	0.00119
7379.32565	-0.00263
7377.39691	-0.00424
7375.46818	-0.00296
7373.53945	-0.00106
7371.61072	0.00029
7369.68199	0.00247
7367.75326	0.00513
7365.82453	0.00537
7363.89580	0.00297
7361.96706	0.00138
7360.03833	0.00247
7358.10960	0.00475
7356.18087	0.00669
7354.25214	0.00787
7352.32341	0.00750
7350.39468	0.00517
7348.46595	0.00302
7346.53722	0.00309
7344.60848	0.00379
7342.67975	0.00294
7340.75102	0.00147
7338.82229	0.00044
7336.89356	-0.00067
7334.96483	-0.00081
7333.03610	0.00087
7331.10737	0.00054
7329.17863	-0.00397
7327.24990	-0.00666
7325.32117	-0.00350
7323.39244	0.00033
7321.46371	0.00076
7319.53498	0.00014
7317.60625	0.00016
7315.67752	-0.00052
7313.74878	-0.00141
7311.82005	0.00052
7309.89132	0.00428
7307.96259	0.00520
7306.03386	0.00421
7304.10513	0.00562
7302.17640	0.00794
7300.24767	0.00841
7298.31893	0.00792
7296.39020	0.00705
7294.46147	0.00649
7292.53274	0.00714
7290.60401	0.00619
7288.67528	0.00292
7286.74655	0.00227
7284.81782	0.00497
7282.88908	0.00640
7280.96035	0.00562
7279.03162	0.00453
7277.10289	0.00299
7275.17416	0.00130
7273.24543	0.00147
7271.31670	0.00316
7269.38797	0.00377
7267.45924	0.00245
7265.53050	0.00069
7263.60177	0.00065
7261.67304	0.00247
7259.74431	0.00412
7257.81558	0.00587
7255.88685	0.00853
7253.95812	0.00889
7252.02939	0.00531
7250.10065	0.00253
7248.17192	0.00357
7246.24319	0.00456
7244.31446	0.00275
7242.38573	0.00211
7240.45700	0.00549
7238.52827	0.00842
7236.59954	0.00701
7234.67080	0.00363
7232.74207	0.00171
7230.81334	0.00251
7228.88461	0.00558
7226.95588	0.00822
7225.02715	0.00804
7223.09842	0.00553
7221.16969	0.00353
7219.24095	0.00450
7217.31222	0.00736
7215.38349	0.00933
7213.45476	0.00994
7211.52603	0.01035
7209.59730	0.01026
7207.66857	0.00900
7205.73984	0.00767
7203.81110	0.00767
7201.88237	0.00954
7199.95364	0.01258
7198.02491	0.01432
7196.09618	0.01345
7194.16745	0.01196
7192.23872	0.01177
7190.30999	0.01215
7188.38126	0.01232
7186.45252	0.01264
7184.52379	0.01261
7182.59506	0.01114
7180.66633	0.00845
7178.73760	0.00635
7176.80887	0.00664
7174.88014	0.00890
7172.95141	0.01045
7171.02267	0.01070
7169.09394	0.01096
7167.16521	0.01054
7165.23648	0.00867
7163.30775	0.00666
7161.37902	0.00599
7159.45029	0.00715
7157.52156	0.00883
7155.59282	0.00920
7153.66409	0.00845
7151.73536	0.00660
7149.80663	0.00439
7147.87790	0.00532
7145.94917	0.00878
7144.02044	0.00940
7142.09171	0.00642
7140.16297	0.00452
7138.23424	0.00621
7136.30551	0.00849
7134.37678	0.00879
7132.44805	0.00897
7130.51932	0.01028
7128.59059	0.01058
7126.66186	0.00899
7124.73312	0.00776
7122.80439	0.00775
7120.87566	0.00739
7118.94693	0.00603
7117.01820	0.00466
7115.08947	0.00373
7113.16074	0.00307
7111.23201	0.00370
7109.30328	0.00636
7107.37454	0.00883
7105.44581	0.00890
7103.51708	0.00849
7101.58835	0.00927
7099.65962	0.00918
7097.73089	0.00780
7095.80216	0.00668
7093.87343	0.00625
7091.94469	0.00736
7090.01596	0.00916
7088.08723	0.00908
7086.15850	0.00761
7084.22977	0.00771
7082.30104	0.01061
7080.37231	0.01407
7078.44358	0.01506
7076.51484	0.01304
7074.58611	0.00981
7072.65738	0.00741
7070.72865	0.00658
7068.79992	0.00692
7066.87119	0.00770
7064.94246	0.00877
7063.01373	0.01012
7061.08499	0.01088
7059.15626	0.01099
7057.22753	0.01120
7055.29880	0.01127
7053.37007	0.01082
7051.44134	0.01065
7049.51261	0.01127
7047.58388	0.01111
7045.65514	0.00965
7043.72641	0.00823
7041.79768	0.00708
7039.86895	0.00622
7037.94022	0.00602
7036.01149	0.00687
7034.08276	0.00953
7032.15403	0.01263
7030.22530	0.01333
7028.29656	0.01121
7026.36783	0.00862
7024.43910	0.00768
7022.51037	0.00810
7020.58164	0.00860
7018.65291	0.00813
7016.72418	0.00684
7014.79545	0.00656
7012.86671	0.00743
7010.93798	0.00803
7009.00925	0.00825
7007.08052	0.00758
7005.15179	0.00608
7003.22306	0.00561
7001.29433	0.00680
6999.36560	0.00927
6997.43686	0.01216
6995.50813	0.01335
6993.57940	0.01250
6991.65067	0.01169
6989.72194	0.01145
6987.79321	0.01079
6985.86448	0.01083
6983.93575	0.01255
6982.00701	0.01355
6980.07828	0.01219
6978.14955	0.01035
6976.22082	0.01026
6974.29209	0.01136
6972.36336	0.01102
6970.43463	0.00941
6968.50590	0.00945
6966.57716	0.01149
6964.64843	0.01297
6962.71970	0.01186
6960.79097	0.00890
6958.86224	0.00672
6956.93351	0.00638
6955.00478	0.00705
6953.07605	0.00788
6951.14732	0.00774
6949.21858	0.00665
6947.28985	0.00624
6945.36112	0.00647
6943.43239	0.00683
6941.50366	0.00826
6939.57493	0.00982
6937.64620	0.00939
6935.71747	0.00802
6933.78873	0.00722
6931.86000	0.00652
6929.93127	0.00656
6928.00254	0.00759
6926.07381	0.00785
6924.14508	0.00736
6922.21635	0.00802
6920.28762	0.00969
6918.35888	0.01058
6916.43015	0.01054
6914.50142	0.01015
6912.57269	0.00884
6910.64396	0.00670
6908.71523	0.00522
6906.78650	0.00590
6904.85777	0.00801
6902.92903	0.00864
6901.00030	0.00792
6899.07157	0.00840
6897.14284	0.00903
6895.21411	0.00799
6893.28538	0.00726
6891.35665	0.00858
6889.42792	0.01027
6887.49918	0.01058
6885.57045	0.00997
6883.64172	0.00931
6881.71299	0.00876
6879.78426	0.00778
6877.85553	0.00636
6875.92680	0.00601
6873.99807	0.00740
6872.06934	0.00950
6870.14060	0.01090
6868.21187	0.01131
6866.28314	0.01194
6864.35441	0.01310
6862.42568	0.01314
6860.49695	0.01082
6858.56822	0.00786
6856.63949	0.00650
6854.71075	0.00663
6852.78202	0.00774
6850.85329	0.00902
6848.92456	0.00887
6846.99583	0.00873
6845.06710	0.00848
6843.13837	0.00784
6841.20964	0.00769
6839.28090	0.00799
6837.35217	0.00723
6835.42344	0.00675
6833.49471	0.00771
6831.56598	0.00838
6829.63725	0.00893
6827.70852	0.00973
6825.77979	0.00908
6823.85105	0.00763
6821.92232	0.00755
6819.99359	0.00832
6818.06486	0.00780
6816.13613	0.00645
6814.20740	0.00656
6812.27867	0.00800
6810.34994	0.00908
6808.42120	0.00872
6806.49247	0.00678
6804.56374	0.00543
6802.63501	0.00584
6800.70628	0.00626
6798.77755	0.00630
6796.84882	0.00620
6794.92009	0.00552
6792.99136	0.00530
6791.06262	0.00562
6789.13389	0.00465
6787.20516	0.00407
6785.27643	0.00646
6783.34770	0.00835
6781.41897	0.00730
6779.49024	0.00664
6777.56151	0.00702
6775.63277	0.00657
6773.70404	0.00636
6771.77531	0.00679
6769.84658	0.00615
6767.91785	0.00494
6765.98912	0.00419
6764.06039	0.00383
6762.13166	0.00467
6760.20292	0.00672
6758.27419	0.00773
6756.34546	0.00650
6754.41673	0.00539
6752.48800	0.00600
6750.55927	0.00636
6748.63054	0.00622
6746.70181	0.00675
6744.77307	0.00707
6742.84434	0.00658
6740.91561	0.00570
6738.98688	0.00502
6737.05815	0.00513
6735.12942	0.00628
6733.20069	0.00815
6731.27196	0.00942
6729.34322	0.00886
6727.41449	0.00698
6725.48576	0.00591
6723.55703	0.00682
6721.62830	0.00790
6719.69957	0.00781
6717.77084	0.00678
6715.84211	0.00442
6713.91338	0.00227
6711.98464	0.00272
6710.05591	0.00443
6708.12718	0.00496
6706.19845	0.00512
6704.26972	0.00588
6702.34099	0.00577
6700.41226	0.00529
6698.48353	0.00609
6696.55479	0.00668
6694.62606	0.00611
6692.69733	0.00548
6690.76860	0.00442
6688.83987	0.00319
6686.91114	0.00376
6684.98241	0.00517
6683.05368	0.00530
6681.12494	0.00474
6679.19621	0.00445
6677.26748	0.00421
6675.33875	0.00354
6673.41002	0.00321
6671.48129	0.00432
6669.55256	0.00570
6667.62383	0.00596
6665.69509	0.00517
6663.76636	0.00464
6661.83763	0.00555
6659.90890	0.00618
6657.98017	0.00564
6656.05144	0.00608
6654.12271	0.00698
6652.19398	0.00586
6650.26524	0.00350
6648.33651	0.00191
6646.40778	0.00200
6644.47905	0.00366
6642.55032	0.00523
6640.62159	0.00568
6638.69286	0.00564
6636.76413	0.00554
6634.83540	0.00540
6632.90666	0.00516
6630.97793	0.00550
6629.04920	0.00684
6627.12047	0.00769
6625.19174	0.00707
6623.26301	0.00596
6621.33428	0.00563
6619.40555	0.00658
6617.47681	0.00768
6615.54808	0.00706
6613.61935	0.00519
6611.69062	0.00403
6609.76189	0.00391
6607.83316	0.00374
6605.90443	0.00351
6603.97570	0.00414
6602.04696	0.00495
6600.11823	0.00522
6598.18950	0.00533
6596.26077	0.00526
6594.33204	0.00529
6592.40331	0.00538
6590.47458	0.00456
6588.54585	0.00302
6586.61711	0.00182
6584.68838	0.00164
6582.75965	0.00238
6580.83092	0.00402
6578.90219	0.00624
6576.97346	0.00760
6575.04473	0.00726
6573.11600	0.00563
6571.18726	0.00420
6569.25853	0.00427
6567.32980	0.00487
6565.40107	0.00435
6563.47234	0.00308
6561.54361	0.00269
6559.61488	0.00327
6557.68615	0.00381
6555.75742	0.00449
6553.82868	0.00540
6551.89995	0.00539
6549.97122	0.00424
6548.04249	0.00378
6546.11376	0.00458
6544.18503	0.00493
6542.25630	0.00475
6540.32757	0.00497
6538.39883	0.00485
6536.47010	0.00413
6534.54137	0.00408
6532.61264	0.00454
6530.68391	0.00398
6528.75518	0.00325
6526.82645	0.00399
6524.89772	0.00478
6522.96898	0.00428
6521.04025	0.00393
6519.11152	0.00391
6517.18279	0.00292
6515.25406	0.00175
6513.32533	0.00166
6511.39660	0.00206
6509.46787	0.00271
6507.53913	0.00433
6505.61040	0.00605
6503.68167	0.00586
6501.75294	0.00448
6499.82421	0.00390
6497.89548	0.00393
6495.96675	0.00401
6494.03802	0.00431
6492.10928	0.00447
6490.18055	0.00424
6488.25182	0.00389
6486.32309	0.00367
6484.39436	0.00344
6482.46563	0.00270
6480.53690	0.00214
6478.60817	0.00254
6476.67944	0.00300
6474.75070	0.00351
6472.82197	0.00499
6470.89324	0.00594
6468.96451	0.00513
6467.03578	0.00427
6465.10705	0.00398
6463.17832	0.00325
6461.24959	0.00317
6459.32085	0.00440
6457.39212	0.00473
6455.46339	0.00357
6453.53466	0.00299
6451.60593	0.00313
6449.67720	0.00265
6447.74847	0.00252
6445.81974	0.00393
6443.89100	0.00473
6441.96227	0.00340
6440.03354	0.00191
6438.10481	0.00150
6436.17608	0.00151
6434.24735	0.00183
6432.31862	0.00266
6430.38989	0.00326
6428.46115	0.00298
6426.53242	0.00258
6424.60369	0.00254
6422.67496	0.00251
6420.74623	0.00286
6418.81750	0.00325
6416.88877	0.00293
6414.96004	0.00256
6413.03130	0.00312
6411.10257	0.00410
6409.17384	0.00400
6407.24511	0.00324
6405.31638	0.00352
6403.38765	0.00456
6401.45892	0.00509
6399.53019	0.00516
6397.60146	0.00497
6395.67272	0.00423
6393.74399	0.00363
6391.81526	0.00364
6389.88653	0.00370
6387.95780	0.00373
6386.02907	0.00376
6384.10034	0.00369
6382.17161	0.00386
6380.24287	0.00417
6378.31414	0.00424
6376.38541	0.00375
6374.45668	0.00250
6372.52795	0.00173
6370.59922	0.00264
6368.67049	0.00426
6366.74176	0.00510
6364.81302	0.00461
6362.88429	0.00387
6360.95556	0.00433
6359.02683	0.00517
6357.09810	0.00492
6355.16937	0.00406
6353.24064	0.00379
6351.31191	0.00437
6349.38317	0.00461
6347.45444	0.00407
6345.52571	0.00374
6343.59698	0.00321
6341.66825	0.00214
6339.73952	0.00148
6337.81079	0.00144
6335.88206	0.00151
6333.95332	0.00146
6332.02459	0.00169
6330.09586	0.00284
6328.16713	0.00406
6326.23840	0.00377
6324.30967	0.00290
6322.38094	0.00342
6320.45221	0.00434
6318.52348	0.00427
6316.59474	0.00387
6314.66601	0.00371
6312.73728	0.00376
6310.80855	0.00430
6308.87982	0.00540
6306.95109	0.00604
6305.02236	0.00531
6303.09363	0.00425
6301.16489	0.00444
6299.23616	0.00544
6297.30743	0.00567
6295.37870	0.00525
6293.44997	0.00507
6291.52124	0.00487
6289.59251	0.00408
6287.66378	0.00298
6285.73504	0.00250
6283.80631	0.00270
6281.87758	0.00298
6279.94885	0.00318
6278.02012	0.00347
6276.09139	0.00406
6274.16266	0.00467
6272.23393	0.00458
6270.30519	0.00420
6268.37646	0.00438
6266.44773	0.00423
6264.51900	0.00365
6262.59027	0.00375
6260.66154	0.00405
6258.73281	0.00436
6256.80408	0.00506
6254.87534	0.00517
6252.94661	0.00405
6251.01788	0.00245
6249.08915	0.00124
6247.16042	0.00074
6245.23169	0.00095
6243.30296	0.00212
6241.37423	0.00390
6239.44550	0.00483
6237.51676	0.00455
6235.58803	0.00430
6233.65930	0.00457
6231.73057	0.00496
6229.80184	0.00498
6227.87311	0.00429
6225.94438	0.00366
6224.01565	0.00375
6222.08691	0.00382
6220.15818	0.00363
6218.22945	0.00359
6216.30072	0.00342
6214.37199	0.00281
6212.44326	0.00231
6210.51453	0.00261
6208.58580	0.00341
6206.65706	0.00421
6204.72833	0.00493
6202.79960	0.00512
6200.87087	0.00461
6198.94214	0.00415
6197.01341	0.00430
6195.08468	0.00461
6193.15595	0.00447
6191.22721	0.00437
6189.29848	0.00493
6187.36975	0.00534
6185.44102	0.00475
6183.51229	0.00387
6181.58356	0.00368
6179.65483	0.00368
6177.72610	0.00303
6175.79736	0.00253
6173.86863	0.00307
6171.93990	0.00390
6170.01117	0.00387
6168.08244	0.00325
6166.15371	0.00326
6164.22498	0.00388
6162.29625	0.00427
6160.36752	0.00432
6158.43878	0.00417
6156.51005	0.00435
6154.58132	0.00482
6152.65259	0.00437
6150.72386	0.00314
6148.79513	0.00249
6146.86640	0.00263
6144.93767	0.00281
6143.00893	0.00290
6141.08020	0.00324
6139.15147	0.00363
6137.22274	0.00374
6135.29401	0.00358
6133.36528	0.00339
6131.43655	0.00305
6129.50782	0.00270
6127.57908	0.00272
6125.65035	0.00255
6123.72162	0.00211
6121.79289	0.00232
6119.86416	0.00307
6117.93543	0.00327
6116.00670	0.00288
6114.07797	0.00288
6112.14923	0.00325
6110.22050	0.00334
6108.29177	0.00342
6106.36304	0.00372
6104.43431	0.00403
6102.50558	0.00454
6100.57685	0.00515
6098.64812	0.00481
6096.71938	0.00337
6094.79065	0.00215
6092.86192	0.00183
6090.93319	0.00185
6089.00446	0.00188
6087.07573	0.00201
6085.14700	0.00244
6083.21827	0.00326
6081.28954	0.00380
6079.36080	0.00336
6077.43207	0.00251
6075.50334	0.00241
6073.57461	0.00320
6071.64588	0.00382
6069.71715	0.00351
6067.78842	0.00279
6065.85969	0.00210
6063.93095	0.00144
6062.00222	0.00116
6060.07349	0.00130
6058.14476	0.00174
6056.21603	0.00260
6054.28730	0.00309
6052.35857	0.00264
6050.42984	0.00217
6048.50110	0.00238
6046.57237	0.00277
6044.64364	0.00284
6042.71491	0.00299
6040.78618	0.00333
6038.85745	0.00333
6036.92872	0.00276
6034.99999	0.00197
6033.07125	0.00158
6031.14252	0.00167
6029.21379	0.00187
6027.28506	0.00219
6025.35633	0.00252
6023.42760	0.00267
6021.49887	0.00249
6019.57014	0.00190
6017.64140	0.00185
6015.71267	0.00274
6013.78394	0.00314
6011.85521	0.00258
6009.92648	0.00218
6007.99775	0.00236
6006.06902	0.00265
6004.14029	0.00283
6002.21156	0.00324
6000.28282	0.00364
5998.35409	0.00324
5996.42536	0.00244
5994.49663	0.00217
5992.56790	0.00231
5990.63917	0.00233
5988.71044	0.00187
5986.78171	0.00128
5984.85297	0.00152
5982.92424	0.00246
5980.99551	0.00299
5979.06678	0.00281
5977.13805	0.00235
5975.20932	0.00181
5973.28059	0.00130
5971.35186	0.00132
5969.42312	0.00186
5967.49439	0.00210
5965.56566	0.00201
5963.63693	0.00207
5961.70820	0.00221
5959.77947	0.00232
5957.85074	0.00250
5955.92201	0.00291
5953.99327	0.00330
5952.06454	0.00333
5950.13581	0.00297
5948.20708	0.00221
5946.27835	0.00153
5944.34962	0.00153
5942.42089	0.00197
5940.49216	0.00225
5938.56342	0.00231
5936.63469	0.00267
5934.70596	0.00319
5932.77723	0.00312
5930.84850	0.00251
5928.91977	0.00201
5926.99104	0.00167
5925.06231	0.00124
5923.13358	0.00109
5921.20484	0.00138
5919.27611	0.00145
5917.34738	0.00124
5915.41865	0.00120
5913.48992	0.00132
5911.56119	0.00144
5909.63246	0.00168
5907.70373	0.00221
5905.77499	0.00282
5903.84626	0.00308
5901.91753	0.00296
5899.98880	0.00262
5898.06007	0.00205
5896.13134	0.00161
5894.20261	0.00179
5892.27388	0.00224
5890.34514	0.00265
5888.41641	0.00322
5886.48768	0.00354
5884.55895	0.00302
5882.63022	0.00233
5880.70149	0.00244
5878.77276	0.00272
5876.84403	0.00262
5874.91529	0.00287
5872.98656	0.00329
5871.05783	0.00310
5869.12910	0.00295
5867.20037	0.00330
5865.27164	0.00322
5863.34291	0.00262
5861.41418	0.00234
5859.48544	0.00246
5857.55671	0.00242
5855.62798	0.00204
5853.69925	0.00170
5851.77052	0.00152
5849.84179	0.00142
5847.91306	0.00149
5845.98433	0.00169
5844.05560	0.00196
5842.12686	0.00209
5840.19813	0.00227
5838.26940	0.00276
5836.34067	0.00315
5834.41194	0.00290
5832.48321	0.00214
5830.55448	0.00145
5828.62575	0.00111
5826.69701	0.00112
5824.76828	0.00142
5822.83955	0.00167
5820.91082	0.00167
5818.98209	0.00139
5817.05336	0.00124
5815.12463	0.00190
5813.19590	0.00272
5811.26716	0.00252
5809.33843	0.00180
5807.40970	0.00170
5805.48097	0.00211
5803.55224	0.00224
5801.62351	0.00184
5799.69478	0.00114
5797.76605	0.00061
5795.83731	0.00055
5793.90858	0.00060
5791.97985	0.00072
5790.05112	0.00108
5788.12239	0.00141
5786.19366	0.00152
5784.26493	0.00134
5782.33620	0.00105
5780.40746	0.00105
5778.47873	0.00135
5776.55000	0.00160
5774.62127	0.00155
5772.69254	0.00142
5770.76381	0.00158
5768.83508	0.00181
5766.90635	0.00165
5764.97762	0.00134
5763.04888	0.00127
5761.12015	0.00115
5759.19142	0.00079
5757.26269	0.00035
5755.33396	0.00004
5753.40523	0.00038
5751.47650	0.00133
5749.54777	0.00189
5747.61903	0.00170
5745.69030	0.00175
5743.76157	0.00222
5741.83284	0.00193
5739.90411	0.00090
5737.97538	0.00056
5736.04665	0.00113
5734.11792	0.00153
5732.18918	0.00127
5730.26045	0.00088
5728.33172	0.00090
5726.40299	0.00108
5724.47426	0.00083
5722.54553	0.00019
5720.61680	-0.00027
5718.68807	-0.00017
5716.75933	0.00048
5714.83060	0.00127
5712.90187	0.00168
5710.97314	0.00152
5709.04441	0.00110
5707.11568	0.00130
5705.18695	0.00226
5703.25822	0.00292
5701.32948	0.00259
5699.40075	0.00170
5697.47202	0.00083
5695.54329	0.00029
5693.61456	0.00050
5691.68583	0.00137
5689.75710	0.00214
5687.82837	0.00246
5685.89964	0.00230
5683.97090	0.00169
5682.04217	0.00096
5680.11344	0.00032
5678.18471	0.00011
5676.25598	0.00045
5674.32725	0.00077
5672.39852	0.00083
5670.46979	0.00089
5668.54105	0.00088
5666.61232	0.00062
5664.68359	0.00028
5662.75486	0.00017
5660.82613	0.00031
5658.89740	0.00052
5656.96867	0.00070
5655.03994	0.00083
5653.11120	0.00097
5651.18247	0.00136
5649.25374	0.00160
5647.32501	0.00108
5645.39628	0.00033
5643.46755	0.00007
5641.53882	0.00023
5639.61009	0.00043
5637.68135	0.00044
5635.75262	0.00033
5633.82389	0.00022
5631.89516	0.00025
5629.96643	0.00018
5628.03770	-0.00007
5626.10897	0.00019
5624.18024	0.00089
5622.25150	0.00092
5620.32277	0.00043
5618.39404	0.00059
5616.46531	0.00139
5614.53658	0.00187
5612.60785	0.00165
5610.67912	0.00095
5608.75039	0.00027
5606.82166	-0.00003
5604.89292	-0.00011
5602.96419	-0.00021
5601.03546	-0.00031
5599.10673	-0.00062
5597.17800	-0.00047
5595.24927	-0.00015
5593.32054	0.00015
5591.39181	0.00041
5589.46307	0.00060
5587.53434	0.00065
5585.60561	0.00071
5583.67688	0.00103
5581.74815	0.00136
5579.81942	0.00128
5577.89069	0.00075
5575.96196	0.00018
5574.03322	-0.00017
5572.10449	-0.00035
5570.17576	-0.00039
5568.24703	-0.00047
5566.31830	-0.00053
5564.38957	-0.00044
5562.46084	-0.00030
5560.53211	-0.00009
5558.60337	0.00008
5556.67464	-0.00003
5554.74591	-0.00015
5552.81718	-0.00001
5550.88845	0.00005
5548.95972	-0.00022
5547.03099	-0.00054
5545.10226	-0.00054
5543.17352	-0.00040
5541.24479	-0.00064
5539.31606	-0.00116
5537.38733	-0.00136
5535.45860	-0.00087
5533.52987	0.00003
5531.60114	0.00043
5529.67241	0.00004
5527.74368	-0.00030
5525.81494	-0.00023
5523.88621	-0.00029
5521.95748	-0.00070
5520.02875	-0.00112
5518.10002	-0.00138
5516.17129	-0.00138
5514.24256	-0.00091
5512.31383	-0.00027
5510.38509	-0.00031
5508.45636	-0.00131
5506.52763	-0.00231
5504.59890	-0.00242
5502.67017	-0.00171
5500.74144	-0.00083
5498.81271	-0.00019
5496.88398	0.00002
5494.95524	-0.00061
5493.02651	-0.00210
5491.09778	-0.00344
5489.16905	-0.00368
5487.24032	-0.00303
5485.31159	-0.00210
5483.38286	-0.00123
5481.45413	-0.00051
5479.52539	-0.00053
5477.59666	-0.00188
5475.66793	-0.00366
5473.73920	-0.00402
5471.81047	-0.00286
5469.88174	-0.00182
5467.95301	-0.00155
5466.02428	-0.00173
5464.09554	-0.00238
5462.16681	-0.00336
5460.23808	-0.00403
5458.30935	-0.00396
5456.38062	-0.00335
5454.45189	-0.00264
5452.52316	-0.00247
5450.59443	-0.00325
5448.66570	-0.00442
5446.73696	-0.00532
5444.80823	-0.00571
5442.87950	-0.00577
5440.95077	-0.00558
5439.02204	-0.00490
5437.09331	-0.00430
5435.16458	-0.00414
5433.23585	-0.00398
5431.30711	-0.00438
5429.37838	-0.00551
5427.44965	-0.00557
5425.52092	-0.00395
5423.59219	-0.00227
5421.66346	-0.00138
5419.73473	-0.00105
5417.80600	-0.00158
5415.87726	-0.00364
5413.94853	-0.00632
5412.01980	-0.00758
5410.09107	-0.00682
5408.16234	-0.00515
5406.23361	-0.00354
5404.30488	-0.00242
5402.37615	-0.00170
5400.44741	-0.00139
5398.51868	-0.00193
5396.58995	-0.00353
5394.66122	-0.00506
5392.73249	-0.00494
5390.80376	-0.00373
5388.87503	-0.00349
5386.94630	-0.00448
5385.01756	-0.00490
5383.08883	-0.00396
5381.16010	-0.00309
5379.23137	-0.00370
5377.30264	-0.00512
5375.37391	-0.00548
5373.44518	-0.00430
5371.51645	-0.00285
5369.58772	-0.00226
5367.65898	-0.00269
5365.73025	-0.00375
5363.80152	-0.00457
5361.87279	-0.00428
5359.94406	-0.00332
5358.01533	-0.00317
5356.08660	-0.00453
5354.15787	-0.00624
5352.22913	-0.00663
5350.30040	-0.00599
5348.37167	-0.00611
5346.44294	-0.00740
5344.51421	-0.00822
5342.58548	-0.00772
5340.65675	-0.00743
5338.72802	-0.00792
5336.79928	-0.00768
5334.87055	-0.00641
5332.94182	-0.00539
5331.01309	-0.00525
5329.08436	-0.00562
5327.15563	-0.00548
5325.22690	-0.00416
5323.29817	-0.00251
5321.36943	-0.00172
5319.44070	-0.00180
5317.51197	-0.00209
5315.58324	-0.00228
5313.65451	-0.00252
5311.72578	-0.00301
5309.79705	-0.00379
5307.86832	-0.00448
5305.93958	-0.00430
5304.01085	-0.00348
5302.08212	-0.00308
5300.15339	-0.00327
5298.22466	-0.00348
5296.29593	-0.00338
5294.36720	-0.00316
5292.43847	-0.00343
5290.50974	-0.00401
5288.58100	-0.00399
5286.65227	-0.00363
5284.72354	-0.00371
5282.79481	-0.00394
5280.86608	-0.00380
5278.93735	-0.00332
5277.00862	-0.00273
5275.07989	-0.00237
5273.15115	-0.00241
5271.22242	-0.00275
5269.29369	-0.00330
5267.36496	-0.00411
5265.43623	-0.00528
5263.50750	-0.00622
5261.57877	-0.00597
5259.65004	-0.00495
5257.72130	-0.00461
5255.79257	-0.00530
5253.86384	-0.00577
5251.93511	-0.00566
5250.00638	-0.00602
5248.07765	-0.00679
5246.14892	-0.00700
5244.22019	-0.00629
5242.29145	-0.00506
5240.36272	-0.00418
5238.43399	-0.00432
5236.50526	-0.00495
5234.57653	-0.00534
5232.64780	-0.00552
5230.71907	-0.00579
5228.79034	-0.00642
5226.86160	-0.00741
5224.93287	-0.00803
5223.00414	-0.00769
5221.07541	-0.00711
5219.14668	-0.00688
5217.21795	-0.00651
5215.28922	-0.00578
5213.36049	-0.00529
5211.43176	-0.00578
5209.50302	-0.00735
5207.57429	-0.00902
5205.64556	-0.00920
5203.71683	-0.00775
5201.78810	-0.00643
5199.85937	-0.00636
5197.93064	-0.00711
5196.00191	-0.00774
5194.07317	-0.00771
5192.14444	-0.00732
5190.21571	-0.00726
5188.28698	-0.00784
5186.35825	-0.00852
5184.42952	-0.00844
5182.50079	-0.00755
5180.57206	-0.00667
5178.64332	-0.00633
5176.71459	-0.00637
5174.78586	-0.00657
5172.85713	-0.00687
5170.92840	-0.00708
5168.99967	-0.00695
5167.07094	-0.00665
5165.14221	-0.00675
5163.21347	-0.00728
5161.28474	-0.00765
5159.35601	-0.00767
5157.42728	-0.00756
5155.49855	-0.00736
5153.56982	-0.00693
5151.64109	-0.00652
5149.71236	-0.00643
5147.78362	-0.00651
5145.85489	-0.00663
5143.92616	-0.00693
5141.99743	-0.00725
5140.06870	-0.00718
5138.13997	-0.00682
5136.21124	-0.00668
5134.28251	-0.00675
5132.35378	-0.00672
5130.42504	-0.00656
5128.49631	-0.00628
5126.56758	-0.00600
5124.63885	-0.00593
5122.71012	-0.00602
5120.78139	-0.00607
5118.85266	-0.00599
5116.92393	-0.00598
5114.99519	-0.00606
5113.06646	-0.00608
5111.13773	-0.00611
5109.20900	-0.00625
5107.28027	-0.00624
5105.35154	-0.00605
5103.42281	-0.00591
5101.49408	-0.00588
5099.56534	-0.00601
5097.63661	-0.00620
5095.70788	-0.00625
5093.77915	-0.00624
5091.85042	-0.00629
5089.92169	-0.00613
5087.99296	-0.00580
5086.06423	-0.00563
5084.13549	-0.00554
5082.20676	-0.00527
5080.27803	-0.00495
5078.34930	-0.00484
5076.42057	-0.00496
5074.49184	-0.00505
5072.56311	-0.00490
5070.63438	-0.00471
5068.70564	-0.00477
5066.77691	-0.00489
5064.84818	-0.00480
5062.91945	-0.00469
5060.99072	-0.00468
5059.06199	-0.00477
5057.13326	-0.00489
5055.20453	-0.00497
5053.27580	-0.00498
5051.34706	-0.00501
5049.41833	-0.00512
5047.48960	-0.00527
5045.56087	-0.00540
5043.63214	-0.00527
5041.70341	-0.00486
5039.77468	-0.00457
5037.84595	-0.00453
5035.91721	-0.00473
5033.98848	-0.00516
5032.05975	-0.00551
5030.13102	-0.00544
5028.20229	-0.00506
5026.27356	-0.00477
5024.34483	-0.00477
5022.41610	-0.00479
5020.48736	-0.00468
5018.55863	-0.00462
5016.62990	-0.00473
5014.70117	-0.00482
5012.77244	-0.00475
5010.84371	-0.00470
5008.91498	-0.00470
5006.98625	-0.00458
5005.05751	-0.00451
5003.12878	-0.00460
5001.20005	-0.00457
4999.27132	-0.00448
4997.34259	-0.00447
4995.41386	-0.00481
4993.48513	-0.00530
4991.55640	-0.00542
4989.62766	-0.00511
4987.69893	-0.00469
4985.77020	-0.00431
4983.84147	-0.00403
4981.91274	-0.00409
4979.98401	-0.00437
4978.05528	-0.00441
4976.12655	-0.00413
4974.19782	-0.00398
4972.26908	-0.00406
4970.34035	-0.00407
4968.41162	-0.00410
4966.48289	-0.00442
4964.55416	-0.00477
4962.62543	-0.00465
4960.69670	-0.00427
4958.76797	-0.00422
4956.83923	-0.00454
4954.91050	-0.00475
4952.98177	-0.00470
4951.05304	-0.00466
4949.12431	-0.00472
4947.19558	-0.00464
4945.26685	-0.00429
4943.33812	-0.00393
4941.40938	-0.00386
4939.48065	-0.00412
4937.55192	-0.00444
4935.62319	-0.00472
4933.69446	-0.00488
4931.76573	-0.00482
4929.83700	-0.00473
4927.90827	-0.00473
4925.97953	-0.00472
4924.05080	-0.00463
4922.12207	-0.00449
4920.19334	-0.00442
4918.26461	-0.00448
4916.33588	-0.00442
4914.40715	-0.00419
4912.47842	-0.00415
4910.54968	-0.00427
4908.62095	-0.00418
4906.69222	-0.00405
4904.76349	-0.00426
4902.83476	-0.00454
4900.90603	-0.00456
4898.97730	-0.00451
4897.04857	-0.00457
4895.11984	-0.00457
4893.19110	-0.00429
4891.26237	-0.00401
4889.33364	-0.00400
4887.40491	-0.00421
4885.47618	-0.00436
4883.54745	-0.00436
4881.61872	-0.00451
4879.68999	-0.00478
4877.76125	-0.00475
4875.83252	-0.00444
4873.90379	-0.00435
4871.97506	-0.00465
4870.04633	-0.00499
4868.11760	-0.00508
4866.18887	-0.00489
4864.26014	-0.00462
4862.33140	-0.00455
4860.40267	-0.00478
4858.47394	-0.00514
4856.54521	-0.00533
4854.61648	-0.00531
4852.68775	-0.00531
4850.75902	-0.00530
4848.83029	-0.00514
4846.90155	-0.00510
4844.97282	-0.00528
4843.04409	-0.00535
4841.11536	-0.00521
4839.18663	-0.00518
4837.25790	-0.00528
4835.32917	-0.00507
4833.40044	-0.00470
4831.47170	-0.00483
4829.54297	-0.00541
4827.61424	-0.00566
4825.68551	-0.00539
4823.75678	-0.00520
4821.82805	-0.00527
4819.89932	-0.00523
4817.97059	-0.00500
4816.04186	-0.00496
4814.11312	-0.00525
4812.18439	-0.00554
4810.25566	-0.00566
4808.32693	-0.00563
4806.39820	-0.00561
4804.46947	-0.00577
4802.54074	-0.00591
4800.61201	-0.00577
4798.68327	-0.00544
4796.75454	-0.00526
4794.82581	-0.00530
4792.89708	-0.00548
4790.96835	-0.00578
4789.03962	-0.00599
4787.11089	-0.00605
4785.18216	-0.00604
4783.25342	-0.00583
4781.32469	-0.00553
4779.39596	-0.00547
4777.46723	-0.00562
4775.53850	-0.00575
4773.60977	-0.00574
4771.68104	-0.00565
4769.75231	-0.00558
4767.82357	-0.00560
4765.89484	-0.00580
4763.96611	-0.00620
4762.03738	-0.00657
4760.10865	-0.00669
4758.17992	-0.00671
4756.25119	-0.00681
4754.32246	-0.00696
4752.39372	-0.00705
4750.46499	-0.00694
4748.53626	-0.00671
4746.60753	-0.00658
4744.67880	-0.00650
4742.75007	-0.00646
4740.82134	-0.00659
4738.89261	-0.00672
4736.96388	-0.00664
4735.03514	-0.00658
4733.10641	-0.00678
4731.17768	-0.00697
4729.24895	-0.00688
4727.32022	-0.00665
4725.39149	-0.00653
4723.46276	-0.00664
4721.53403	-0.00675
4719.60529	-0.00664
4717.67656	-0.00655
4715.74783	-0.00677
4713.81910	-0.00715
4711.89037	-0.00739
4709.96164	-0.00737
4708.03291	-0.00718
4706.10418	-0.00698
4704.17544	-0.00682
4702.24671	-0.00662
4700.31798	-0.00648
4698.38925	-0.00650
4696.46052	-0.00670
4694.53179	-0.00705
4692.60306	-0.00722
4690.67433	-0.00701
4688.74559	-0.00667
4686.81686	-0.00639
4684.88813	-0.00626
4682.95940	-0.00629
4681.03067	-0.00630
4679.10194	-0.00625
4677.17321	-0.00622
4675.24448	-0.00622
4673.31574	-0.00634
4671.38701	-0.00647
4669.45828	-0.00647
4667.52955	-0.00638
4665.60082	-0.00622
4663.67209	-0.00604
4661.74336	-0.00608
4659.81463	-0.00623
4657.88590	-0.00626
4655.95716	-0.00647
4654.02843	-0.00687
4652.09970	-0.00692
4650.17097	-0.00662
4648.24224	-0.00637
4646.31351	-0.00632
4644.38478	-0.00643
4642.45605	-0.00660
4640.52731	-0.00661
4638.59858	-0.00640
4636.66985	-0.00612
4634.74112	-0.00607
4632.81239	-0.00628
4630.88366	-0.00642
4628.95493	-0.00649
4627.02620	-0.00671
4625.09746	-0.00692
4623.16873	-0.00686
4621.24000	-0.00663
4619.31127	-0.00643
4617.38254	-0.00626
4615.45381	-0.00610
4613.52508	-0.00612
4611.59635	-0.00640
4609.66761	-0.00656
4607.73888	-0.00633
4605.81015	-0.00602
4603.88142	-0.00591
4601.95269	-0.00584
4600.02396	-0.00571
4598.09523	-0.00570
4596.16650	-0.00588
4594.23776	-0.00611
4592.30903	-0.00626
4590.38030	-0.00627
4588.45157	-0.00622
4586.52284	-0.00633
4584.59411	-0.00670
4582.66538	-0.00698
4580.73665	-0.00686
4578.80792	-0.00646
4576.87918	-0.00613
4574.95045	-0.00602
4573.02172	-0.00611
4571.09299	-0.00624
4569.16426	-0.00618
4567.23553	-0.00605
4565.30680	-0.00612
4563.37807	-0.00624
4561.44933	-0.00631
4559.52060	-0.00642
4557.59187	-0.00654
4555.66314	-0.00661
4553.73441	-0.00666
4551.80568	-0.00670
4549.87695	-0.00663
4547.94822	-0.00635
4546.01948	-0.00606
4544.09075	-0.00604
4542.16202	-0.00628
4540.23329	-0.00651
4538.30456	-0.00650
4536.37583	-0.00643
4534.44710	-0.00654
4532.51837	-0.00680
4530.58963	-0.00691
4528.66090	-0.00674
4526.73217	-0.00652
4524.80344	-0.00648
4522.87471	-0.00648
4520.94598	-0.00641
4519.01725	-0.00644
4517.08852	-0.00674
4515.15978	-0.00708
4513.23105	-0.00714
4511.30232	-0.00701
4509.37359	-0.00700
4507.44486	-0.00718
4505.51613	-0.00743
4503.58740	-0.00754
4501.65867	-0.00747
4499.72994	-0.00732
4497.80120	-0.00726
4495.87247	-0.00734
4493.94374	-0.00742
4492.01501	-0.00736
4490.08628	-0.00723
4488.15755	-0.00717
4486.22882	-0.00716
4484.30009	-0.00723
4482.37135	-0.00742
4480.44262	-0.00761
4478.51389	-0.00761
4476.58516	-0.00745
4474.65643	-0.00732
4472.72770	-0.00739
4470.79897	-0.00754
4468.87024	-0.00759
4466.94150	-0.00752
4465.01277	-0.00739
4463.08404	-0.00731
4461.15531	-0.00748
4459.22658	-0.00778
4457.29785	-0.00790
4455.36912	-0.00785
4453.44039	-0.00779
4451.51165	-0.00771
4449.58292	-0.00770
4447.65419	-0.00766
4445.72546	-0.00747
4443.79673	-0.00741
4441.86800	-0.00761
4439.93927	-0.00762
4438.01054	-0.00741
4436.08180	-0.00736
4434.15307	-0.00746
4432.22434	-0.00741
4430.29561	-0.00731
4428.36688	-0.00742
4426.43815	-0.00759
4424.50942	-0.00760
4422.58069	-0.00757
4420.65196	-0.00762
4418.72322	-0.00779
4416.79449	-0.00797
4414.86576	-0.00790
4412.93703	-0.00757
4411.00830	-0.00733
4409.07957	-0.00747
4407.15084	-0.00772
4405.22211	-0.00774
4403.29337	-0.00768
4401.36464	-0.00775
4399.43591	-0.00781
4397.50718	-0.00772
4395.57845	-0.00760
4393.64972	-0.00763
4391.72099	-0.00768
4389.79226	-0.00771
4387.86352	-0.00779
4385.93479	-0.00772
4384.00606	-0.00754
4382.07733	-0.00742
4380.14860	-0.00734
4378.21987	-0.00734
4376.29114	-0.00752
4374.36241	-0.00775
4372.43367	-0.00787
4370.50494	-0.00783
4368.57621	-0.00782
4366.64748	-0.00786
4364.71875	-0.00776
4362.79002	-0.00754
4360.86129	-0.00744
4358.93256	-0.00747
4357.00382	-0.00749
4355.07509	-0.00742
4353.14636	-0.00734
4351.21763	-0.00737
4349.28890	-0.00750
4347.36017	-0.00749
4345.43144	-0.00731
4343.50271	-0.00723
4341.57398	-0.00733
4339.64524	-0.00739
4337.71651	-0.00734
4335.78778	-0.00730
4333.85905	-0.00740
4331.93032	-0.00748
4330.00159	-0.00733
4328.07286	-0.00719
4326.14413	-0.00733
4324.21539	-0.00764
4322.28666	-0.00788
4320.35793	-0.00793
4318.42920	-0.00781
4316.50047	-0.00776
4314.57174	-0.00792
4312.64301	-0.00818
4310.71428	-0.00833
4308.78554	-0.00829
4306.85681	-0.00820
4304.92808	-0.00812
4302.99935	-0.00804
4301.07062	-0.00801
4299.14189	-0.00810
4297.21316	-0.00824
4295.28443	-0.00835
4293.35569	-0.00839
4291.42696	-0.00837
4289.49823	-0.00824
4287.56950	-0.00816
4285.64077	-0.00837
4283.71204	-0.00862
4281.78331	-0.00857
4279.85458	-0.00832
4277.92584	-0.00813
4275.99711	-0.00812
4274.06838	-0.00823
4272.13965	-0.00837
4270.21092	-0.00839
4268.28219	-0.00828
4266.35346	-0.00825
4264.42473	-0.00834
4262.49600	-0.00848
4260.56726	-0.00865
4258.63853	-0.00881
4256.70980	-0.00882
4254.78107	-0.00870
4252.85234	-0.00871
4250.92361	-0.00887
4248.99488	-0.00889
4247.06615	-0.00879
4245.13741	-0.00876
4243.20868	-0.00877
4241.27995	-0.00877
4239.35122	-0.00881
4237.42249	-0.00886
4235.49376	-0.00886
4233.56503	-0.00879
4231.63630	-0.00884
4229.70756	-0.00907
4227.77883	-0.00922
4225.85010	-0.00916
4223.92137	-0.00902
4221.99264	-0.00902
4220.06391	-0.00927
4218.13518	-0.00961
4216.20645	-0.00965
4214.27771	-0.00937
4212.34898	-0.00913
4210.42025	-0.00909
4208.49152	-0.00917
4206.56279	-0.00925
4204.63406	-0.00922
4202.70533	-0.00915
4200.77660	-0.00904
4198.84786	-0.00896
4196.91913	-0.00904
4194.99040	-0.00928
4193.06167	-0.00945
4191.13294	-0.00945
4189.20421	-0.00942
4187.27548	-0.00947
4185.34675	-0.00961
4183.41802	-0.00984
4181.48928	-0.00991
4179.56055	-0.00971
4177.63182	-0.00955
4175.70309	-0.00960
4173.77436	-0.00958
4171.84563	-0.00945
4169.91690	-0.00942
4167.98817	-0.00960
4166.05943	-0.00985
4164.13070	-0.00997
4162.20197	-0.00988
4160.27324	-0.00979
4158.34451	-0.00989
4156.41578	-0.01010
4154.48705	-0.01021
4152.55832	-0.01019
4150.62958	-0.01018
4148.70085	-0.01029
4146.77212	-0.01043
4144.84339	-0.01052
4142.91466	-0.01064
4140.98593	-0.01077
4139.05720	-0.01091
4137.12847	-0.01114
4135.19973	-0.01142
4133.27100	-0.01148
4131.34227	-0.01122
4129.41354	-0.01088
4127.48481	-0.01074
4125.55608	-0.01084
4123.62735	-0.01096
4121.69862	-0.01098
4119.76988	-0.01101
4117.84115	-0.01106
4115.91242	-0.01102
4113.98369	-0.01092
4112.05496	-0.01093
4110.12623	-0.01120
4108.19750	-0.01179
4106.26877	-0.01239
4104.34004	-0.01226
4102.41130	-0.01157
4100.48257	-0.01112
4098.55384	-0.01103
4096.62511	-0.01112
4094.69638	-0.01120
4092.76765	-0.01128
4090.83892	-0.01167
4088.91019	-0.01228
4086.98145	-0.01245
4085.05272	-0.01207
4083.12399	-0.01186
4081.19526	-0.01219
4079.26653	-0.01253
4077.33780	-0.01240
4075.40907	-0.01208
4073.48034	-0.01189
4071.55160	-0.01182
4069.62287	-0.01174
4067.69414	-0.01165
4065.76541	-0.01161
4063.83668	-0.01182
4061.90795	-0.01228
4059.97922	-0.01253
4058.05049	-0.01231
4056.12175	-0.01204
4054.19302	-0.01205
4052.26429	-0.01223
4050.33556	-0.01239
4048.40683	-0.01281
4046.47810	-0.01391
4044.54937	-0.01465
4042.62064	-0.01388
4040.69190	-0.01273
4038.76317	-0.01242
4036.83444	-0.01253
4034.90571	-0.01264
4032.97698	-0.01293
4031.04825	-0.01328
4029.11952	-0.01357
4027.19079	-0.01405
4025.26206	-0.01437
4023.33332	-0.01416
4021.40459	-0.01415
4019.47586	-0.01446
4017.54713	-0.01416
4015.61840	-0.01349
4013.68967	-0.01333
4011.76094	-0.01401
4009.83221	-0.01513
4007.90347	-0.01544
4005.97474	-0.01459
4004.04601	-0.01373
4002.11728	-0.01345
4000.18855	-0.01352
3998.25982	-0.01427
3996.33109	-0.01440
3994.40236	-0.01434
3992.47362	-0.01437
3990.54489	-0.01450
3988.61616	-0.01472
3986.68743	-0.01491
3984.75870	-0.01505
3982.82997	-0.01518
3980.90124	-0.01520
3978.97251	-0.01502
3977.04377	-0.01483
3975.11504	-0.01485
3973.18631	-0.01497
3971.25758	-0.01498
3969.32885	-0.01497
3967.40012	-0.01510
3965.47139	-0.01537
3963.54266	-0.01571
3961.61392	-0.01590
3959.68519	-0.01579
3957.75646	-0.01564
3955.82773	-0.01562
3953.89900	-0.01566
3951.97027	-0.01598
3950.04154	-0.01691
3948.11281	-0.01783
3946.18408	-0.01769
3944.25534	-0.01689
3942.32661	-0.01657
3940.39788	-0.01672
3938.46915	-0.01686
3936.54042	-0.01716
3934.61169	-0.01793
3932.68296	-0.01874
3930.75423	-0.01878
3928.82549	-0.01808
3926.89676	-0.01734
3924.96803	-0.01715
3923.03930	-0.01757
3921.11057	-0.01816
3919.18184	-0.01888
3917.25311	-0.01937
3915.32438	-0.01898
3913.39564	-0.01816
3911.46691	-0.01772
3909.53818	-0.01768
3907.60945	-0.01775
3905.68072	-0.01826
3903.75199	-0.01951
3901.82326	-0.02033
3899.89453	-0.02024
3897.96579	-0.02040
3896.03706	-0.02091
3894.10833	-0.02121
3892.17960	-0.02153
3890.25087	-0.02204
3888.32214	-0.02232
3886.39341	-0.02246
3884.46468	-0.02265
3882.53594	-0.02310
3880.60721	-0.02372
3878.67848	-0.02418
3876.74975	-0.02424
3874.82102	-0.02429
3872.89229	-0.02461
3870.96356	-0.02513
3869.03483	-0.02565
3867.10610	-0.02591
3865.17736	-0.02592
3863.24863	-0.02624
3861.31990	-0.02692
3859.39117	-0.02756
3857.46244	-0.02798
3855.53371	-0.02764
3853.60498	-0.02635
3851.67625	-0.02574
3849.74751	-0.02632
3847.81878	-0.02700
3845.89005	-0.02686
3843.96132	-0.02644
3842.03259	-0.02642
3840.10386	-0.02658
3838.17513	-0.02674
3836.24640	-0.02682
3834.31766	-0.02700
3832.38893	-0.02731
3830.46020	-0.02743
3828.53147	-0.02735
3826.60274	-0.02725
3824.67401	-0.02710
3822.74528	-0.02691
3820.81655	-0.02721
3818.88781	-0.02769
3816.95908	-0.02748
3815.03035	-0.02687
3813.10162	-0.02641
3811.17289	-0.02603
3809.24416	-0.02557
3807.31543	-0.02541
3805.38670	-0.02542
3803.45796	-0.02512
3801.52923	-0.02487
3799.60050	-0.02504
3797.67177	-0.02497
3795.74304	-0.02440
3793.81431	-0.02344
3791.88558	-0.02263
3789.95685	-0.02227
3788.02812	-0.02226
3786.09938	-0.02235
3784.17065	-0.02239
3782.24192	-0.02212
3780.31319	-0.02180
3778.38446	-0.02198
3776.45573	-0.02240
3774.52700	-0.02258
3772.59827	-0.02266
3770.66953	-0.02321
3768.74080	-0.02420
3766.81207	-0.02502
3764.88334	-0.02561
3762.95461	-0.02616
3761.02588	-0.02686
3759.09715	-0.02808
3757.16842	-0.02956
3755.23968	-0.03029
3753.31095	-0.03057
3751.38222	-0.03196
3749.45349	-0.03437
3747.52476	-0.03562
3745.59603	-0.03582
3743.66730	-0.03485
3741.73857	-0.03326
3739.80983	-0.03204
3737.88110	-0.03117
3735.95237	-0.03066
3734.02364	-0.03029
3732.09491	-0.02940
3730.16618	-0.02817
3728.23745	-0.02714
3726.30872	-0.02624
3724.37998	-0.02507
3722.45125	-0.02339
3720.52252	-0.02145
3718.59379	-0.01974
3716.66506	-0.01808
3714.73633	-0.01600
3712.80760	-0.01360
3710.87887	-0.01183
3708.95014	-0.01065
3707.02140	-0.00897
3705.09267	-0.00655
3703.16394	-0.00391
3701.23521	-0.00185
3699.30648	-0.00053
3697.37775	0.00057
3695.44902	0.00181
3693.52029	0.00354
3691.59155	0.00585
3689.66282	0.00786
3687.73409	0.00909
3685.80536	0.01016
3683.87663	0.01140
3681.94790	0.01307
3680.01917	0.01543
3678.09044	0.01832
3676.16170	0.02151
3674.23297	0.02433
3672.30424	0.02676
3670.37551	0.02872
3668.44678	0.02987
3666.51805	0.03083
3664.58932	0.03246
3662.66059	0.03475
3660.73185	0.03698
3658.80312	0.03860
3656.87439	0.03945
3654.94566	0.04010
3653.01693	0.04142
3651.08820	0.04297
3649.15947	0.04309
3647.23074	0.04274
3645.30200	0.04329
3643.37327	0.04428
3641.44454	0.04531
3639.51581	0.04625
3637.58708	0.04699
3635.65835	0.04764
3633.72962	0.04860
3631.80089	0.04983
3629.87216	0.05067
3627.94342	0.05072
3626.01469	0.05065
3624.08596	0.05119
3622.15723	0.05236
3620.22850	0.05331
3618.29977	0.05294
3616.37104	0.05176
3614.44231	0.05101
3612.51357	0.05093
3610.58484	0.05126
3608.65611	0.05193
3606.72738	0.05279
3604.79865	0.05384
3602.86992	0.05488
3600.94119	0.05554
3599.01246	0.05581
3597.08372	0.05607
3595.15499	0.05644
3593.22626	0.05690
3591.29753	0.05764
3589.36880	0.05854
3587.44007	0.05904
3585.51134	0.05928
3583.58261	0.05979
3581.65387	0.06060
3579.72514	0.06152
3577.79641	0.06240
3575.86768	0.06315
3573.93895	0.06382
3572.01022	0.06448
3570.08149	0.06490
3568.15276	0.06473
3566.22402	0.06445
3564.29529	0.06486
3562.36656	0.06576
3560.43783	0.06669
3558.50910	0.06761
3556.58037	0.06847
3554.65164	0.06907
3552.72291	0.06931
3550.79418	0.06918
3548.86544	0.06881
3546.93671	0.06871
3545.00798	0.06950
3543.07925	0.07084
3541.15052	0.07194
3539.22179	0.07270
3537.29306	0.07329
3535.36433	0.07374
3533.43559	0.07418
3531.50686	0.07455
3529.57813	0.07455
3527.64940	0.07413
3525.72067	0.07396
3523.79194	0.07445
3521.86321	0.07526
3519.93448	0.07603
3518.00574	0.07664
3516.07701	0.07706
3514.14828	0.07741
3512.21955	0.07760
3510.29082	0.07753
3508.36209	0.07737
3506.43336	0.07750
3504.50463	0.07787
3502.57589	0.07810
3500.64716	0.07837
3498.71843	0.07898
3496.78970	0.07962
3494.86097	0.07993
3492.93224	0.08014
3491.00351	0.08050
3489.07478	0.08101
3487.14604	0.08141
3485.21731	0.08169
3483.28858	0.08203
3481.35985	0.08242
3479.43112	0.08278
3477.50239	0.08308
3475.57366	0.08324
3473.64493	0.08333
3471.71620	0.08351
3469.78746	0.08378
3467.85873	0.08395
3465.93000	0.08403
3464.00127	0.08415
3462.07254	0.08430
3460.14381	0.08442
3458.21508	0.08456
3456.28635	0.08479
3454.35761	0.08517
3452.42888	0.08552
3450.50015	0.08565
3448.57142	0.08566
3446.64269	0.08556
3444.71396	0.08551
3442.78523	0.08561
3440.85650	0.08574
3438.92776	0.08582
3436.99903	0.08588
3435.07030	0.08592
3433.14157	0.08600
3431.21284	0.08598
3429.28411	0.08570
3427.35538	0.08539
3425.42665	0.08535
3423.49791	0.08541
3421.56918	0.08531
3419.64045	0.08526
3417.71172	0.08551
3415.78299	0.08581
3413.85426	0.08592
3411.92553	0.08578
3409.99680	0.08557
3408.06806	0.08542
3406.13933	0.08536
3404.21060	0.08529
3402.28187	0.08528
3400.35314	0.08517
3398.42441	0.08415
3396.49568	0.08372
3394.56695	0.08359
3392.63822	0.08353
3390.70948	0.08367
3388.78075	0.08374
3386.85202	0.08344
3384.92329	0.08312
3382.99456	0.08312
3381.06583	0.08311
3379.13710	0.08280
3377.20837	0.08252
3375.27963	0.08251
3373.35090	0.08254
3371.42217	0.08222
3369.49344	0.08155
3367.56471	0.08084
3365.63598	0.08027
3363.70725	0.07990
3361.77852	0.07986
3359.84978	0.07998
3357.92105	0.07988
3355.99232	0.07957
3354.06359	0.07933
3352.13486	0.07919
3350.20613	0.07910
3348.27740	0.07898
3346.34867	0.07861
3344.41993	0.07803
3342.49120	0.07745
3340.56247	0.07692
3338.63374	0.07624
3336.70501	0.07548
3334.77628	0.07503
3332.84755	0.07485
3330.91882	0.07458
3328.99008	0.07417
3327.06135	0.07372
3325.13262	0.07318
3323.20389	0.07262
3321.27516	0.07215
3319.34643	0.07172
3317.41770	0.07122
3315.48897	0.07068
3313.56024	0.07001
3311.63150	0.06912
3309.70277	0.06825
3307.77404	0.06769
3305.84531	0.06733
3303.91658	0.06691
3301.98785	0.06631
3300.05912	0.06548
3298.13039	0.06456
3296.20165	0.06365
3294.27292	0.06275
3292.34419	0.06192
3290.41546	0.06125
3288.48673	0.06056
3286.55800	0.05974
3284.62927	0.05884
3282.70054	0.05789
3280.77180	0.05681
3278.84307	0.05560
3276.91434	0.05442
3274.98561	0.05347
3273.05688	0.05269
3271.12815	0.05200
3269.19942	0.05125
3267.27069	0.05025
3265.34195	0.04904
3263.41322	0.04792
3261.48449	0.04688
3259.55576	0.04576
3257.62703	0.04453
3255.69830	0.04323
3253.76957	0.04203
3251.84084	0.04111
3249.91210	0.04019
3247.98337	0.03891
3246.05464	0.03744
3244.12591	0.03625
3242.19718	0.03528
3240.26845	0.03424
3238.33972	0.03313
3236.41099	0.03198
3234.48226	0.03070
3232.55352	0.02938
3230.62479	0.02811
3228.69606	0.02682
3226.76733	0.02562
3224.83860	0.02463
3222.90987	0.02366
3220.98114	0.02248
3219.05241	0.02118
3217.12367	0.01994
3215.19494	0.01885
3213.26621	0.01795
3211.33748	0.01709
3209.40875	0.01614
3207.48002	0.01521
3205.55129	0.01426
3203.62256	0.01324
3201.69382	0.01213
3199.76509	0.01082
3197.83636	0.00958
3195.90763	0.00875
3193.97890	0.00803
3192.05017	0.00712
3190.12144	0.00614
3188.19271	0.00508
3186.26397	0.00389
3184.33524	0.00276
3182.40651	0.00177
3180.47778	0.00071
3178.54905	-0.00039
3176.62032	-0.00127
3174.69159	-0.00193
3172.76286	-0.00252
3170.83412	-0.00319
3168.90539	-0.00401
3166.97666	-0.00495
3165.04793	-0.00583
3163.11920	-0.00652
3161.19047	-0.00716
3159.26174	-0.00792
3157.33301	-0.00870
3155.40428	-0.00943
3153.47554	-0.01023
3151.54681	-0.01115
3149.61808	-0.01205
3147.68935	-0.01274
3145.76062	-0.01329
3143.83189	-0.01389
3141.90316	-0.01454
3139.97443	-0.01522
3138.04569	-0.01594
3136.11696	-0.01676
3134.18823	-0.01756
3132.25950	-0.01809
3130.33077	-0.01838
3128.40204	-0.01882
3126.47331	-0.01941
3124.54458	-0.01988
3122.61584	-0.02009
3120.68711	-0.02017
3118.75838	-0.02028
3116.82965	-0.02029
3114.90092	-0.02002
3112.97219	-0.01953
3111.04346	-0.01890
3109.11473	-0.01824
3107.18599	-0.01758
3105.25726	-0.01689
3103.32853	-0.01625
3101.39980	-0.01551
3099.47107	-0.01449
3097.54234	-0.01338
3095.61361	-0.01222
3093.68488	-0.01081
3091.75614	-0.00931
3089.82741	-0.00800
3087.89868	-0.00684
3085.96995	-0.00567
3084.04122	-0.00448
3082.11249	-0.00343
3080.18376	-0.00250
3078.25503	-0.00144
3076.32630	-0.00018
3074.39756	0.00114
3072.46883	0.00226
3070.54010	0.00297
3068.61137	0.00338
3066.68264	0.00381
3064.75391	0.00449
3062.82518	0.00542
3060.89645	0.00632
3058.96771	0.00693
3057.03898	0.00738
3055.11025	0.00798
3053.18152	0.00854
3051.25279	0.00874
3049.32406	0.00877
3047.39533	0.00895
3045.46660	0.00922
3043.53786	0.00935
3041.60913	0.00944
3039.68040	0.00952
3037.75167	0.00929
3035.82294	0.00869
3033.89421	0.00796
3031.96548	0.00747
3030.03675	0.00740
3028.10801	0.00750
3026.17928	0.00747
3024.25055	0.00728
3022.32182	0.00700
3020.39309	0.00649
3018.46436	0.00575
3016.53563	0.00512
3014.60690	0.00488
3012.67816	0.00497
3010.74943	0.00532
3008.82070	0.00580
3006.89197	0.00609
3004.96324	0.00622
3003.03451	0.00644
3001.10578	0.00689
2999.17705	0.00755
2997.24832	0.00792
2995.31958	0.00817
2993.39085	0.00870
2991.46212	0.00948
2989.53339	0.01020
2987.60466	0.01096
2985.67593	0.01200
2983.74720	0.01308
2981.81847	0.01396
2979.88973	0.01478
2977.96100	0.01571
2976.03227	0.01669
2974.10354	0.01778
2972.17481	0.01910
2970.24608	0.02052
2968.31735	0.02188
2966.38862	0.02322
2964.45988	0.02448
2962.53115	0.02560
2960.60242	0.02663
2958.67369	0.02753
2956.74496	0.02826
2954.81623	0.02885
2952.88750	0.02939
2950.95877	0.02992
2949.03003	0.03056
2947.10130	0.03157
2945.17257	0.03298
2943.24384	0.03456
2941.31511	0.03623
2939.38638	0.03794
2937.45765	0.03972
2935.52892	0.04159
2933.60018	0.04347
2931.67145	0.04526
2929.74272	0.04684
2927.81399	0.04812
2925.88526	0.04910
2923.95653	0.04964
2922.02780	0.04951
2920.09907	0.04863
2918.17034	0.04704
2916.24160	0.04504
2914.31287	0.04295
2912.38414	0.04100
2910.45541	0.03929
2908.52668	0.03786
2906.59795	0.03676
2904.66922	0.03590
2902.74049	0.03510
2900.81175	0.03426
2898.88302	0.03342
2896.95429	0.03260
2895.02556	0.03179
2893.09683	0.03100
2891.16810	0.03028
2889.23937	0.02969
2887.31064	0.02923
2885.38190	0.02890
2883.45317	0.02866
2881.52444	0.02851
2879.59571	0.02848
2877.66698	0.02849
2875.73825	0.02848
2873.80952	0.02849
2871.88079	0.02855
2869.95205	0.02868
2868.02332	0.02891
2866.09459	0.02921
2864.16586	0.02977
2862.23713	0.03078
2860.30840	0.03212
2858.37967	0.03339
2856.45094	0.03428
2854.52220	0.03452
2852.59347	0.03391
2850.66474	0.03245
2848.73601	0.03030
2846.80728	0.02773
2844.87855	0.02517
2842.94982	0.02299
2841.02109	0.02124
2839.09236	0.01979
2837.16362	0.01856
2835.23489	0.01751
2833.30616	0.01663
2831.37743	0.01599
2829.44870	0.01553
2827.51997	0.01512
2825.59124	0.01467
2823.66251	0.01421
2821.73377	0.01376
2819.80504	0.01333
2817.87631	0.01295
2815.94758	0.01263
2814.01885	0.01231
2812.09012	0.01192
2810.16139	0.01157
2808.23266	0.01130
2806.30392	0.01101
2804.37519	0.01062
2802.44646	0.01021
2800.51773	0.00983
2798.58900	0.00950
2796.66027	0.00925
2794.73154	0.00904
2792.80281	0.00883
2790.87407	0.00856
2788.94534	0.00824
2787.01661	0.00791
2785.08788	0.00760
2783.15915	0.00732
2781.23042	0.00710
2779.30169	0.00693
2777.37296	0.00677
2775.44422	0.00664
2773.51549	0.00656
2771.58676	0.00649
2769.65803	0.00638
2767.72930	0.00618
2765.80057	0.00596
2763.87184	0.00582
2761.94311	0.00580
2760.01438	0.00585
2758.08564	0.00588
2756.15691	0.00584
2754.22818	0.00576
2752.29945	0.00569
2750.37072	0.00564
2748.44199	0.00557
2746.51326	0.00542
2744.58453	0.00517
2742.65579	0.00494
2740.72706	0.00477
2738.79833	0.00461
2736.86960	0.00445
2734.94087	0.00434
2733.01214	0.00420
2731.08341	0.00395
2729.15468	0.00362
2727.22594	0.00332
2725.29721	0.00310
2723.36848	0.00295
2721.43975	0.00280
2719.51102	0.00257
2717.58229	0.00230
2715.65356	0.00207
2713.72483	0.00193
2711.79609	0.00178
2709.86736	0.00156
2707.93863	0.00134
2706.00990	0.00113
2704.08117	0.00088
2702.15244	0.00057
2700.22371	0.00024
2698.29498	0.00001
2696.36624	-0.00013
2694.43751	-0.00029
2692.50878	-0.00050
2690.58005	-0.00074
2688.65132	-0.00098
2686.72259	-0.00117
2684.79386	-0.00135
2682.86513	-0.00160
2680.93640	-0.00182
2679.00766	-0.00196
2677.07893	-0.00211
2675.15020	-0.00239
2673.22147	-0.00275
2671.29274	-0.00307
2669.36401	-0.00331
2667.43528	-0.00357
2665.50655	-0.00387
2663.57781	-0.00411
2661.64908	-0.00427
2659.72035	-0.00443
2657.79162	-0.00461
2655.86289	-0.00483
2653.93416	-0.00510
2652.00543	-0.00535
2650.07670	-0.00553
2648.14796	-0.00570
2646.21923	-0.00590
2644.29050	-0.00606
2642.36177	-0.00619
2640.43304	-0.00635
2638.50431	-0.00654
2636.57558	-0.00677
2634.64685	-0.00705
2632.71811	-0.00730
2630.78938	-0.00753
2628.86065	-0.00780
2626.93192	-0.00808
2625.00319	-0.00831
2623.07446	-0.00848
2621.14573	-0.00861
2619.21700	-0.00876
2617.28826	-0.00892
2615.35953	-0.00914
2613.43080	-0.00945
2611.50207	-0.00972
2609.57334	-0.00989
2607.64461	-0.01006
2605.71588	-0.01025
2603.78715	-0.01050
2601.85842	-0.01076
2599.92968	-0.01096
2598.00095	-0.01112
2596.07222	-0.01131
2594.14349	-0.01154
2592.21476	-0.01176
2590.28603	-0.01195
2588.35730	-0.01217
2586.42857	-0.01242
2584.49983	-0.01263
2582.57110	-0.01279
2580.64237	-0.01291
2578.71364	-0.01305
2576.78491	-0.01325
2574.85618	-0.01350
2572.92745	-0.01371
2570.99872	-0.01385
2569.06998	-0.01399
2567.14125	-0.01416
2565.21252	-0.01429
2563.28379	-0.01442
2561.35506	-0.01461
2559.42633	-0.01482
2557.49760	-0.01502
2555.56887	-0.01523
2553.64013	-0.01542
2551.71140	-0.01557
2549.78267	-0.01566
2547.85394	-0.01573
2545.92521	-0.01576
2543.99648	-0.01579
2542.06775	-0.01593
2540.13902	-0.01613
2538.21028	-0.01622
2536.28155	-0.01620
2534.35282	-0.01621
2532.42409	-0.01633
2530.49536	-0.01650
2528.56663	-0.01663
2526.63790	-0.01672
2524.70917	-0.01685
2522.78044	-0.01699
2520.85170	-0.01707
2518.92297	-0.01713
2516.99424	-0.01722
2515.06551	-0.01734
2513.13678	-0.01743
2511.20805	-0.01752
2509.27932	-0.01761
2507.35059	-0.01771
2505.42185	-0.01784
2503.49312	-0.01794
2501.56439	-0.01793
2499.63566	-0.01790
2497.70693	-0.01795
2495.77820	-0.01807
2493.84947	-0.01817
2491.92074	-0.01817
2489.99200	-0.01813
2488.06327	-0.01818
2486.13454	-0.01834
2484.20581	-0.01847
2482.27708	-0.01848
2480.34835	-0.01846
2478.41962	-0.01852
2476.49089	-0.01863
2474.56215	-0.01877
2472.63342	-0.01892
2470.70469	-0.01900
2468.77596	-0.01903
2466.84723	-0.01907
2464.91850	-0.01919
2462.98977	-0.01934
2461.06104	-0.01946
2459.13230	-0.01953
2457.20357	-0.01954
2455.27484	-0.01960
2453.34611	-0.01974
2451.41738	-0.01984
2449.48865	-0.01987
2447.55992	-0.01996
2445.63119	-0.02015
2443.70246	-0.02033
2441.77372	-0.02040
2439.84499	-0.02044
2437.91626	-0.02053
2435.98753	-0.02061
2434.05880	-0.02070
2432.13007	-0.02086
2430.20134	-0.02115
2428.27261	-0.02148
2426.34387	-0.02164
2424.41514	-0.02154
2422.48641	-0.02134
2420.55768	-0.02122
2418.62895	-0.02115
2416.70022	-0.02110
2414.77149	-0.02107
2412.84276	-0.02105
2410.91402	-0.02102
2408.98529	-0.02104
2407.05656	-0.02107
2405.12783	-0.02107
2403.19910	-0.02105
2401.27037	-0.02109
2399.34164	-0.02125
2397.41291	-0.02124
2395.48417	-0.02112
2393.55544	-0.02102
2391.62671	-0.02091
2389.69798	-0.02077
2387.76925	-0.02061
2385.84052	-0.02044
2383.91179	-0.02037
2381.98306	-0.02052
2380.05432	-0.02098
2378.12559	-0.02156
2376.19686	-0.02185
2374.26813	-0.02148
2372.33940	-0.02057
2370.41067	-0.01973
2368.48194	-0.01930
2366.55321	-0.01925
2364.62448	-0.01960
2362.69574	-0.02016
2360.76701	-0.02066
2358.83828	-0.02121
2356.90955	-0.02199
2354.98082	-0.02289
2353.05209	-0.02349
2351.12336	-0.02337
2349.19463	-0.02301
2347.26589	-0.02299
2345.33716	-0.02294
2343.40843	-0.02259
2341.47970	-0.02231
2339.55097	-0.02215
2337.62224	-0.02212
2335.69351	-0.02233
2333.76478	-0.02271
2331.83604	-0.02314
2329.90731	-0.02357
2327.97858	-0.02396
2326.04985	-0.02437
2324.12112	-0.02471
2322.19239	-0.02484
2320.26366	-0.02487
2318.33493	-0.02498
2316.40619	-0.02527
2314.47746	-0.02556
2312.54873	-0.02562
2310.62000	-0.02542
2308.69127	-0.02511
2306.76254	-0.02476
2304.83381	-0.02445
2302.90508	-0.02422
2300.97634	-0.02405
2299.04761	-0.02391
2297.11888	-0.02380
2295.19015	-0.02373
2293.26142	-0.02369
2291.33269	-0.02365
2289.40396	-0.02357
2287.47523	-0.02346
2285.54650	-0.02334
2283.61776	-0.02327
2281.68903	-0.02323
2279.76030	-0.02317
2277.83157	-0.02310
2275.90284	-0.02305
2273.97411	-0.02300
2272.04538	-0.02294
2270.11665	-0.02290
2268.18791	-0.02290
2266.25918	-0.02293
2264.33045	-0.02293
2262.40172	-0.02287
2260.47299	-0.02283
2258.54426	-0.02287
2256.61553	-0.02298
2254.68680	-0.02306
2252.75806	-0.02307
2250.82933	-0.02325
2248.90060	-0.02396
2246.97187	-0.02361
2245.04314	-0.02338
2243.11441	-0.02332
2241.18568	-0.02332
2239.25695	-0.02324
2237.32821	-0.02306
2235.39948	-0.02291
2233.47075	-0.02291
2231.54202	-0.02293
2229.61329	-0.02282
2227.68456	-0.02266
2225.75583	-0.02255
2223.82710	-0.02252
2221.89836	-0.02256
2219.96963	-0.02271
2218.04090	-0.02286
2216.11217	-0.02300
2214.18344	-0.02315
2212.25471	-0.02330
2210.32598	-0.02344
2208.39725	-0.02356
2206.46852	-0.02363
2204.53978	-0.02370
2202.61105	-0.02378
2200.68232	-0.02389
2198.75359	-0.02400
2196.82486	-0.02406
2194.89613	-0.02414
2192.96740	-0.02424
2191.03867	-0.02432
2189.10993	-0.02438
2187.18120	-0.02446
2185.25247	-0.02454
2183.32374	-0.02464
2181.39501	-0.02481
2179.46628	-0.02498
2177.53755	-0.02510
2175.60882	-0.02515
2173.68008	-0.02522
2171.75135	-0.02532
2169.82262	-0.02534
2167.89389	-0.02529
2165.96516	-0.02533
2164.03643	-0.02547
2162.10770	-0.02556
2160.17897	-0.02550
2158.25023	-0.02541
2156.32150	-0.02540
2154.39277	-0.02545
2152.46404	-0.02551
2150.53531	-0.02558
2148.60658	-0.02570
2146.67785	-0.02582
2144.74912	-0.02583
2142.82038	-0.02579
2140.89165	-0.02590
2138.96292	-0.02619
2137.03419	-0.02644
2135.10546	-0.02643
2133.17673	-0.02631
2131.24800	-0.02635
2129.31927	-0.02652
2127.39054	-0.02662
2125.46180	-0.02661
2123.53307	-0.02665
2121.60434	-0.02675
2119.67561	-0.02685
2117.74688	-0.02706
2115.81815	-0.02741
2113.88942	-0.02753
2111.96069	-0.02733
2110.03195	-0.02720
2108.10322	-0.02725
2106.17449	-0.02741
2104.24576	-0.02761
2102.31703	-0.02779
2100.38830	-0.02798
2098.45957	-0.02811
2096.53084	-0.02838
2094.60210	-0.02869
2092.67337	-0.02901
2090.74464	-0.02938
2088.81591	-0.02980
2086.88718	-0.03019
2084.95845	-0.03052
2083.02972	-0.03090
2081.10099	-0.03140
2079.17225	-0.03198
2077.24352	-0.03254
2075.31479	-0.03297
2073.38606	-0.03325
2071.45733	-0.03346
2069.52860	-0.03366
2067.59987	-0.03381
2065.67114	-0.03387
2063.74240	-0.03385
2061.81367	-0.03370
2059.88494	-0.03338
2057.95621	-0.03292
2056.02748	-0.03246
2054.09875	-0.03202
2052.17002	-0.03158
2050.24129	-0.03110
2048.31256	-0.03055
2046.38382	-0.03000
2044.45509	-0.02943
2042.52636	-0.02879
2040.59763	-0.02818
2038.66890	-0.02768
2036.74017	-0.02720
2034.81144	-0.02668
2032.88271	-0.02615
2030.95397	-0.02575
2029.02524	-0.02557
2027.09651	-0.02549
2025.16778	-0.02534
2023.23905	-0.02502
2021.31032	-0.02454
2019.38159	-0.02395
2017.45286	-0.02351
2015.52412	-0.02327
2013.59539	-0.02302
2011.66666	-0.02274
2009.73793	-0.02261
2007.80920	-0.02250
2005.88047	-0.02223
2003.95174	-0.02189
2002.02301	-0.02168
2000.09427	-0.02160
1998.16554	-0.02157
1996.23681	-0.02157
1994.30808	-0.02161
1992.37935	-0.02164
1990.45062	-0.02157
1988.52189	-0.02136
1986.59316	-0.02120
1984.66442	-0.02109
1982.73569	-0.02096
1980.80696	-0.02083
1978.87823	-0.02073
1976.94950	-0.02068
1975.02077	-0.02071
1973.09204	-0.02079
1971.16331	-0.02092
1969.23458	-0.02100
1967.30584	-0.02105
1965.37711	-0.02114
1963.44838	-0.02113
1961.51965	-0.02105
1959.59092	-0.02112
1957.66219	-0.02125
1955.73346	-0.02129
1953.80473	-0.02129
1951.87599	-0.02136
1949.94726	-0.02149
1948.01853	-0.02157
1946.08980	-0.02159
1944.16107	-0.02171
1942.23234	-0.02190
1940.30361	-0.02198
1938.37488	-0.02189
1936.44614	-0.02174
1934.51741	-0.02163
1932.58868	-0.02158
1930.65995	-0.02156
1928.73122	-0.02161
1926.80249	-0.02177
1924.87376	-0.02182
1922.94503	-0.02193
1921.01629	-0.02204
1919.08756	-0.02193
1917.15883	-0.02188
1915.23010	-0.02212
1913.30137	-0.02221
1911.37264	-0.02191
1909.44391	-0.02156
1907.51518	-0.02135
1905.58644	-0.02112
1903.65771	-0.02076
1901.72898	-0.02041
1899.80025	-0.02011
1897.87152	-0.01982
1895.94279	-0.01962
1894.01406	-0.01943
1892.08533	-0.01899
1890.15660	-0.01845
1888.22786	-0.01833
1886.29913	-0.01851
1884.37040	-0.01857
1882.44167	-0.01853
1880.51294	-0.01850
1878.58421	-0.01857
1876.65548	-0.01876
1874.72675	-0.01894
1872.79801	-0.01884
1870.86928	-0.01853
1868.94055	-0.01859
1867.01182	-0.01937
1865.08309	-0.02038
1863.15436	-0.02106
1861.22563	-0.02163
1859.29690	-0.02234
1857.36816	-0.02311
1855.43943	-0.02390
1853.51070	-0.02463
1851.58197	-0.02512
1849.65324	-0.02538
1847.72451	-0.02552
1845.79578	-0.02581
1843.86705	-0.02639
1841.93831	-0.02714
1840.00958	-0.02759
1838.08085	-0.02763
1836.15212	-0.02764
1834.22339	-0.02744
1832.29466	-0.02666
1830.36593	-0.02593
1828.43720	-0.02601
1826.50846	-0.02625
1824.57973	-0.02619
1822.65100	-0.02609
1820.72227	-0.02616
1818.79354	-0.02633
1816.86481	-0.02628
1814.93608	-0.02579
1813.00735	-0.02518
1811.07862	-0.02497
1809.14988	-0.02527
1807.22115	-0.02573
1805.29242	-0.02621
1803.36369	-0.02680
1801.43496	-0.02724
1799.50623	-0.02724
1797.57750	-0.02698
1795.64877	-0.02645
1793.72003	-0.02563
1791.79130	-0.02545
1789.86257	-0.02632
1787.93384	-0.02743
1786.00511	-0.02802
1784.07638	-0.02785
1782.14765	-0.02718
1780.21892	-0.02682
1778.29018	-0.02690
1776.36145	-0.02637
1774.43272	-0.02493
1772.50399	-0.02400
1770.57526	-0.02497
1768.64653	-0.02665
1766.71780	-0.02740
1764.78907	-0.02700
1762.86033	-0.02628
1760.93160	-0.02607
1759.00287	-0.02630
1757.07414	-0.02647
1755.14541	-0.02635
1753.21668	-0.02574
1751.28795	-0.02493
1749.35922	-0.02492
1747.43048	-0.02556
1745.50175	-0.02580
1743.57302	-0.02527
1741.64429	-0.02441
1739.71556	-0.02382
1737.78683	-0.02318
1735.85810	-0.02186
1733.92937	-0.02076
1732.00064	-0.02109
1730.07190	-0.02198
1728.14317	-0.02263
1726.21444	-0.02276
1724.28571	-0.02252
1722.35698	-0.02177
1720.42825	-0.01987
1718.49952	-0.01772
1716.57079	-0.01786
1714.64205	-0.02003
1712.71332	-0.02227
1710.78459	-0.02330
1708.85586	-0.02305
1706.92713	-0.02250
1704.99840	-0.02248
1703.06967	-0.02218
1701.14094	-0.02092
1699.21220	-0.01989
1697.28347	-0.01978
1695.35474	-0.02040
1693.42601	-0.02111
1691.49728	-0.02103
1689.56855	-0.01965
1687.63982	-0.01654
1685.71109	-0.01245
1683.78235	-0.01056
1681.85362	-0.01200
1679.92489	-0.01314
1677.99616	-0.01202
1676.06743	-0.00943
1674.13870	-0.00709
1672.20997	-0.00518
1670.28124	-0.00348
1668.35250	-0.00282
1666.42377	-0.00282
1664.49504	-0.00226
1662.56631	-0.00169
1660.63758	-0.00227
1658.70885	-0.00280
1656.78012	-0.00136
1654.85139	0.00132
1652.92266	0.00128
1650.99392	-0.00176
1649.06519	-0.00368
1647.13646	-0.00373
1645.20773	-0.00465
1643.27900	-0.00680
1641.35027	-0.00810
1639.42154	-0.00746
1637.49281	-0.00613
1635.56407	-0.00680
1633.63534	-0.00997
1631.70661	-0.01295
1629.77788	-0.01445
1627.84915	-0.01537
1625.92042	-0.01658
1623.99169	-0.01843
1622.06296	-0.02091
1620.13422	-0.02264
1618.20549	-0.02330
1616.27676	-0.02496
1614.34803	-0.02828
1612.41930	-0.03137
1610.49057	-0.03337
1608.56184	-0.03502
1606.63311	-0.03684
1604.70437	-0.03860
1602.77564	-0.04012
1600.84691	-0.04134
1598.91818	-0.04219
1596.98945	-0.04269
1595.06072	-0.04301
1593.13199	-0.04321
1591.20326	-0.04318
1589.27452	-0.04288
1587.34579	-0.04246
1585.41706	-0.04214
1583.48833	-0.04201
1581.55960	-0.04168
1579.63087	-0.04037
1577.70214	-0.03844
1575.77341	-0.03769
1573.84468	-0.03840
1571.91594	-0.03843
1569.98721	-0.03726
1568.05848	-0.03649
1566.12975	-0.03618
1564.20102	-0.03476
1562.27229	-0.03090
1560.34356	-0.02532
1558.41483	-0.02295
1556.48609	-0.02541
1554.55736	-0.02805
1552.62863	-0.02899
1550.69990	-0.02882
1548.77117	-0.02831
1546.84244	-0.02710
1544.91371	-0.02477
1542.98498	-0.02179
1541.05624	-0.01979
1539.12751	-0.02117
1537.19878	-0.02462
1535.27005	-0.02626
1533.34132	-0.02611
1531.41259	-0.02637
1529.48386	-0.02685
1527.55513	-0.02687
1525.62639	-0.02681
1523.69766	-0.02662
1521.76893	-0.02693
1519.84020	-0.02864
1517.91147	-0.03058
1515.98274	-0.03220
1514.05401	-0.03385
1512.12528	-0.03479
1510.19654	-0.03401
1508.26781	-0.03242
1506.33908	-0.03303
1504.41035	-0.03662
1502.48162	-0.03977
1500.55289	-0.04051
1498.62416	-0.03951
1496.69543	-0.03906
1494.76670	-0.03961
1492.83796	-0.03970
1490.90923	-0.03897
1488.98050	-0.03884
1487.05177	-0.03974
1485.12304	-0.04063
1483.19431	-0.04092
1481.26558	-0.04075
1479.33685	-0.04027
1477.40811	-0.03913
1475.47938	-0.03718
1473.55065	-0.03532
1471.62192	-0.03492
1469.69319	-0.03580
1467.76446	-0.03616
1465.83573	-0.03585
1463.90700	-0.03620
1461.97826	-0.03650
1460.04953	-0.03517
1458.12080	-0.03364
1456.19207	-0.03470
1454.26334	-0.03734
1452.33461	-0.03929
1450.40588	-0.03971
1448.47715	-0.03968
1446.54841	-0.04040
1444.61968	-0.04169
1442.69095	-0.04289
1440.76222	-0.04371
1438.83349	-0.04442
1436.90476	-0.04581
1434.97603	-0.04812
1433.04730	-0.05065
1431.11856	-0.05314
1429.18983	-0.05620
1427.26110	-0.06010
1425.33237	-0.06455
1423.40364	-0.06942
1421.47491	-0.07479
1419.54618	-0.08136
1417.61745	-0.08938
1415.68872	-0.09709
1413.75998	-0.10420
1411.83125	-0.11161
1409.90252	-0.11955
1407.97379	-0.12727
1406.04506	-0.13443
1404.11633	-0.14078
1402.18760	-0.14508
1400.25887	-0.14653
1398.33013	-0.14517
1396.40140	-0.14092
1394.47267	-0.13454
1392.54394	-0.12807
1390.61521	-0.12292
1388.68648	-0.12026
1386.75775	-0.12039
1384.82902	-0.11863
1382.90028	-0.10967
1380.97155	-0.09530
1379.04282	-0.08158
1377.11409	-0.07134
1375.18536	-0.06367
1373.25663	-0.05773
1371.32790	-0.05312
1369.39917	-0.04926
1367.47043	-0.04596
1365.54170	-0.04326
1363.61297	-0.04108
1361.68424	-0.03929
1359.75551	-0.03760
1357.82678	-0.03594
1355.89805	-0.03448
1353.96932	-0.03332
1352.04058	-0.03231
1350.11185	-0.03137
1348.18312	-0.03067
1346.25439	-0.03025
1344.32566	-0.02999
1342.39693	-0.02981
1340.46820	-0.02975
1338.53947	-0.02967
1336.61074	-0.02927
1334.68200	-0.02851
1332.75327	-0.02769
1330.82454	-0.02728
1328.89581	-0.02757
1326.96708	-0.02794
1325.03835	-0.02799
1323.10962	-0.02765
1321.18089	-0.02702
1319.25215	-0.02639
1317.32342	-0.02574
1315.39469	-0.02470
1313.46596	-0.02319
1311.53723	-0.02148
1309.60850	-0.01974
1307.67977	-0.01805
1305.75104	-0.01632
1303.82230	-0.01439
1301.89357	-0.01243
1299.96484	-0.01087
1298.03611	-0.00970
1296.10738	-0.00850
1294.17865	-0.00715
1292.24992	-0.00593
1290.32119	-0.00495
1288.39245	-0.00404
1286.46372	-0.00302
1284.53499	-0.00171
1282.60626	-0.00002
1280.67753	0.00206
1278.74880	0.00453
1276.82007	0.00720
1274.89134	0.01003
1272.96260	0.01323
1271.03387	0.01711
1269.10514	0.02179
1267.17641	0.02724
1265.24768	0.03351
1263.31895	0.04055
1261.39022	0.04829
1259.46149	0.05653
1257.53276	0.06524
1255.60402	0.07447
1253.67529	0.08412
1251.74656	0.09377
1249.81783	0.10293
1247.88910	0.11138
1245.96037	0.11905
1244.03164	0.12603
1242.10291	0.13236
1240.17417	0.13795
1238.24544	0.14281
1236.31671	0.14696
1234.38798	0.15039
1232.45925	0.15324
1230.53052	0.15580
1228.60179	0.15824
1226.67306	0.16054
1224.74432	0.16269
1222.81559	0.16454
1220.88686	0.16605
1218.95813	0.16754
1217.02940	0.16913
1215.10067	0.17059
1213.17194	0.17190
1211.24321	0.17326
1209.31447	0.17453
1207.38574	0.17561
1205.45701	0.17662
1203.52828	0.17766
1201.59955	0.17876
1199.67082	0.18015
1197.74209	0.18144
1195.81336	0.18313
1193.88462	0.18495
1191.95589	0.18642
1190.02716	0.18753
1188.09843	0.18862
1186.16970	0.18999
1184.24097	0.19171
1182.31224	0.19345
1180.38351	0.19470
1178.45478	0.19537
1176.52604	0.19575
1174.59731	0.19624
1172.66858	0.19711
1170.73985	0.19827
1168.81112	0.19952
1166.88239	0.20068
1164.95366	0.20170
1163.02493	0.20281
1161.09619	0.20390
1159.16746	0.20454
1157.23873	0.20479
1155.31000	0.20508
1153.38127	0.20551
1151.45254	0.20587
1149.52381	0.20618
1147.59508	0.20670
1145.66634	0.20751
1143.73761	0.20840
1141.80888	0.20916
1139.88015	0.20963
1137.95142	0.20983
1136.02269	0.21014
1134.09396	0.21090
1132.16523	0.21224
1130.23649	0.21421
1128.30776	0.21629
1126.37903	0.21791
1124.45030	0.21923
1122.52157	0.22079
1120.59284	0.22309
1118.66411	0.22642
1116.73538	0.23073
1114.80664	0.23583
1112.87791	0.24161
1110.94918	0.24805
1109.02045	0.25522
1107.09172	0.26283
1105.16299	0.27019
1103.23426	0.27674
1101.30553	0.28208
1099.37680	0.28619
1097.44806	0.28950
1095.51933	0.29238
1093.59060	0.29477
1091.66187	0.29649
1089.73314	0.29748
1087.80441	0.29774
1085.87568	0.29760
1083.94695	0.29732
1082.01821	0.29688
1080.08948	0.29626
1078.16075	0.29524
1076.23202	0.29372
1074.30329	0.29207
1072.37456	0.29048
1070.44583	0.28892
1068.51710	0.28720
1066.58836	0.28491
1064.65963	0.28207
1062.73090	0.27913
1060.80217	0.27604
1058.87344	0.27254
1056.94471	0.26842
1055.01598	0.26353
1053.08725	0.25818
1051.15851	0.25296
1049.22978	0.24802
1047.30105	0.24293
1045.37232	0.23743
1043.44359	0.23192
1041.51486	0.22652
1039.58613	0.22088
1037.65740	0.21496
1035.72866	0.20904
1033.79993	0.20318
1031.87120	0.19760
1029.94247	0.19258
1028.01374	0.18808
1026.08501	0.18400
1024.15628	0.18012
1022.22755	0.17648
1020.29882	0.17317
1018.37008	0.17008
1016.44135	0.16694
1014.51262	0.16355
1012.58389	0.16023
1010.65516	0.15733
1008.72643	0.15439
1006.79770	0.15113
1004.86897	0.14783
1002.94023	0.14468
1001.01150	0.14165
999.08277	0.13862
997.15404	0.13535
995.22531	0.13163
993.29658	0.12723
991.36785	0.12249
989.43912	0.11827
987.51038	0.11494
985.58165	0.11219
983.65292	0.10957
981.72419	0.10695
979.79546	0.10464
977.86673	0.10275
975.93800	0.10093
974.00927	0.09970
972.08053	0.09850
970.15180	0.09734
968.22307	0.09598
966.29434	0.09440
964.36561	0.09291
962.43688	0.09158
960.50815	0.09024
958.57942	0.08896
956.65068	0.08759
954.72195	0.08595
952.79322	0.08410
950.86449	0.08212
948.93576	0.08002
947.00703	0.07780
945.07830	0.07537
943.14957	0.07253
941.22084	0.06925
939.29210	0.06582
937.36337	0.06254
935.43464	0.05940
933.50591	0.05617
931.57718	0.05291
929.64845	0.04989
927.71972	0.04720
925.79099	0.04484
923.86225	0.04281
921.93352	0.04088
920.00479	0.03868
918.07606	0.03616
916.14733	0.03349
914.21860	0.03071
912.28987	0.02800
910.36114	0.02529
908.43240	0.02209
906.50367	0.01846
904.57494	0.01512
902.64621	0.01217
900.71748	0.00911
898.78875	0.00580
896.86002	0.00235
894.93129	-0.00109
893.00255	-0.00439
891.07382	-0.00756
889.14509	-0.01078
887.21636	-0.01403
885.28763	-0.01700
883.35890	-0.01954
881.43017	-0.02198
879.50144	-0.02435
877.57270	-0.02646
875.64397	-0.02875
873.71524	-0.03136
871.78651	-0.03365
869.85778	-0.03555
867.92905	-0.03764
866.00032	-0.03990
864.07159	-0.04198
862.14286	-0.04364
860.21412	-0.04481
858.28539	-0.04602
856.35666	-0.04746
854.42793	-0.04855
852.49920	-0.04923
850.57047	-0.04970
848.64174	-0.04983
846.71301	-0.04954
844.78427	-0.04895
842.85554	-0.04811
840.92681	-0.04679
838.99808	-0.04477
837.06935	-0.04223
835.14062	-0.03946
833.21189	-0.03652
831.28316	-0.03364
829.35442	-0.03107
827.42569	-0.02860
825.49696	-0.02591
823.56823	-0.02311
821.63950	-0.02036
819.71077	-0.01758
817.78204	-0.01461
815.85331	-0.01148
813.92457	-0.00848
811.99584	-0.00558
810.06711	-0.00261
808.13838	0.00002
806.20965	0.00227
804.28092	0.00468
802.35219	0.00706
800.42346	0.00843
798.49472	0.00851
796.56599	0.00791
794.63726	0.00713
792.70853	0.00642
790.77980	0.00554
788.85107	0.00387
786.92234	0.00118
784.99361	-0.00216
783.06488	-0.00533
781.13614	-0.00805
779.20741	-0.01090
777.27868	-0.01409
775.34995	-0.01740
773.42122	-0.02062
771.49249	-0.02340
769.56376	-0.02553
767.63503	-0.02709
765.70629	-0.02724
763.77756	-0.02681
761.84883	-0.02676
759.92010	-0.02671
757.99137	-0.02660
756.06264	-0.02682
754.13391	-0.02737
752.20518	-0.02791
750.27644	-0.02814
748.34771	-0.02827
746.41898	-0.02893
744.49025	-0.02984
742.56152	-0.03008
740.63279	-0.02996
738.70406	-0.03030
736.77533	-0.03092
734.84659	-0.03114
732.91786	-0.03096
730.98913	-0.03065
729.06040	-0.03018
727.13167	-0.02964
725.20294	-0.02951
723.27421	-0.03168
721.34548	-0.03218
719.41674	-0.03193
717.48801	-0.03162
715.55928	-0.03121
713.63055	-0.03089
711.70182	-0.03033
709.77309	-0.02973
707.84436	-0.02962
705.91563	-0.02986
703.98690	-0.02992
702.05816	-0.02963
700.12943	-0.02936
698.20070	-0.02916
696.27197	-0.02917
694.34324	-0.02945
692.41451	-0.02998
690.48578	-0.03073
688.55705	-0.03151
686.62831	-0.03215
684.69958	-0.03246
682.77085	-0.03240
680.84212	-0.03261
678.91339	-0.03378
676.98466	-0.03523
675.05593	-0.03649
673.12720	-0.03788
671.19846	-0.04017
669.26973	-0.04264
667.34100	-0.04330
665.41227	-0.04278
663.48354	-0.04300
661.55481	-0.04393
659.62608	-0.04468
657.69735	-0.04494
655.76861	-0.04449
653.83988	-0.04340
651.91115	-0.04221
649.98242	-0.04133
648.05369	-0.04059
646.12496	-0.03979
644.19623	-0.03912
642.26750	-0.03881
640.33876	-0.03861
638.41003	-0.03824
636.48130	-0.03787
634.55257	-0.03781
632.62384	-0.03814
630.69511	-0.03927
628.76638	-0.04185
626.83765	-0.04377
624.90892	-0.04567
622.98018	-0.04761
621.05145	-0.04929
619.12272	-0.05034
617.19399	-0.04972
615.26526	-0.04690
613.33653	-0.04304
611.40780	-0.03970
609.47907	-0.03762
607.55033	-0.03626
605.62160	-0.03521
603.69287	-0.03428
601.76414	-0.03294
599.83541	-0.03104
597.90668	-0.02949
595.97795	-0.02872
594.04922	-0.02813
592.12048	-0.02758
590.19175	-0.02736
588.26302	-0.02720
586.33429	-0.02710
584.40556	-0.02722
582.47683	-0.02745
580.54810	-0.02772
578.61937	-0.02770
576.69063	-0.02756
574.76190	-0.02780
572.83317	-0.02797
570.90444	-0.02803
568.97571	-0.02960
567.04698	-0.03063
565.11825	-0.03143
563.18952	-0.03263
561.26078	-0.03376
559.33205	-0.03502
557.40332	-0.03661
555.47459	-0.03764
553.54586	-0.03800
551.61713	-0.03813
549.68840	-0.03740
547.75967	-0.03585
545.83094	-0.03469
543.90220	-0.03410
541.97347	-0.03347
540.04474	-0.03289
538.11601	-0.03297
536.18728	-0.03442
534.25855	-0.03712
532.32982	-0.03977
530.40109	-0.04174
528.47235	-0.04378
526.54362	-0.04626
524.61489	-0.04826
522.68616	-0.04951
520.75743	-0.05027
518.82870	-0.05075
516.89997	-0.05211
514.97124	-0.05456
513.04250	-0.05605
511.11377	-0.05511
509.18504	-0.05241
507.25631	-0.04949
505.32758	-0.04737
503.39885	-0.04547
501.47012	-0.04254
499.54139	-0.03865
497.61265	-0.03449
495.68392	-0.03018
493.75519	-0.02625
491.82646	-0.02293
489.89773	-0.01925
487.96900	-0.01452
486.04027	-0.00887
484.11154	-0.00268
482.18280	0.00290
480.25407	0.00668
478.32534	0.00972
476.39661	0.01533
474.46788	0.02475
472.53915	0.03415
470.61042	0.03912
468.68169	0.04005
466.75296	0.03952
464.82422	0.03826
462.89549	0.03632
460.96676	0.03656
459.03803	0.04342
457.10930	0.05236
455.18057	0.06131
453.25184	0.06939
451.32311	0.07523
449.39437	0.07610
447.46564	0.07632
445.53691	0.07639
443.60818	0.07564
441.67945	0.07268
439.75072	0.06670
437.82199	0.06063
435.89326	0.05693
433.96452	0.05381
432.03579	0.04965
430.10706	0.04519
428.17833	0.03992
426.24960	0.03226
424.32087	0.02398
422.39214	0.01930
420.46341	0.01932
418.53467	0.02158
416.60594	0.02329
414.67721	0.02109
412.74848	0.01442
410.81975	0.00983
408.89102	0.01617
406.96229	0.02664
405.03356	0.02873
403.10482	0.02284
401.17609	0.01181
399.24736	-0.00219
397.31863	-0.01479
395.38990	-0.01600
393.46117	-0.00332
391.53244	0.01040
389.60371	0.01030
387.67498	-0.00360
385.74624	-0.02165
383.81751	-0.03493
381.88878	-0.03397
379.96005	-0.01590
378.03132	0.01100
376.10259	0.02860
374.17386	0.02044
372.24513	0.00465
370.31639	0.00138
368.38766	0.00102
