7496.94889	-0.00566
7495.02016	-0.01171
7493.09144	-0.00499
7491.16272	0.00187
7489.23399	0.00202
7487.30527	0.00522
7485.37654	0.01454
7483.44782	0.01954
7481.51910	0.01444
7479.59037	0.00414
7477.66165	-0.00383
7475.73293	-0.00431
7473.80420	0.00192
7471.87548	0.01009
7469.94676	0.01608
7468.01803	0.01722
7466.08931	0.01528
7464.16058	0.01406
7462.23186	0.01518
7460.30314	0.01780
7458.37441	0.01786
7456.44569	0.01474
7454.51697	0.01106
7452.58824	0.00654
7450.65952	0.00442
7448.73079	0.00625
7446.80207	0.00381
7444.87335	-0.00255
7442.94462	-0.00175
7441.01590	0.00431
7439.08718	0.00636
7437.15845	0.00376
7435.22973	0.00103
7433.30101	0.00343
7431.37228	0.00909
7429.44356	0.01157
7427.51483	0.01025
7425.58611	0.00583
7423.65739	0.00027
7421.72866	-0.00121
7419.79994	0.00293
7417.87122	0.00808
7415.94249	0.01011
7414.01377	0.00842
7412.08505	0.00353
7410.15632	-0.00099
7408.22760	-0.00338
7406.29887	-0.00653
7404.37015	-0.00742
7402.44143	-0.00413
7400.51270	-0.00335
7398.58398	-0.00452
7396.65526	-0.00095
7394.72653	0.00570
7392.79781	0.00946
7390.86908	0.00846
7388.94036	0.00771
7387.01164	0.01096
7385.08291	0.00987
7383.15419	0.00006
7381.22547	-0.00692
7379.29674	-0.00294
7377.36802	0.00618
7375.43930	0.01163
7373.51057	0.00973
7371.58185	0.00270
7369.65312	-0.00420
7367.72440	-0.00769
7365.79568	-0.00605
7363.86695	0.00042
7361.93823	0.00676
7360.00951	0.00851
7358.08078	0.00457
7356.15206	-0.00118
7354.22334	-0.00148
7352.29461	0.00216
7350.36589	0.00528
7348.43716	0.00872
7346.50844	0.00993
7344.57972	0.00934
7342.65099	0.01168
7340.72227	0.01283
7338.79355	0.00866
7336.86482	0.00523
7334.93610	0.00660
7333.00737	0.00887
7331.07865	0.00824
7329.14993	0.00584
7327.22120	0.00357
7325.29248	0.00085
7323.36376	-0.00248
7321.43503	-0.00463
7319.50631	-0.00268
7317.57759	0.00289
7315.64886	0.00539
7313.72014	0.00371
7311.79141	0.00469
7309.86269	0.00694
7307.93397	0.00331
7306.00524	-0.00389
7304.07652	-0.00803
7302.14780	-0.00813
7300.21907	-0.00609
7298.29035	-0.00392
7296.36163	-0.00330
7294.43290	-0.00340
7292.50418	-0.00192
7290.57545	-0.00017
7288.64673	-0.00277
7286.71801	-0.00768
7284.78928	-0.00645
7282.86056	0.00170
7280.93184	0.00769
7279.00311	0.00623
7277.07439	0.00201
7275.14566	-0.00181
7273.21694	-0.00635
7271.28822	-0.00912
7269.35949	-0.00873
7267.43077	-0.00614
7265.50205	-0.00086
7263.57332	0.00418
7261.64460	0.00433
7259.71588	0.00049
7257.78715	-0.00298
7255.85843	-0.00434
7253.92970	-0.00558
7252.00098	-0.00622
7250.07226	-0.00328
7248.14353	-0.00146
7246.21481	-0.00652
7244.28609	-0.01268
7242.35736	-0.01470
7240.42864	-0.01453
7238.49992	-0.01229
7236.57119	-0.00998
7234.64247	-0.01205
7232.71374	-0.01591
7230.78502	-0.01524
7228.85630	-0.00913
7226.92757	-0.00114
7224.99885	0.00287
7223.07013	-0.00105
7221.14140	-0.00803
7219.21268	-0.01112
7217.28396	-0.01192
7215.35523	-0.01262
7213.42651	-0.00984
7211.49778	-0.00403
7209.56906	0.00113
7207.64034	0.00308
7205.71161	-0.00113
7203.78289	-0.00847
7201.85417	-0.01122
7199.92544	-0.00965
7197.99672	-0.00926
7196.06799	-0.01047
7194.13927	-0.01122
7192.21055	-0.01063
7190.28182	-0.00951
7188.35310	-0.01195
7186.42438	-0.01909
7184.49565	-0.02416
7182.56693	-0.02128
7180.63821	-0.01340
7178.70948	-0.00697
7176.78076	-0.00437
7174.85203	-0.00547
7172.92331	-0.00768
7170.99459	-0.00771
7169.06586	-0.00786
7167.13714	-0.01005
7165.20842	-0.01207
7163.27969	-0.01360
7161.35097	-0.01533
7159.42225	-0.01685
7157.49352	-0.01740
7155.56480	-0.01627
7153.63607	-0.01338
7151.70735	-0.00957
7149.77863	-0.00729
7147.84990	-0.00758
7145.92118	-0.00731
7143.99246	-0.00548
7142.06373	-0.00500
7140.13501	-0.00595
7138.20628	-0.00612
7136.27756	-0.00669
7134.34884	-0.01137
7132.42011	-0.01708
7130.49139	-0.01448
7128.56267	-0.00507
7126.63394	-0.00008
7124.70522	-0.00239
7122.77650	-0.00647
7120.84777	-0.00781
7118.91905	-0.00699
7116.99032	-0.00776
7115.06160	-0.00999
7113.13288	-0.01009
7111.20415	-0.00741
7109.27543	-0.00436
7107.34671	-0.00232
7105.41798	-0.00148
7103.48926	-0.00222
7101.56054	-0.00421
7099.63181	-0.00740
7097.70309	-0.01050
7095.77436	-0.01038
7093.84564	-0.00623
7091.91692	-0.00059
7089.98819	0.00125
7088.05947	-0.00211
7086.13075	-0.00356
7084.20202	-0.00097
7082.27330	-0.00166
7080.34457	-0.00638
7078.41585	-0.00836
7076.48713	-0.00603
7074.55840	-0.00278
7072.62968	-0.00155
7070.70096	-0.00209
7068.77223	-0.00313
7066.84351	-0.00655
7064.91479	-0.01080
7062.98606	-0.00874
7061.05734	-0.00025
7059.12861	0.00562
7057.19989	0.00549
7055.27117	0.00450
7053.34244	0.00262
7051.41372	-0.00284
7049.48500	-0.00721
7047.55627	-0.00752
7045.62755	-0.00747
7043.69883	-0.00717
7041.77010	-0.00395
7039.84138	-0.00197
7037.91265	-0.00478
7035.98393	-0.00680
7034.05521	-0.00415
7032.12648	-0.00068
7030.19776	0.00061
7028.26904	0.00107
7026.34031	0.00259
7024.41159	0.00476
7022.48286	0.00469
7020.55414	0.00103
7018.62542	-0.00353
7016.69669	-0.00615
7014.76797	-0.00703
7012.83925	-0.00759
7010.91052	-0.00636
7008.98180	-0.00232
7007.05308	-0.00090
7005.12435	-0.00447
7003.19563	-0.00679
7001.26690	-0.00570
6999.33818	-0.00472
6997.40946	-0.00514
6995.48073	-0.00750
6993.55201	-0.01016
6991.62329	-0.00853
6989.69456	-0.00396
6987.76584	-0.00318
6985.83712	-0.00648
6983.90839	-0.00845
6981.97967	-0.00888
6980.05094	-0.01046
6978.12222	-0.01088
6976.19350	-0.00748
6974.26477	-0.00260
6972.33605	-0.00080
6970.40733	-0.00375
6968.47860	-0.00744
6966.54988	-0.00859
6964.62115	-0.01015
6962.69243	-0.01290
6960.76371	-0.01229
6958.83498	-0.00826
6956.90626	-0.00524
6954.97754	-0.00291
6953.04881	-0.00003
6951.12009	-0.00056
6949.19137	-0.00502
6947.26264	-0.00869
6945.33392	-0.01080
6943.40519	-0.01204
6941.47647	-0.00911
6939.54775	-0.00405
6937.61902	-0.00348
6935.69030	-0.00516
6933.76158	-0.00490
6931.83285	-0.00463
6929.90413	-0.00514
6927.97541	-0.00618
6926.04668	-0.00774
6924.11796	-0.00821
6922.18923	-0.00723
6920.26051	-0.00588
6918.33179	-0.00435
6916.40306	-0.00328
6914.47434	-0.00485
6912.54562	-0.00711
6910.61689	-0.00581
6908.68817	-0.00335
6906.75944	-0.00419
6904.83072	-0.00695
6902.90200	-0.00769
6900.97327	-0.00654
6899.04455	-0.00635
6897.11583	-0.00627
6895.18710	-0.00476
6893.25838	-0.00424
6891.32966	-0.00626
6889.40093	-0.00910
6887.47221	-0.01070
6885.54348	-0.00884
6883.61476	-0.00386
6881.68604	-0.00077
6879.75731	-0.00202
6877.82859	-0.00436
6875.89987	-0.00487
6873.97114	-0.00399
6872.04242	-0.00342
6870.11370	-0.00282
6868.18497	-0.00091
6866.25625	0.00155
6864.32752	0.00238
6862.39880	0.00088
6860.47008	-0.00098
6858.54135	-0.00255
6856.61263	-0.00470
6854.68391	-0.00656
6852.75518	-0.00786
6850.82646	-0.00905
6848.89773	-0.00957
6846.96901	-0.00907
6845.04029	-0.00800
6843.11156	-0.00736
6841.18284	-0.00645
6839.25412	-0.00453
6837.32539	-0.00322
6835.39667	-0.00327
6833.46795	-0.00416
6831.53922	-0.00518
6829.61050	-0.00560
6827.68177	-0.00589
6825.75305	-0.00680
6823.82433	-0.00706
6821.89560	-0.00568
6819.96688	-0.00417
6818.03816	-0.00378
6816.10943	-0.00352
6814.18071	-0.00267
6812.25199	-0.00390
6810.32326	-0.00885
6808.39454	-0.01169
6806.46581	-0.00831
6804.53709	-0.00392
6802.60837	-0.00301
6800.67964	-0.00393
6798.75092	-0.00466
6796.82220	-0.00545
6794.89347	-0.00620
6792.96475	-0.00571
6791.03603	-0.00486
6789.10730	-0.00569
6787.17858	-0.00752
6785.24985	-0.00859
6783.32113	-0.00752
6781.39241	-0.00455
6779.46368	-0.00363
6777.53496	-0.00556
6775.60624	-0.00529
6773.67751	-0.00085
6771.74879	0.00340
6769.82006	0.00311
6767.89134	-0.00054
6765.96262	-0.00297
6764.03389	-0.00307
6762.10517	-0.00354
6760.17645	-0.00486
6758.24772	-0.00613
6756.31900	-0.00627
6754.39028	-0.00320
6752.46155	0.00012
6750.53283	-0.00088
6748.60410	-0.00312
6746.67538	-0.00324
6744.74666	-0.00407
6742.81793	-0.00583
6740.88921	-0.00543
6738.96049	-0.00501
6737.03176	-0.00627
6735.10304	-0.00634
6733.17432	-0.00613
6731.24559	-0.00847
6729.31687	-0.01172
6727.38814	-0.01225
6725.45942	-0.00899
6723.53070	-0.00395
6721.60197	-0.00070
6719.67325	-0.00151
6717.74453	-0.00405
6715.81580	-0.00605
6713.88708	-0.00832
6711.95835	-0.01007
6710.02963	-0.01007
6708.10091	-0.00971
6706.17218	-0.00970
6704.24346	-0.00821
6702.31474	-0.00512
6700.38601	-0.00293
6698.45729	-0.00299
6696.52857	-0.00611
6694.59984	-0.01150
6692.67112	-0.01463
6690.74239	-0.01199
6688.81367	-0.00514
6686.88495	0.00060
6684.95622	0.00109
6683.02750	-0.00160
6681.09878	-0.00265
6679.17005	-0.00208
6677.24133	-0.00207
6675.31261	-0.00162
6673.38388	0.00001
6671.45516	0.00086
6669.52643	-0.00060
6667.59771	-0.00393
6665.66899	-0.00689
6663.74026	-0.00800
6661.81154	-0.00864
6659.88282	-0.01006
6657.95409	-0.01109
6656.02537	-0.01005
6654.09664	-0.00756
6652.16792	-0.00490
6650.23920	-0.00250
6648.31047	-0.00114
6646.38175	-0.00053
6644.45303	-0.00050
6642.52430	-0.00045
6640.59558	0.00157
6638.66686	0.00348
6636.73813	0.00061
6634.80941	-0.00549
6632.88068	-0.00891
6630.95196	-0.00878
6629.02324	-0.00799
6627.09451	-0.00638
6625.16579	-0.00398
6623.23707	-0.00333
6621.30834	-0.00410
6619.37962	-0.00360
6617.45090	-0.00246
6615.52217	-0.00263
6613.59345	-0.00332
6611.66472	-0.00332
6609.73600	-0.00295
6607.80728	-0.00288
6605.87855	-0.00245
6603.94983	-0.00217
6602.02111	-0.00289
6600.09238	-0.00317
6598.16366	-0.00413
6596.23493	-0.00767
6594.30621	-0.01117
6592.37749	-0.01196
6590.44876	-0.00982
6588.52004	-0.00567
6586.59132	-0.00265
6584.66259	-0.00256
6582.73387	-0.00235
6580.80515	-0.00168
6578.87642	-0.00410
6576.94770	-0.00787
6575.01897	-0.00854
6573.09025	-0.00703
6571.16153	-0.00515
6569.23280	-0.00182
6567.30408	0.00091
6565.37536	0.00043
6563.44663	-0.00023
6561.51791	0.00123
6559.58919	0.00198
6557.66046	0.00065
6555.73174	-0.00082
6553.80301	-0.00264
6551.87429	-0.00546
6549.94557	-0.00669
6548.01684	-0.00440
6546.08812	-0.00108
6544.15940	-0.00031
6542.23067	-0.00078
6540.30195	0.00012
6538.37322	-0.00066
6536.44450	-0.00457
6534.51578	-0.00608
6532.58705	-0.00312
6530.65833	-0.00114
6528.72961	-0.00269
6526.80088	-0.00493
6524.87216	-0.00538
6522.94344	-0.00406
6521.01471	-0.00311
6519.08599	-0.00395
6517.15726	-0.00509
6515.22854	-0.00553
6513.29982	-0.00599
6511.37109	-0.00652
6509.44237	-0.00697
6507.51365	-0.00675
6505.58492	-0.00524
6503.65620	-0.00375
6501.72748	-0.00412
6499.79875	-0.00582
6497.87003	-0.00610
6495.94130	-0.00529
6494.01258	-0.00687
6492.08386	-0.00950
6490.15513	-0.00935
6488.22641	-0.00768
6486.29769	-0.00691
6484.36896	-0.00585
6482.44024	-0.00383
6480.51151	-0.00246
6478.58279	-0.00252
6476.65407	-0.00320
6474.72534	-0.00268
6472.79662	-0.00031
6470.86790	0.00117
6468.93917	-0.00042
6467.01045	-0.00300
6465.08173	-0.00440
6463.15300	-0.00524
6461.22428	-0.00671
6459.29555	-0.00855
6457.36683	-0.00910
6455.43811	-0.00763
6453.50938	-0.00544
6451.58066	-0.00422
6449.65194	-0.00297
6447.72321	0.00013
6445.79449	0.00116
6443.86577	-0.00240
6441.93704	-0.00533
6440.00832	-0.00560
6438.07959	-0.00526
6436.15087	-0.00417
6434.22215	-0.00317
6432.29342	-0.00398
6430.36470	-0.00618
6428.43598	-0.00813
6426.50725	-0.00879
6424.57853	-0.00829
6422.64980	-0.00680
6420.72108	-0.00503
6418.79236	-0.00462
6416.86363	-0.00603
6414.93491	-0.00782
6413.00619	-0.00851
6411.07746	-0.00818
6409.14874	-0.00760
6407.22002	-0.00748
6405.29129	-0.00736
6403.36257	-0.00535
6401.43384	-0.00302
6399.50512	-0.00353
6397.57640	-0.00577
6395.64767	-0.00754
6393.71895	-0.00804
6391.79023	-0.00707
6389.86150	-0.00624
6387.93278	-0.00636
6386.00406	-0.00635
6384.07533	-0.00668
6382.14661	-0.00709
6380.21788	-0.00612
6378.28916	-0.00412
6376.36044	-0.00218
6374.43171	-0.00113
6372.50299	-0.00025
6370.57427	0.00106
6368.64554	0.00076
6366.71682	-0.00166
6364.78810	-0.00415
6362.85937	-0.00455
6360.93065	-0.00279
6359.00192	-0.00157
6357.07320	-0.00221
6355.14448	-0.00397
6353.21575	-0.00592
6351.28703	-0.00662
6349.35831	-0.00492
6347.42958	-0.00158
6345.50086	0.00034
6343.57213	-0.00079
6341.64341	-0.00311
6339.71469	-0.00490
6337.78596	-0.00609
6335.85724	-0.00733
6333.92852	-0.00817
6331.99979	-0.00786
6330.07107	-0.00739
6328.14235	-0.00648
6326.21362	-0.00521
6324.28490	-0.00591
6322.35617	-0.00704
6320.42745	-0.00533
6318.49873	-0.00254
6316.57000	-0.00239
6314.64128	-0.00473
6312.71256	-0.00630
6310.78383	-0.00643
6308.85511	-0.00678
6306.92639	-0.00638
6304.99766	-0.00455
6303.06894	-0.00320
6301.14021	-0.00273
6299.21149	-0.00199
6297.28277	-0.00206
6295.35404	-0.00448
6293.42532	-0.00703
6291.49660	-0.00676
6289.56787	-0.00480
6287.63915	-0.00361
6285.71042	-0.00365
6283.78170	-0.00424
6281.85298	-0.00593
6279.92425	-0.00836
6277.99553	-0.00882
6276.06681	-0.00737
6274.13808	-0.00665
6272.20936	-0.00741
6270.28064	-0.00894
6268.35191	-0.00989
6266.42319	-0.00835
6264.49446	-0.00572
6262.56574	-0.00656
6260.63702	-0.00943
6258.70829	-0.00928
6256.77957	-0.00751
6254.85085	-0.00669
6252.92212	-0.00637
6250.99340	-0.00637
6249.06468	-0.00580
6247.13595	-0.00497
6245.20723	-0.00554
6243.27850	-0.00656
6241.34978	-0.00642
6239.42106	-0.00487
6237.49233	-0.00266
6235.56361	-0.00181
6233.63489	-0.00338
6231.70616	-0.00518
6229.77744	-0.00484
6227.84871	-0.00425
6225.91999	-0.00566
6223.99127	-0.00700
6222.06254	-0.00722
6220.13382	-0.00754
6218.20510	-0.00760
6216.27637	-0.00680
6214.34765	-0.00552
6212.41893	-0.00434
6210.49020	-0.00448
6208.56148	-0.00622
6206.63275	-0.00755
6204.70403	-0.00776
6202.77531	-0.00858
6200.84658	-0.01009
6198.91786	-0.01040
6196.98914	-0.00896
6195.06041	-0.00728
6193.13169	-0.00653
6191.20297	-0.00641
6189.27424	-0.00625
6187.34552	-0.00540
6185.41679	-0.00440
6183.48807	-0.00452
6181.55935	-0.00505
6179.63062	-0.00484
6177.70190	-0.00495
6175.77318	-0.00698
6173.84445	-0.00986
6171.91573	-0.01149
6169.98700	-0.01153
6168.05828	-0.01034
6166.12956	-0.00860
6164.20083	-0.00763
6162.27211	-0.00795
6160.34339	-0.00916
6158.41466	-0.00966
6156.48594	-0.00777
6154.55722	-0.00517
6152.62849	-0.00437
6150.69977	-0.00458
6148.77104	-0.00401
6146.84232	-0.00332
6144.91360	-0.00402
6142.98487	-0.00511
6141.05615	-0.00500
6139.12743	-0.00435
6137.19870	-0.00416
6135.26998	-0.00436
6133.34126	-0.00471
6131.41253	-0.00529
6129.48381	-0.00594
6127.55508	-0.00651
6125.62636	-0.00735
6123.69764	-0.00773
6121.76891	-0.00663
6119.84019	-0.00544
6117.91147	-0.00531
6115.98274	-0.00502
6114.05402	-0.00407
6112.12529	-0.00407
6110.19657	-0.00550
6108.26785	-0.00600
6106.33912	-0.00473
6104.41040	-0.00431
6102.48168	-0.00565
6100.55295	-0.00668
6098.62423	-0.00661
6096.69551	-0.00697
6094.76678	-0.00797
6092.83806	-0.00776
6090.90933	-0.00632
6088.98061	-0.00541
6087.05189	-0.00571
6085.12316	-0.00675
6083.19444	-0.00768
6081.26572	-0.00809
6079.33699	-0.00883
6077.40827	-0.00944
6075.47955	-0.00800
6073.55082	-0.00541
6071.62210	-0.00437
6069.69337	-0.00538
6067.76465	-0.00723
6065.83593	-0.00920
6063.90720	-0.01058
6061.97848	-0.00970
6060.04976	-0.00727
6058.12103	-0.00591
6056.19231	-0.00580
6054.26358	-0.00549
6052.33486	-0.00527
6050.40614	-0.00600
6048.47741	-0.00689
6046.54869	-0.00753
6044.61997	-0.00797
6042.69124	-0.00789
6040.76252	-0.00764
6038.83380	-0.00691
6036.90507	-0.00587
6034.97635	-0.00612
6033.04762	-0.00733
6031.11890	-0.00775
6029.19018	-0.00725
6027.26145	-0.00684
6025.33273	-0.00652
6023.40401	-0.00602
6021.47528	-0.00587
6019.54656	-0.00575
6017.61784	-0.00538
6015.68911	-0.00595
6013.76039	-0.00711
6011.83166	-0.00711
6009.90294	-0.00644
6007.97422	-0.00626
6006.04549	-0.00653
6004.11677	-0.00728
6002.18805	-0.00744
6000.25932	-0.00626
5998.33060	-0.00506
5996.40187	-0.00469
5994.47315	-0.00499
5992.54443	-0.00517
5990.61570	-0.00456
5988.68698	-0.00381
5986.75826	-0.00413
5984.82953	-0.00567
5982.90081	-0.00679
5980.97209	-0.00567
5979.04336	-0.00356
5977.11464	-0.00358
5975.18591	-0.00544
5973.25719	-0.00635
5971.32847	-0.00609
5969.39974	-0.00618
5967.47102	-0.00722
5965.54230	-0.00867
5963.61357	-0.00936
5961.68485	-0.00854
5959.75613	-0.00651
5957.82740	-0.00486
5955.89868	-0.00470
5953.96995	-0.00514
5952.04123	-0.00549
5950.11251	-0.00623
5948.18378	-0.00696
5946.25506	-0.00650
5944.32634	-0.00548
5942.39761	-0.00547
5940.46889	-0.00610
5938.54017	-0.00617
5936.61144	-0.00561
5934.68272	-0.00521
5932.75399	-0.00553
5930.82527	-0.00623
5928.89655	-0.00646
5926.96782	-0.00564
5925.03910	-0.00498
5923.11038	-0.00565
5921.18165	-0.00605
5919.25293	-0.00580
5917.32420	-0.00642
5915.39548	-0.00714
5913.46676	-0.00676
5911.53803	-0.00594
5909.60931	-0.00564
5907.68059	-0.00592
5905.75186	-0.00625
5903.82314	-0.00638
5901.89442	-0.00617
5899.96569	-0.00589
5898.03697	-0.00599
5896.10824	-0.00593
5894.17952	-0.00551
5892.25080	-0.00529
5890.32207	-0.00553
5888.39335	-0.00639
5886.46463	-0.00738
5884.53590	-0.00727
5882.60718	-0.00600
5880.67846	-0.00510
5878.74973	-0.00530
5876.82101	-0.00602
5874.89228	-0.00649
5872.96356	-0.00633
5871.03484	-0.00630
5869.10611	-0.00707
5867.17739	-0.00785
5865.24867	-0.00839
5863.31994	-0.00932
5861.39122	-0.01005
5859.46249	-0.00930
5857.53377	-0.00770
5855.60505	-0.00676
5853.67632	-0.00670
5851.74760	-0.00715
5849.81888	-0.00777
5847.89015	-0.00798
5845.96143	-0.00792
5844.03271	-0.00802
5842.10398	-0.00799
5840.17526	-0.00769
5838.24653	-0.00722
5836.31781	-0.00677
5834.38909	-0.00629
5832.46036	-0.00564
5830.53164	-0.00540
5828.60292	-0.00606
5826.67419	-0.00746
5824.74547	-0.00836
5822.81675	-0.00769
5820.88802	-0.00688
5818.95930	-0.00716
5817.03057	-0.00755
5815.10185	-0.00708
5813.17313	-0.00567
5811.24440	-0.00439
5809.31568	-0.00459
5807.38696	-0.00590
5805.45823	-0.00707
5803.52951	-0.00765
5801.60078	-0.00792
5799.67206	-0.00823
5797.74334	-0.00845
5795.81461	-0.00821
5793.88589	-0.00755
5791.95717	-0.00682
5790.02844	-0.00694
5788.09972	-0.00849
5786.17100	-0.00947
5784.24227	-0.00760
5782.31355	-0.00532
5780.38482	-0.00586
5778.45610	-0.00816
5776.52738	-0.00963
5774.59865	-0.00927
5772.66993	-0.00841
5770.74121	-0.00859
5768.81248	-0.00844
5766.88376	-0.00658
5764.95504	-0.00516
5763.02631	-0.00619
5761.09759	-0.00754
5759.16886	-0.00703
5757.24014	-0.00596
5755.31142	-0.00595
5753.38269	-0.00647
5751.45397	-0.00694
5749.52525	-0.00767
5747.59652	-0.00789
5745.66780	-0.00712
5743.73907	-0.00679
5741.81035	-0.00694
5739.88163	-0.00688
5737.95290	-0.00764
5736.02418	-0.00910
5734.09546	-0.00986
5732.16673	-0.01014
5730.23801	-0.01006
5728.30929	-0.00931
5726.38056	-0.00872
5724.45184	-0.00827
5722.52311	-0.00756
5720.59439	-0.00721
5718.66567	-0.00718
5716.73694	-0.00709
5714.80822	-0.00725
5712.87950	-0.00759
5710.95077	-0.00769
5709.02205	-0.00776
5707.09333	-0.00793
5705.16460	-0.00777
5703.23588	-0.00744
5701.30715	-0.00726
5699.37843	-0.00702
5697.44971	-0.00685
5695.52098	-0.00687
5693.59226	-0.00695
5691.66354	-0.00702
5689.73481	-0.00733
5687.80609	-0.00800
5685.87736	-0.00827
5683.94864	-0.00776
5682.01992	-0.00701
5680.09119	-0.00657
5678.16247	-0.00711
5676.23375	-0.00788
5674.30502	-0.00793
5672.37630	-0.00829
5670.44758	-0.00917
5668.51885	-0.00937
5666.59013	-0.00872
5664.66140	-0.00802
5662.73268	-0.00772
5660.80396	-0.00782
5658.87523	-0.00807
5656.94651	-0.00815
5655.01779	-0.00793
5653.08906	-0.00727
5651.16034	-0.00648
5649.23162	-0.00638
5647.30289	-0.00737
5645.37417	-0.00889
5643.44544	-0.00933
5641.51672	-0.00808
5639.58800	-0.00689
5637.65927	-0.00737
5635.73055	-0.00844
5633.80183	-0.00855
5631.87310	-0.00841
5629.94438	-0.00865
5628.01565	-0.00803
5626.08693	-0.00654
5624.15821	-0.00632
5622.22948	-0.00801
5620.30076	-0.00985
5618.37204	-0.01006
5616.44331	-0.00878
5614.51459	-0.00760
5612.58587	-0.00765
5610.65714	-0.00885
5608.72842	-0.01017
5606.79969	-0.01084
5604.87097	-0.01081
5602.94225	-0.00978
5601.01352	-0.00821
5599.08480	-0.00821
5597.15608	-0.00973
5595.22735	-0.01093
5593.29863	-0.01023
5591.36991	-0.00847
5589.44118	-0.00708
5587.51246	-0.00656
5585.58373	-0.00701
5583.65501	-0.00824
5581.72629	-0.00939
5579.79756	-0.00959
5577.86884	-0.00931
5575.94012	-0.00900
5574.01139	-0.00827
5572.08267	-0.00725
5570.15394	-0.00685
5568.22522	-0.00764
5566.29650	-0.00870
5564.36777	-0.00861
5562.43905	-0.00767
5560.51033	-0.00752
5558.58160	-0.00864
5556.65288	-0.00945
5554.72416	-0.00901
5552.79543	-0.00842
5550.86671	-0.00847
5548.93798	-0.00872
5547.00926	-0.00910
5545.08054	-0.00963
5543.15181	-0.00947
5541.22309	-0.00845
5539.29437	-0.00792
5537.36564	-0.00848
5535.43692	-0.00945
5533.50820	-0.01036
5531.57947	-0.01055
5529.65075	-0.00954
5527.72202	-0.00806
5525.79330	-0.00713
5523.86458	-0.00714
5521.93585	-0.00801
5520.00713	-0.00909
5518.07841	-0.00949
5516.14968	-0.00930
5514.22096	-0.00890
5512.29224	-0.00817
5510.36351	-0.00748
5508.43479	-0.00722
5506.50606	-0.00723
5504.57734	-0.00724
5502.64862	-0.00743
5500.71989	-0.00813
5498.79117	-0.00908
5496.86245	-0.00980
5494.93372	-0.01001
5493.00500	-0.00948
5491.07627	-0.00855
5489.14755	-0.00797
5487.21883	-0.00806
5485.29010	-0.00869
5483.36138	-0.00934
5481.43266	-0.00956
5479.50393	-0.00971
5477.57521	-0.01017
5475.64649	-0.01020
5473.71776	-0.00954
5471.78904	-0.00903
5469.86031	-0.00886
5467.93159	-0.00860
5466.00287	-0.00855
5464.07414	-0.00899
5462.14542	-0.00950
5460.21670	-0.00980
5458.28797	-0.01001
5456.35925	-0.01005
5454.43053	-0.00966
5452.50180	-0.00919
5450.57308	-0.00930
5448.64435	-0.00967
5446.71563	-0.00983
5444.78691	-0.00996
5442.85818	-0.00995
5440.92946	-0.00959
5439.00074	-0.00941
5437.07201	-0.00978
5435.14329	-0.01033
5433.21456	-0.01037
5431.28584	-0.00977
5429.35712	-0.00932
5427.42839	-0.00949
5425.49967	-0.00937
5423.57095	-0.00825
5421.64222	-0.00716
5419.71350	-0.00756
5417.78478	-0.00917
5415.85605	-0.01047
5413.92733	-0.01037
5411.99860	-0.00927
5410.06988	-0.00882
5408.14116	-0.00958
5406.21243	-0.01034
5404.28371	-0.01025
5402.35499	-0.00975
5400.42626	-0.00931
5398.49754	-0.00897
5396.56882	-0.00922
5394.64009	-0.01014
5392.71137	-0.01046
5390.78264	-0.00972
5388.85392	-0.00912
5386.92520	-0.00930
5384.99647	-0.00977
5383.06775	-0.00970
5381.13903	-0.00869
5379.21030	-0.00763
5377.28158	-0.00757
5375.35285	-0.00815
5373.42413	-0.00850
5371.49541	-0.00851
5369.56668	-0.00844
5367.63796	-0.00850
5365.70924	-0.00877
5363.78051	-0.00887
5361.85179	-0.00841
5359.92307	-0.00774
5357.99434	-0.00760
5356.06562	-0.00832
5354.13689	-0.00949
5352.20817	-0.01020
5350.27945	-0.00990
5348.35072	-0.00916
5346.42200	-0.00902
5344.49328	-0.00981
5342.56455	-0.01086
5340.63583	-0.01120
5338.70711	-0.01035
5336.77838	-0.00916
5334.84966	-0.00864
5332.92093	-0.00875
5330.99221	-0.00914
5329.06349	-0.00922
5327.13476	-0.00857
5325.20604	-0.00805
5323.27732	-0.00833
5321.34859	-0.00869
5319.41987	-0.00846
5317.49114	-0.00818
5315.56242	-0.00837
5313.63370	-0.00854
5311.70497	-0.00833
5309.77625	-0.00819
5307.84753	-0.00812
5305.91880	-0.00759
5303.99008	-0.00679
5302.06136	-0.00641
5300.13263	-0.00647
5298.20391	-0.00655
5296.27518	-0.00675
5294.34646	-0.00762
5292.41774	-0.00870
5290.48901	-0.00871
5288.56029	-0.00776
5286.63157	-0.00697
5284.70284	-0.00636
5282.77412	-0.00583
5280.84540	-0.00592
5278.91667	-0.00635
5276.98795	-0.00661
5275.05922	-0.00677
5273.13050	-0.00680
5271.20178	-0.00629
5269.27305	-0.00537
5267.34433	-0.00494
5265.41561	-0.00532
5263.48688	-0.00553
5261.55816	-0.00503
5259.62943	-0.00461
5257.70071	-0.00490
5255.77199	-0.00550
5253.84326	-0.00570
5251.91454	-0.00533
5249.98582	-0.00483
5248.05709	-0.00460
5246.12837	-0.00471
5244.19965	-0.00498
5242.27092	-0.00510
5240.34220	-0.00479
5238.41347	-0.00414
5236.48475	-0.00353
5234.55603	-0.00328
5232.62730	-0.00348
5230.69858	-0.00403
5228.76986	-0.00453
5226.84113	-0.00447
5224.91241	-0.00370
5222.98369	-0.00272
5221.05496	-0.00236
5219.12624	-0.00302
5217.19751	-0.00415
5215.26879	-0.00462
5213.34007	-0.00439
5211.41134	-0.00409
5209.48262	-0.00411
5207.55390	-0.00461
5205.62517	-0.00498
5203.69645	-0.00459
5201.76772	-0.00430
5199.83900	-0.00483
5197.91028	-0.00530
5195.98155	-0.00504
5194.05283	-0.00455
5192.12411	-0.00421
5190.19538	-0.00400
5188.26666	-0.00420
5186.33794	-0.00471
5184.40921	-0.00492
5182.48049	-0.00471
5180.55176	-0.00456
5178.62304	-0.00468
5176.69432	-0.00495
5174.76559	-0.00515
5172.83687	-0.00490
5170.90815	-0.00427
5168.97942	-0.00388
5167.05070	-0.00382
5165.12198	-0.00404
5163.19325	-0.00486
5161.26453	-0.00586
5159.33580	-0.00610
5157.40708	-0.00543
5155.47836	-0.00448
5153.54963	-0.00389
5151.62091	-0.00392
5149.69219	-0.00441
5147.76346	-0.00504
5145.83474	-0.00551
5143.90601	-0.00553
5141.97729	-0.00514
5140.04857	-0.00477
5138.11984	-0.00466
5136.19112	-0.00466
5134.26240	-0.00480
5132.33367	-0.00515
5130.40495	-0.00532
5128.47623	-0.00496
5126.54750	-0.00453
5124.61878	-0.00455
5122.69005	-0.00486
5120.76133	-0.00552
5118.83261	-0.00651
5116.90388	-0.00698
5114.97516	-0.00662
5113.04644	-0.00599
5111.11771	-0.00545
5109.18899	-0.00506
5107.26027	-0.00475
5105.33154	-0.00445
5103.40282	-0.00436
5101.47409	-0.00443
5099.54537	-0.00462
5097.61665	-0.00521
5095.68792	-0.00611
5093.75920	-0.00671
5091.83048	-0.00664
5089.90175	-0.00609
5087.97303	-0.00557
5086.04431	-0.00526
5084.11558	-0.00526
5082.18686	-0.00575
5080.25813	-0.00635
5078.32941	-0.00633
5076.40069	-0.00571
5074.47196	-0.00511
5072.54324	-0.00504
5070.61452	-0.00558
5068.68579	-0.00613
5066.75707	-0.00602
5064.82834	-0.00560
5062.89962	-0.00549
5060.97090	-0.00541
5059.04217	-0.00507
5057.11345	-0.00499
5055.18473	-0.00534
5053.25600	-0.00560
5051.32728	-0.00555
5049.39856	-0.00557
5047.46983	-0.00594
5045.54111	-0.00621
5043.61238	-0.00594
5041.68366	-0.00538
5039.75494	-0.00508
5037.82621	-0.00529
5035.89749	-0.00578
5033.96877	-0.00610
5032.04004	-0.00607
5030.11132	-0.00600
5028.18260	-0.00606
5026.25387	-0.00584
5024.32515	-0.00534
5022.39642	-0.00527
5020.46770	-0.00561
5018.53898	-0.00581
5016.61025	-0.00607
5014.68153	-0.00665
5012.75281	-0.00723
5010.82408	-0.00743
5008.89536	-0.00708
5006.96663	-0.00636
5005.03791	-0.00574
5003.10919	-0.00550
5001.18046	-0.00546
4999.25174	-0.00533
4997.32302	-0.00506
4995.39429	-0.00515
4993.46557	-0.00578
4991.53685	-0.00660
4989.60812	-0.00704
4987.67940	-0.00691
4985.75067	-0.00681
4983.82195	-0.00698
4981.89323	-0.00693
4979.96450	-0.00672
4978.03578	-0.00679
4976.10706	-0.00688
4974.17833	-0.00671
4972.24961	-0.00667
4970.32089	-0.00700
4968.39216	-0.00720
4966.46344	-0.00723
4964.53471	-0.00732
4962.60599	-0.00706
4960.67727	-0.00649
4958.74854	-0.00632
4956.81982	-0.00669
4954.89110	-0.00701
4952.96237	-0.00692
4951.03365	-0.00682
4949.10492	-0.00702
4947.17620	-0.00721
4945.24748	-0.00710
4943.31875	-0.00682
4941.39003	-0.00647
4939.46131	-0.00618
4937.53258	-0.00616
4935.60386	-0.00609
4933.67514	-0.00583
4931.74641	-0.00604
4929.81769	-0.00668
4927.88896	-0.00687
4925.96024	-0.00649
4924.03152	-0.00634
4922.10279	-0.00652
4920.17407	-0.00624
4918.24535	-0.00553
4916.31662	-0.00537
4914.38790	-0.00616
4912.45918	-0.00689
4910.53045	-0.00654
4908.60173	-0.00583
4906.67300	-0.00583
4904.74428	-0.00636
4902.81556	-0.00688
4900.88683	-0.00724
4898.95811	-0.00718
4897.02939	-0.00642
4895.10066	-0.00560
4893.17194	-0.00542
4891.24321	-0.00569
4889.31449	-0.00595
4887.38577	-0.00602
4885.45704	-0.00603
4883.52832	-0.00619
4881.59960	-0.00637
4879.67087	-0.00661
4877.74215	-0.00708
4875.81343	-0.00730
4873.88470	-0.00689
4871.95598	-0.00657
4870.02725	-0.00677
4868.09853	-0.00681
4866.16981	-0.00624
4864.24108	-0.00595
4862.31236	-0.00661
4860.38364	-0.00742
4858.45491	-0.00730
4856.52619	-0.00633
4854.59747	-0.00548
4852.66874	-0.00512
4850.74002	-0.00505
4848.81129	-0.00531
4846.88257	-0.00596
4844.95385	-0.00657
4843.02512	-0.00675
4841.09640	-0.00646
4839.16768	-0.00607
4837.23895	-0.00620
4835.31023	-0.00672
4833.38150	-0.00696
4831.45278	-0.00700
4829.52406	-0.00680
4827.59533	-0.00648
4825.66661	-0.00665
4823.73789	-0.00686
4821.80916	-0.00671
4819.88044	-0.00674
4817.95172	-0.00698
4816.02299	-0.00708
4814.09427	-0.00720
4812.16554	-0.00780
4810.23682	-0.00826
4808.30810	-0.00777
4806.37937	-0.00687
4804.45065	-0.00641
4802.52193	-0.00638
4800.59320	-0.00640
4798.66448	-0.00632
4796.73576	-0.00639
4794.80703	-0.00652
4792.87831	-0.00649
4790.94958	-0.00663
4789.02086	-0.00730
4787.09214	-0.00802
4785.16341	-0.00817
4783.23469	-0.00775
4781.30597	-0.00738
4779.37724	-0.00746
4777.44852	-0.00761
4775.51979	-0.00761
4773.59107	-0.00768
4771.66235	-0.00791
4769.73362	-0.00821
4767.80490	-0.00825
4765.87618	-0.00799
4763.94745	-0.00795
4762.01873	-0.00808
4760.09001	-0.00786
4758.16128	-0.00750
4756.23256	-0.00738
4754.30383	-0.00739
4752.37511	-0.00766
4750.44639	-0.00812
4748.51766	-0.00828
4746.58894	-0.00802
4744.66022	-0.00783
4742.73149	-0.00827
4740.80277	-0.00904
4738.87405	-0.00926
4736.94532	-0.00891
4735.01660	-0.00868
4733.08787	-0.00877
4731.15915	-0.00881
4729.23043	-0.00862
4727.30170	-0.00862
4725.37298	-0.00912
4723.44426	-0.00941
4721.51553	-0.00899
4719.58681	-0.00867
4717.65808	-0.00897
4715.72936	-0.00913
4713.80064	-0.00875
4711.87191	-0.00856
4709.94319	-0.00888
4708.01447	-0.00919
4706.08574	-0.00914
4704.15702	-0.00859
4702.22830	-0.00781
4700.29957	-0.00753
4698.37085	-0.00790
4696.44212	-0.00820
4694.51340	-0.00800
4692.58468	-0.00785
4690.65595	-0.00818
4688.72723	-0.00869
4686.79851	-0.00890
4684.86978	-0.00868
4682.94106	-0.00836
4681.01234	-0.00819
4679.08361	-0.00825
4677.15489	-0.00861
4675.22616	-0.00884
4673.29744	-0.00856
4671.36872	-0.00799
4669.43999	-0.00762
4667.51127	-0.00796
4665.58255	-0.00875
4663.65382	-0.00900
4661.72510	-0.00858
4659.79638	-0.00835
4657.86765	-0.00856
4655.93893	-0.00855
4654.01020	-0.00819
4652.08148	-0.00798
4650.15276	-0.00808
4648.22403	-0.00823
4646.29531	-0.00830
4644.36659	-0.00840
4642.43786	-0.00834
4640.50914	-0.00787
4638.58041	-0.00728
4636.65169	-0.00703
4634.72297	-0.00729
4632.79424	-0.00774
4630.86552	-0.00787
4628.93680	-0.00763
4627.00807	-0.00725
4625.07935	-0.00690
4623.15063	-0.00705
4621.22190	-0.00771
4619.29318	-0.00784
4617.36445	-0.00720
4615.43573	-0.00687
4613.50701	-0.00725
4611.57828	-0.00781
4609.64956	-0.00816
4607.72084	-0.00803
4605.79211	-0.00766
4603.86339	-0.00772
4601.93467	-0.00837
4600.00594	-0.00897
4598.07722	-0.00899
4596.14849	-0.00853
4594.21977	-0.00783
4592.29105	-0.00727
4590.36232	-0.00729
4588.43360	-0.00770
4586.50488	-0.00786
4584.57615	-0.00779
4582.64743	-0.00791
4580.71870	-0.00810
4578.78998	-0.00810
4576.86126	-0.00802
4574.93253	-0.00817
4573.00381	-0.00850
4571.07509	-0.00843
4569.14636	-0.00784
4567.21764	-0.00729
4565.28892	-0.00718
4563.36019	-0.00739
4561.43147	-0.00775
4559.50274	-0.00808
4557.57402	-0.00822
4555.64530	-0.00822
4553.71657	-0.00814
4551.78785	-0.00791
4549.85913	-0.00753
4547.93040	-0.00722
4546.00168	-0.00713
4544.07296	-0.00724
4542.14423	-0.00749
4540.21551	-0.00761
4538.28678	-0.00755
4536.35806	-0.00753
4534.42934	-0.00759
4532.50061	-0.00770
4530.57189	-0.00797
4528.64317	-0.00828
4526.71444	-0.00836
4524.78572	-0.00833
4522.85699	-0.00829
4520.92827	-0.00831
4518.99955	-0.00831
4517.07082	-0.00817
4515.14210	-0.00813
4513.21338	-0.00826
4511.28465	-0.00852
4509.35593	-0.00875
4507.42721	-0.00866
4505.49848	-0.00846
4503.56976	-0.00865
4501.64103	-0.00900
4499.71231	-0.00908
4497.78359	-0.00902
4495.85486	-0.00883
4493.92614	-0.00834
4491.99742	-0.00785
4490.06869	-0.00764
4488.13997	-0.00760
4486.21125	-0.00762
4484.28252	-0.00767
4482.35380	-0.00782
4480.42507	-0.00805
4478.49635	-0.00829
4476.56763	-0.00842
4474.63890	-0.00828
4472.71018	-0.00808
4470.78146	-0.00803
4468.85273	-0.00782
4466.92401	-0.00750
4464.99528	-0.00755
4463.06656	-0.00781
4461.13784	-0.00784
4459.20911	-0.00754
4457.28039	-0.00720
4455.35167	-0.00727
4453.42294	-0.00781
4451.49422	-0.00838
4449.56550	-0.00846
4447.63677	-0.00798
4445.70805	-0.00746
4443.77932	-0.00721
4441.85060	-0.00711
4439.92188	-0.00700
4437.99315	-0.00688
4436.06443	-0.00665
4434.13571	-0.00641
4432.20698	-0.00678
4430.27826	-0.00755
4428.34954	-0.00783
4426.42081	-0.00763
4424.49209	-0.00754
4422.56336	-0.00762
4420.63464	-0.00783
4418.70592	-0.00795
4416.77719	-0.00779
4414.84847	-0.00758
4412.91975	-0.00733
4410.99102	-0.00718
4409.06230	-0.00733
4407.13357	-0.00735
4405.20485	-0.00694
4403.27613	-0.00649
4401.34740	-0.00619
4399.41868	-0.00615
4397.48996	-0.00640
4395.56123	-0.00652
4393.63251	-0.00639
4391.70379	-0.00650
4389.77506	-0.00673
4387.84634	-0.00668
4385.91761	-0.00652
4383.98889	-0.00657
4382.06017	-0.00664
4380.13144	-0.00643
4378.20272	-0.00617
4376.27400	-0.00630
4374.34527	-0.00657
4372.41655	-0.00654
4370.48783	-0.00641
4368.55910	-0.00637
4366.63038	-0.00629
4364.70165	-0.00610
4362.77293	-0.00594
4360.84421	-0.00602
4358.91548	-0.00618
4356.98676	-0.00606
4355.05804	-0.00580
4353.12931	-0.00582
4351.20059	-0.00610
4349.27186	-0.00638
4347.34314	-0.00660
4345.41442	-0.00673
4343.48569	-0.00656
4341.55697	-0.00614
4339.62825	-0.00591
4337.69952	-0.00611
4335.77080	-0.00649
4333.84208	-0.00666
4331.91335	-0.00663
4329.98463	-0.00669
4328.05590	-0.00675
4326.12718	-0.00659
4324.19846	-0.00657
4322.26973	-0.00699
4320.34101	-0.00742
4318.41229	-0.00729
4316.48356	-0.00691
4314.55484	-0.00691
4312.62612	-0.00718
4310.69739	-0.00731
4308.76867	-0.00723
4306.83994	-0.00702
4304.91122	-0.00688
4302.98250	-0.00694
4301.05377	-0.00704
4299.12505	-0.00707
4297.19633	-0.00705
4295.26760	-0.00686
4293.33888	-0.00655
4291.41015	-0.00645
4289.48143	-0.00659
4287.55271	-0.00676
4285.62398	-0.00685
4283.69526	-0.00691
4281.76654	-0.00705
4279.83781	-0.00720
4277.90909	-0.00728
4275.98037	-0.00732
4274.05164	-0.00729
4272.12292	-0.00717
4270.19419	-0.00706
4268.26547	-0.00699
4266.33675	-0.00686
4264.40802	-0.00662
4262.47930	-0.00647
4260.55058	-0.00657
4258.62185	-0.00678
4256.69313	-0.00680
4254.76441	-0.00672
4252.83568	-0.00695
4250.90696	-0.00746
4248.97823	-0.00779
4247.04951	-0.00775
4245.12079	-0.00760
4243.19206	-0.00755
4241.26334	-0.00744
4239.33462	-0.00745
4237.40589	-0.00779
4235.47717	-0.00810
4233.54845	-0.00810
4231.61972	-0.00789
4229.69100	-0.00770
4227.76227	-0.00774
4225.83355	-0.00791
4223.90483	-0.00811
4221.97610	-0.00823
4220.04738	-0.00814
4218.11866	-0.00789
4216.18993	-0.00775
4214.26121	-0.00790
4212.33248	-0.00821
4210.40376	-0.00842
4208.47504	-0.00846
4206.54631	-0.00839
4204.61759	-0.00817
4202.68887	-0.00774
4200.76014	-0.00739
4198.83142	-0.00732
4196.90270	-0.00752
4194.97397	-0.00790
4193.04525	-0.00819
4191.11652	-0.00831
4189.18780	-0.00828
4187.25908	-0.00817
4185.33035	-0.00814
4183.40163	-0.00808
4181.47291	-0.00776
4179.54418	-0.00744
4177.61546	-0.00756
4175.68674	-0.00785
4173.75801	-0.00794
4171.82929	-0.00789
4169.90056	-0.00798
4167.97184	-0.00812
4166.04312	-0.00804
4164.11439	-0.00779
4162.18567	-0.00763
4160.25695	-0.00762
4158.32822	-0.00768
4156.39950	-0.00783
4154.47077	-0.00812
4152.54205	-0.00832
4150.61333	-0.00837
4148.68460	-0.00839
4146.75588	-0.00839
4144.82716	-0.00841
4142.89843	-0.00838
4140.96971	-0.00826
4139.04099	-0.00836
4137.11226	-0.00848
4135.18354	-0.00823
4133.25481	-0.00812
4131.32609	-0.00837
4129.39737	-0.00833
4127.46864	-0.00800
4125.53992	-0.00795
4123.61120	-0.00817
4121.68247	-0.00845
4119.75375	-0.00871
4117.82503	-0.00877
4115.89630	-0.00860
4113.96758	-0.00854
4112.03885	-0.00865
4110.11013	-0.00885
4108.18141	-0.00929
4106.25268	-0.00966
4104.32396	-0.00948
4102.39524	-0.00901
4100.46651	-0.00862
4098.53779	-0.00844
4096.60906	-0.00839
4094.68034	-0.00826
4092.75162	-0.00804
4090.82289	-0.00809
4088.89417	-0.00843
4086.96545	-0.00857
4085.03672	-0.00840
4083.10800	-0.00830
4081.17928	-0.00842
4079.25055	-0.00861
4077.32183	-0.00878
4075.39310	-0.00885
4073.46438	-0.00879
4071.53566	-0.00864
4069.60693	-0.00859
4067.67821	-0.00866
4065.74949	-0.00880
4063.82076	-0.00905
4061.89204	-0.00900
4059.96332	-0.00847
4058.03459	-0.00796
4056.10587	-0.00776
4054.17714	-0.00785
4052.24842	-0.00813
4050.31970	-0.00826
4048.39097	-0.00838
4046.46225	-0.00875
4044.53353	-0.00889
4042.60480	-0.00852
4040.67608	-0.00807
4038.74735	-0.00790
4036.81863	-0.00793
4034.88991	-0.00804
4032.96118	-0.00827
4031.03246	-0.00855
4029.10374	-0.00866
4027.17501	-0.00865
4025.24629	-0.00866
4023.31757	-0.00867
4021.38884	-0.00884
4019.46012	-0.00898
4017.53139	-0.00869
4015.60267	-0.00830
4013.67395	-0.00834
4011.74522	-0.00873
4009.81650	-0.00907
4007.88778	-0.00912
4005.95905	-0.00905
4004.03033	-0.00909
4002.10161	-0.00911
4000.17288	-0.00906
3998.24416	-0.00906
3996.31543	-0.00887
3994.38671	-0.00878
3992.45799	-0.00898
3990.52926	-0.00926
3988.60054	-0.00939
3986.67182	-0.00945
3984.74309	-0.00945
3982.81437	-0.00933
3980.88564	-0.00916
3978.95692	-0.00905
3977.02820	-0.00903
3975.09947	-0.00915
3973.17075	-0.00944
3971.24203	-0.00977
3969.31330	-0.00994
3967.38458	-0.00989
3965.45586	-0.00969
3963.52713	-0.00954
3961.59841	-0.00958
3959.66968	-0.00976
3957.74096	-0.00991
3955.81224	-0.00989
3953.88351	-0.00972
3951.95479	-0.00965
3950.02607	-0.00971
3948.09734	-0.00973
3946.16862	-0.00966
3944.23990	-0.00962
3942.31117	-0.00969
3940.38245	-0.00990
3938.45372	-0.01023
3936.52500	-0.01059
3934.59628	-0.01095
3932.66755	-0.01119
3930.73883	-0.01119
3928.81011	-0.01104
3926.88138	-0.01086
3924.95266	-0.01075
3923.02393	-0.01090
3921.09521	-0.01125
3919.16649	-0.01150
3917.23776	-0.01144
3915.30904	-0.01125
3913.38032	-0.01135
3911.45159	-0.01171
3909.52287	-0.01200
3907.59415	-0.01210
3905.66542	-0.01212
3903.73670	-0.01214
3901.80797	-0.01209
3899.87925	-0.01194
3897.95053	-0.01194
3896.02180	-0.01223
3894.09308	-0.01244
3892.16436	-0.01224
3890.23563	-0.01196
3888.30691	-0.01203
3886.37819	-0.01218
3884.44946	-0.01210
3882.52074	-0.01213
3880.59201	-0.01241
3878.66329	-0.01271
3876.73457	-0.01276
3874.80584	-0.01254
3872.87712	-0.01237
3870.94840	-0.01251
3869.01967	-0.01300
3867.09095	-0.01364
3865.16222	-0.01403
3863.23350	-0.01408
3861.30478	-0.01409
3859.37605	-0.01412
3857.44733	-0.01398
3855.51861	-0.01346
3853.58988	-0.01269
3851.66116	-0.01266
3849.73244	-0.01351
3847.80371	-0.01437
3845.87499	-0.01463
3843.94626	-0.01457
3842.01754	-0.01460
3840.08882	-0.01465
3838.16009	-0.01443
3836.23137	-0.01404
3834.30265	-0.01384
3832.37392	-0.01392
3830.44520	-0.01414
3828.51648	-0.01434
3826.58775	-0.01436
3824.65903	-0.01421
3822.73030	-0.01396
3820.80158	-0.01372
3818.87286	-0.01356
3816.94413	-0.01328
3815.01541	-0.01304
3813.08669	-0.01318
3811.15796	-0.01359
3809.22924	-0.01376
3807.30052	-0.01361
3805.37179	-0.01348
3803.44307	-0.01344
3801.51434	-0.01333
3799.58562	-0.01323
3797.65690	-0.01313
3795.72817	-0.01273
3793.79945	-0.01218
3791.87073	-0.01184
3789.94200	-0.01183
3788.01328	-0.01197
3786.08455	-0.01200
3784.15583	-0.01189
3782.22711	-0.01181
3780.29838	-0.01172
3778.36966	-0.01143
3776.44094	-0.01094
3774.51221	-0.01052
3772.58349	-0.01027
3770.65477	-0.01009
3768.72604	-0.00993
3766.79732	-0.00988
3764.86859	-0.01004
3762.93987	-0.01028
3761.01115	-0.01030
3759.08242	-0.00999
3757.15370	-0.00961
3755.22498	-0.00930
3753.29625	-0.00868
3751.36753	-0.00734
3749.43881	-0.00562
3747.51008	-0.00388
3745.58136	-0.00180
3743.65263	0.00042
3741.72391	0.00141
3739.79519	0.00117
3737.86646	0.00121
3735.93774	0.00230
3734.00902	0.00378
3732.08029	0.00484
3730.15157	0.00552
3728.22284	0.00614
3726.29412	0.00703
3724.36540	0.00836
3722.43667	0.01013
3720.50795	0.01218
3718.57923	0.01419
3716.65050	0.01611
3714.72178	0.01824
3712.79306	0.02085
3710.86433	0.02381
3708.93561	0.02687
3707.00688	0.02993
3705.07816	0.03294
3703.14944	0.03604
3701.22071	0.03927
3699.29199	0.04234
3697.36327	0.04503
3695.43454	0.04741
3693.50582	0.04969
3691.57710	0.05230
3689.64837	0.05565
3687.71965	0.05930
3685.79092	0.06229
3683.86220	0.06454
3681.93348	0.06686
3680.00475	0.06976
3678.07603	0.07366
3676.14731	0.07893
3674.21858	0.08421
3672.28986	0.08794
3670.36113	0.09097
3668.43241	0.09413
3666.50369	0.09709
3664.57496	0.10022
3662.64624	0.10407
3660.71752	0.10826
3658.78879	0.11216
3656.86007	0.11555
3654.93135	0.11810
3653.00262	0.11989
3651.07390	0.12232
3649.14517	0.12645
3647.21645	0.13117
3645.28773	0.13479
3643.35900	0.13730
3641.43028	0.13960
3639.50156	0.14202
3637.57283	0.14450
3635.64411	0.14712
3633.71539	0.14991
3631.78666	0.15288
3629.85794	0.15659
3627.92921	0.16086
3626.00049	0.16419
3624.07177	0.16610
3622.14304	0.16771
3620.21432	0.16998
3618.28560	0.17262
3616.35687	0.17460
3614.42815	0.17591
3612.49942	0.17733
3610.57070	0.17918
3608.64198	0.18140
3606.71325	0.18366
3604.78453	0.18553
3602.85581	0.18713
3600.92708	0.18890
3598.99836	0.19088
3597.06964	0.19298
3595.14091	0.19501
3593.21219	0.19669
3591.28346	0.19800
3589.35474	0.19953
3587.42602	0.20178
3585.49729	0.20426
3583.56857	0.20622
3581.63985	0.20772
3579.71112	0.20933
3577.78240	0.21125
3575.85368	0.21307
3573.92495	0.21437
3571.99623	0.21521
3570.06750	0.21600
3568.13878	0.21711
3566.21006	0.21862
3564.28133	0.22036
3562.35261	0.22199
3560.42389	0.22327
3558.49516	0.22429
3556.56644	0.22522
3554.63771	0.22596
3552.70899	0.22657
3550.78027	0.22720
3548.85154	0.22779
3546.92282	0.22862
3544.99410	0.22999
3543.06537	0.23128
3541.13665	0.23199
3539.20793	0.23253
3537.27920	0.23328
3535.35048	0.23392
3533.42175	0.23420
3531.49303	0.23437
3529.56431	0.23478
3527.63558	0.23533
3525.70686	0.23574
3523.77814	0.23638
3521.84941	0.23762
3519.92069	0.23902
3517.99197	0.24012
3516.06324	0.24083
3514.13452	0.24115
3512.20579	0.24142
3510.27707	0.24207
3508.34835	0.24275
3506.41962	0.24302
3504.49090	0.24309
3502.56218	0.24346
3500.63345	0.24430
3498.70473	0.24538
3496.77600	0.24633
3494.84728	0.24712
3492.91856	0.24794
3490.98983	0.24874
3489.06111	0.24948
3487.13239	0.25026
3485.20366	0.25112
3483.27494	0.25209
3481.34622	0.25311
3479.41749	0.25374
3477.48877	0.25385
3475.56004	0.25399
3473.63132	0.25445
3471.70260	0.25507
3469.77387	0.25588
3467.84515	0.25681
3465.91643	0.25734
3463.98770	0.25723
3462.05898	0.25698
3460.13026	0.25718
3458.20153	0.25769
3456.27281	0.25810
3454.34408	0.25850
3452.41536	0.25905
3450.48664	0.25973
3448.55791	0.26031
3446.62919	0.26080
3444.70047	0.26139
3442.77174	0.26190
3440.84302	0.26199
3438.91429	0.26191
3436.98557	0.26217
3435.05685	0.26244
3433.12812	0.26239
3431.19940	0.26250
3429.27068	0.26283
3427.34195	0.26299
3425.41323	0.26297
3423.48451	0.26301
3421.55578	0.26315
3419.62706	0.26329
3417.69833	0.26345
3415.76961	0.26378
3413.84089	0.26409
3411.91216	0.26396
3409.98344	0.26348
3408.05472	0.26323
3406.12599	0.26337
3404.19727	0.26356
3402.26855	0.26361
3400.33982	0.26326
3398.41110	0.26209
3396.48237	0.26123
3394.55365	0.26080
3392.62493	0.26086
3390.69620	0.26126
3388.76748	0.26150
3386.83876	0.26122
3384.91003	0.26078
3382.98131	0.26046
3381.05259	0.26010
3379.12386	0.25974
3377.19514	0.25941
3375.26641	0.25899
3373.33769	0.25853
3371.40897	0.25798
3369.48024	0.25722
3367.55152	0.25649
3365.62280	0.25586
3363.69407	0.25539
3361.76535	0.25535
3359.83662	0.25544
3357.90790	0.25510
3355.97918	0.25440
3354.05045	0.25355
3352.12173	0.25266
3350.19301	0.25169
3348.26428	0.25078
3346.33556	0.25035
3344.40684	0.25036
3342.47811	0.25018
3340.54939	0.24944
3338.62066	0.24829
3336.69194	0.24708
3334.76322	0.24618
3332.83449	0.24578
3330.90577	0.24564
3328.97705	0.24525
3327.04832	0.24431
3325.11960	0.24301
3323.19088	0.24180
3321.26215	0.24099
3319.33343	0.24043
3317.40470	0.23983
3315.47598	0.23917
3313.54726	0.23852
3311.61853	0.23789
3309.68981	0.23700
3307.76109	0.23568
3305.83236	0.23454
3303.90364	0.23381
3301.97491	0.23301
3300.04619	0.23201
3298.11747	0.23079
3296.18874	0.22933
3294.26002	0.22822
3292.33130	0.22763
3290.40257	0.22676
3288.47385	0.22523
3286.54513	0.22365
3284.61640	0.22249
3282.68768	0.22146
3280.75895	0.22035
3278.83023	0.21933
3276.90151	0.21820
3274.97278	0.21687
3273.04406	0.21556
3271.11534	0.21420
3269.18661	0.21284
3267.25789	0.21171
3265.32917	0.21070
3263.40044	0.20948
3261.47172	0.20789
3259.54299	0.20619
3257.61427	0.20458
3255.68555	0.20303
3253.75682	0.20174
3251.82810	0.20071
3249.89938	0.19943
3247.97065	0.19770
3246.04193	0.19609
3244.11320	0.19493
3242.18448	0.19403
3240.25576	0.19309
3238.32703	0.19192
3236.39831	0.19060
3234.46959	0.18918
3232.54086	0.18759
3230.61214	0.18613
3228.68342	0.18491
3226.75469	0.18363
3224.82597	0.18207
3222.89724	0.18039
3220.96852	0.17882
3219.03980	0.17737
3217.11107	0.17610
3215.18235	0.17504
3213.25363	0.17402
3211.32490	0.17299
3209.39618	0.17179
3207.46746	0.17002
3205.53873	0.16790
3203.61001	0.16616
3201.68128	0.16506
3199.75256	0.16440
3197.82384	0.16396
3195.89511	0.16319
3193.96639	0.16173
3192.03767	0.16001
3190.10894	0.15837
3188.18022	0.15669
3186.25149	0.15511
3184.32277	0.15391
3182.39405	0.15278
3180.46532	0.15136
3178.53660	0.14982
3176.60788	0.14845
3174.67915	0.14731
3172.75043	0.14628
3170.82171	0.14541
3168.89298	0.14470
3166.96426	0.14375
3165.03553	0.14238
3163.10681	0.14099
3161.17809	0.13999
3159.24936	0.13943
3157.32064	0.13892
3155.39192	0.13785
3153.46319	0.13611
3151.53447	0.13432
3149.60575	0.13292
3147.67702	0.13192
3145.74830	0.13119
3143.81957	0.13047
3141.89085	0.12941
3139.96213	0.12818
3138.03340	0.12718
3136.10468	0.12637
3134.17596	0.12550
3132.24723	0.12465
3130.31851	0.12380
3128.38978	0.12283
3126.46106	0.12197
3124.53234	0.12134
3122.60361	0.12085
3120.67489	0.12046
3118.74617	0.11998
3116.81744	0.11945
3114.88872	0.11941
3112.96000	0.11989
3111.03127	0.12004
3109.10255	0.11955
3107.17382	0.11914
3105.24510	0.11925
3103.31638	0.11963
3101.38765	0.12010
3099.45893	0.12066
3097.53021	0.12113
3095.60148	0.12146
3093.67276	0.12193
3091.74404	0.12268
3089.81531	0.12319
3087.88659	0.12311
3085.95786	0.12304
3084.02914	0.12359
3082.10042	0.12456
3080.17169	0.12546
3078.24297	0.12608
3076.31425	0.12646
3074.38552	0.12659
3072.45680	0.12655
3070.52807	0.12662
3068.59935	0.12677
3066.67063	0.12693
3064.74190	0.12719
3062.81318	0.12753
3060.88446	0.12785
3058.95573	0.12811
3057.02701	0.12830
3055.09829	0.12833
3053.16956	0.12814
3051.24084	0.12779
3049.31211	0.12737
3047.38339	0.12698
3045.45467	0.12656
3043.52594	0.12607
3041.59722	0.12542
3039.66850	0.12460
3037.73977	0.12380
3035.81105	0.12325
3033.88233	0.12287
3031.95360	0.12228
3030.02488	0.12137
3028.09615	0.12037
3026.16743	0.11949
3024.23871	0.11867
3022.30998	0.11776
3020.38126	0.11692
3018.45254	0.11643
3016.52381	0.11609
3014.59509	0.11559
3012.66636	0.11488
3010.73764	0.11415
3008.80892	0.11369
3006.88019	0.11360
3004.95147	0.11361
3003.02275	0.11342
3001.09402	0.11313
2999.16530	0.11327
2997.23658	0.11349
2995.30785	0.11354
2993.37913	0.11338
2991.45040	0.11353
2989.52168	0.11391
2987.59296	0.11405
2985.66423	0.11422
2983.73551	0.11477
2981.80679	0.11535
2979.87806	0.11567
2977.94934	0.11593
2976.02062	0.11641
2974.09189	0.11693
2972.16317	0.11719
2970.23444	0.11744
2968.30572	0.11800
2966.37700	0.11867
2964.44827	0.11921
2962.51955	0.11955
2960.59083	0.11953
2958.66210	0.11938
2956.73338	0.11949
2954.80466	0.11971
2952.87593	0.11991
2950.94721	0.12040
2949.01848	0.12102
2947.08976	0.12145
2945.16104	0.12179
2943.23231	0.12217
2941.30359	0.12251
2939.37487	0.12299
2937.44614	0.12357
2935.51742	0.12400
2933.58869	0.12460
2931.65997	0.12536
2929.73125	0.12578
2927.80252	0.12587
2925.87380	0.12578
2923.94508	0.12551
2922.01635	0.12506
2920.08763	0.12444
2918.15891	0.12363
2916.23018	0.12251
2914.30146	0.12096
2912.37273	0.11917
2910.44401	0.11756
2908.51529	0.11629
2906.58656	0.11519
2904.65784	0.11407
2902.72912	0.11296
2900.80039	0.11193
2898.87167	0.11088
2896.94295	0.10983
2895.01422	0.10890
2893.08550	0.10813
2891.15677	0.10733
2889.22805	0.10629
2887.29933	0.10521
2885.37060	0.10434
2883.44188	0.10350
2881.51316	0.10266
2879.58443	0.10209
2877.65571	0.10168
2875.72698	0.10119
2873.79826	0.10064
2871.86954	0.10010
2869.94081	0.09970
2868.01209	0.09942
2866.08337	0.09891
2864.15464	0.09814
2862.22592	0.09744
2860.29720	0.09706
2858.36847	0.09714
2856.43975	0.09764
2854.51102	0.09804
2852.58230	0.09788
2850.65358	0.09703
2848.72485	0.09545
2846.79613	0.09314
2844.86741	0.09046
2842.93868	0.08795
2841.00996	0.08596
2839.08124	0.08450
2837.15251	0.08331
2835.22379	0.08215
2833.29506	0.08110
2831.36634	0.08023
2829.43762	0.07938
2827.50889	0.07841
2825.58017	0.07744
2823.65145	0.07666
2821.72272	0.07595
2819.79400	0.07513
2817.86527	0.07420
2815.93655	0.07325
2814.00783	0.07241
2812.07910	0.07166
2810.15038	0.07080
2808.22166	0.06981
2806.29293	0.06883
2804.36421	0.06793
2802.43549	0.06715
2800.50676	0.06646
2798.57804	0.06573
2796.64931	0.06492
2794.72059	0.06416
2792.79187	0.06345
2790.86314	0.06283
2788.93442	0.06231
2787.00570	0.06173
2785.07697	0.06084
2783.14825	0.05972
2781.21953	0.05888
2779.29080	0.05849
2777.36208	0.05813
2775.43335	0.05755
2773.50463	0.05696
2771.57591	0.05644
2769.64718	0.05588
2767.71846	0.05531
2765.78974	0.05490
2763.86101	0.05462
2761.93229	0.05431
2760.00356	0.05384
2758.07484	0.05336
2756.14612	0.05292
2754.21739	0.05245
2752.28867	0.05200
2750.35995	0.05165
2748.43122	0.05131
2746.50250	0.05087
2744.57378	0.05035
2742.64505	0.04978
2740.71633	0.04905
2738.78760	0.04821
2736.85888	0.04755
2734.93016	0.04719
2733.00143	0.04689
2731.07271	0.04637
2729.14399	0.04564
2727.21526	0.04499
2725.28654	0.04440
2723.35782	0.04373
2721.42909	0.04302
2719.50037	0.04237
2717.57164	0.04179
2715.64292	0.04129
2713.71420	0.04081
2711.78547	0.04035
2709.85675	0.03982
2707.92803	0.03913
2705.99930	0.03847
2704.07058	0.03791
2702.14185	0.03736
2700.21313	0.03682
2698.28441	0.03641
2696.35568	0.03603
2694.42696	0.03548
2692.49824	0.03482
2690.56951	0.03424
2688.64079	0.03378
2686.71207	0.03336
2684.78334	0.03288
2682.85462	0.03231
2680.92589	0.03175
2678.99717	0.03128
2677.06845	0.03079
2675.13972	0.03022
2673.21100	0.02964
2671.28228	0.02913
2669.35355	0.02869
2667.42483	0.02820
2665.49611	0.02768
2663.56738	0.02722
2661.63866	0.02674
2659.70993	0.02618
2657.78121	0.02562
2655.85249	0.02509
2653.92376	0.02459
2651.99504	0.02413
2650.06632	0.02373
2648.13759	0.02337
2646.20887	0.02305
2644.28014	0.02274
2642.35142	0.02240
2640.42270	0.02199
2638.49397	0.02157
2636.56525	0.02116
2634.63653	0.02066
2632.70780	0.02012
2630.77908	0.01966
2628.85036	0.01918
2626.92163	0.01863
2624.99291	0.01814
2623.06418	0.01782
2621.13546	0.01758
2619.20674	0.01725
2617.27801	0.01680
2615.34929	0.01630
2613.42057	0.01580
2611.49184	0.01540
2609.56312	0.01506
2607.63440	0.01468
2605.70567	0.01427
2603.77695	0.01385
2601.84822	0.01335
2599.91950	0.01289
2597.99078	0.01257
2596.06205	0.01229
2594.13333	0.01199
2592.20461	0.01171
2590.27588	0.01143
2588.34716	0.01109
2586.41843	0.01070
2584.48971	0.01033
2582.56099	0.00991
2580.63226	0.00940
2578.70354	0.00899
2576.77482	0.00882
2574.84609	0.00876
2572.91737	0.00859
2570.98865	0.00830
2569.05992	0.00800
2567.13120	0.00775
2565.20247	0.00759
2563.27375	0.00739
2561.34503	0.00706
2559.41630	0.00669
2557.48758	0.00642
2555.55886	0.00626
2553.63013	0.00615
2551.70141	0.00596
2549.77269	0.00574
2547.84396	0.00559
2545.91524	0.00535
2543.98651	0.00498
2542.05779	0.00479
2540.12907	0.00477
2538.20034	0.00460
2536.27162	0.00423
2534.34290	0.00389
2532.41417	0.00370
2530.48545	0.00357
2528.55673	0.00334
2526.62800	0.00302
2524.69928	0.00272
2522.77055	0.00247
2520.84183	0.00226
2518.91311	0.00210
2516.98438	0.00200
2515.05566	0.00190
2513.12694	0.00171
2511.19821	0.00146
2509.26949	0.00122
2507.34076	0.00103
2505.41204	0.00100
2503.48332	0.00096
2501.55459	0.00069
2499.62587	0.00035
2497.69715	0.00022
2495.76842	0.00017
2493.83970	-0.00005
2491.91098	-0.00030
2489.98225	-0.00035
2488.05353	-0.00036
2486.12480	-0.00055
2484.19608	-0.00082
2482.26736	-0.00100
2480.33863	-0.00118
2478.40991	-0.00151
2476.48119	-0.00192
2474.55246	-0.00224
2472.62374	-0.00239
2470.69502	-0.00237
2468.76629	-0.00241
2466.83757	-0.00267
2464.90884	-0.00301
2462.98012	-0.00329
2461.05140	-0.00350
2459.12267	-0.00367
2457.19395	-0.00394
2455.26523	-0.00428
2453.33650	-0.00449
2451.40778	-0.00457
2449.47905	-0.00471
2447.55033	-0.00482
2445.62161	-0.00496
2443.69288	-0.00519
2441.76416	-0.00538
2439.83544	-0.00544
2437.90671	-0.00546
2435.97799	-0.00565
2434.04927	-0.00604
2432.12054	-0.00643
2430.19182	-0.00681
2428.26309	-0.00723
2426.33437	-0.00741
2424.40565	-0.00723
2422.47692	-0.00700
2420.54820	-0.00691
2418.61948	-0.00690
2416.69075	-0.00697
2414.76203	-0.00699
2412.83331	-0.00690
2410.90458	-0.00693
2408.97586	-0.00713
2407.04713	-0.00730
2405.11841	-0.00746
2403.18969	-0.00764
2401.26096	-0.00777
2399.33224	-0.00790
2397.40352	-0.00798
2395.47479	-0.00801
2393.54607	-0.00802
2391.61734	-0.00804
2389.68862	-0.00810
2387.75990	-0.00816
2385.83117	-0.00819
2383.90245	-0.00816
2381.97373	-0.00812
2380.04500	-0.00827
2378.11628	-0.00854
2376.18756	-0.00859
2374.25883	-0.00812
2372.33011	-0.00742
2370.40138	-0.00701
2368.47266	-0.00700
2366.54394	-0.00720
2364.61521	-0.00747
2362.68649	-0.00761
2360.75777	-0.00759
2358.82904	-0.00776
2356.90032	-0.00835
2354.97160	-0.00897
2353.04287	-0.00895
2351.11415	-0.00827
2349.18542	-0.00794
2347.25670	-0.00860
2345.32798	-0.00928
2343.39925	-0.00904
2341.47053	-0.00828
2339.54181	-0.00771
2337.61308	-0.00759
2335.68436	-0.00798
2333.75563	-0.00863
2331.82691	-0.00913
2329.89819	-0.00932
2327.96946	-0.00947
2326.04074	-0.00973
2324.11202	-0.01006
2322.18329	-0.01039
2320.25457	-0.01064
2318.32585	-0.01074
2316.39712	-0.01089
2314.46840	-0.01114
2312.53967	-0.01132
2310.61095	-0.01132
2308.68223	-0.01123
2306.75350	-0.01112
2304.82478	-0.01101
2302.89606	-0.01091
2300.96733	-0.01083
2299.03861	-0.01082
2297.10989	-0.01082
2295.18116	-0.01079
2293.25244	-0.01071
2291.32371	-0.01067
2289.39499	-0.01072
2287.46627	-0.01078
2285.53754	-0.01078
2283.60882	-0.01080
2281.68010	-0.01083
2279.75137	-0.01077
2277.82265	-0.01060
2275.89392	-0.01041
2273.96520	-0.01027
2272.03648	-0.01020
2270.10775	-0.01022
2268.17903	-0.01027
2266.25031	-0.01027
2264.32158	-0.01023
2262.39286	-0.01014
2260.46414	-0.00997
2258.53541	-0.00983
2256.60669	-0.00985
2254.67796	-0.00999
2252.74924	-0.01008
2250.82052	-0.01011
2248.89179	-0.01034
2246.96307	-0.01028
2245.03435	-0.01023
2243.10562	-0.01001
2241.17690	-0.00972
2239.24818	-0.00957
2237.31945	-0.00949
2235.39073	-0.00938
2233.46200	-0.00928
2231.53328	-0.00927
2229.60456	-0.00932
2227.67583	-0.00931
2225.74711	-0.00916
2223.81839	-0.00893
2221.88966	-0.00872
2219.96094	-0.00878
2218.03221	-0.00902
2216.10349	-0.00924
2214.17477	-0.00922
2212.24604	-0.00917
2210.31732	-0.00941
2208.38860	-0.00985
2206.45987	-0.01022
2204.53115	-0.01038
2202.60243	-0.01031
2200.67370	-0.01022
2198.74498	-0.01036
2196.81625	-0.01065
2194.88753	-0.01085
2192.95881	-0.01087
2191.03008	-0.01085
2189.10136	-0.01094
2187.17264	-0.01109
2185.24391	-0.01117
2183.31519	-0.01117
2181.38647	-0.01117
2179.45774	-0.01130
2177.52902	-0.01140
2175.60029	-0.01135
2173.67157	-0.01132
2171.74285	-0.01148
2169.81412	-0.01161
2167.88540	-0.01159
2165.95668	-0.01155
2164.02795	-0.01163
2162.09923	-0.01171
2160.17050	-0.01171
2158.24178	-0.01176
2156.31306	-0.01190
2154.38433	-0.01202
2152.45561	-0.01208
2150.52689	-0.01211
2148.59816	-0.01207
2146.66944	-0.01205
2144.74072	-0.01210
2142.81199	-0.01211
2140.88327	-0.01209
2138.95454	-0.01213
2137.02582	-0.01222
2135.09710	-0.01229
2133.16837	-0.01231
2131.23965	-0.01235
2129.31093	-0.01244
2127.38220	-0.01250
2125.45348	-0.01250
2123.52476	-0.01248
2121.59603	-0.01246
2119.66731	-0.01249
2117.73858	-0.01261
2115.80986	-0.01274
2113.88114	-0.01284
2111.95241	-0.01289
2110.02369	-0.01290
2108.09497	-0.01292
2106.16624	-0.01302
2104.23752	-0.01311
2102.30880	-0.01307
2100.38007	-0.01306
2098.45135	-0.01315
2096.52262	-0.01337
2094.59390	-0.01357
2092.66518	-0.01369
2090.73645	-0.01383
2088.80773	-0.01403
2086.87901	-0.01421
2084.95028	-0.01438
2083.02156	-0.01460
2081.09283	-0.01494
2079.16411	-0.01542
2077.23539	-0.01598
2075.30666	-0.01639
2073.37794	-0.01660
2071.44922	-0.01673
2069.52049	-0.01684
2067.59177	-0.01685
2065.66305	-0.01674
2063.73432	-0.01657
2061.80560	-0.01646
2059.87687	-0.01640
2057.94815	-0.01617
2056.01943	-0.01577
2054.09070	-0.01540
2052.16198	-0.01514
2050.23326	-0.01484
2048.30453	-0.01443
2046.37581	-0.01392
2044.44709	-0.01341
2042.51836	-0.01293
2040.58964	-0.01236
2038.66091	-0.01176
2036.73219	-0.01132
2034.80347	-0.01105
2032.87474	-0.01072
2030.94602	-0.01037
2029.01730	-0.01022
2027.08857	-0.01014
2025.15985	-0.00987
2023.23112	-0.00948
2021.30240	-0.00917
2019.37368	-0.00891
2017.44495	-0.00860
2015.51623	-0.00829
2013.58751	-0.00809
2011.65878	-0.00794
2009.73006	-0.00770
2007.80134	-0.00737
2005.87261	-0.00712
2003.94389	-0.00702
2002.01516	-0.00697
2000.08644	-0.00690
1998.15772	-0.00683
1996.22899	-0.00674
1994.30027	-0.00654
1992.37155	-0.00629
1990.44282	-0.00615
1988.51410	-0.00608
1986.58538	-0.00599
1984.65665	-0.00590
1982.72793	-0.00584
1980.79920	-0.00582
1978.87048	-0.00588
1976.94176	-0.00596
1975.01303	-0.00601
1973.08431	-0.00605
1971.15559	-0.00611
1969.22686	-0.00620
1967.29814	-0.00631
1965.36941	-0.00651
1963.44069	-0.00673
1961.51197	-0.00683
1959.58324	-0.00681
1957.65452	-0.00674
1955.72580	-0.00667
1953.79707	-0.00664
1951.86835	-0.00668
1949.93963	-0.00671
1948.01090	-0.00675
1946.08218	-0.00693
1944.15345	-0.00712
1942.22473	-0.00713
1940.29601	-0.00712
1938.36728	-0.00727
1936.43856	-0.00748
1934.50984	-0.00754
1932.58111	-0.00735
1930.65239	-0.00707
1928.72367	-0.00697
1926.79494	-0.00726
1924.86622	-0.00761
1922.93749	-0.00782
1921.00877	-0.00787
1919.08005	-0.00781
1917.15132	-0.00774
1915.22260	-0.00773
1913.29388	-0.00767
1911.36515	-0.00747
1909.43643	-0.00729
1907.50770	-0.00710
1905.57898	-0.00679
1903.65026	-0.00640
1901.72153	-0.00605
1899.79281	-0.00579
1897.86409	-0.00562
1895.93536	-0.00544
1894.00664	-0.00516
1892.07792	-0.00482
1890.14919	-0.00446
1888.22047	-0.00416
1886.29174	-0.00394
1884.36302	-0.00376
1882.43430	-0.00367
1880.50557	-0.00365
1878.57685	-0.00365
1876.64813	-0.00368
1874.71940	-0.00376
1872.79068	-0.00387
1870.86196	-0.00402
1868.93323	-0.00424
1867.00451	-0.00451
1865.07578	-0.00475
1863.14706	-0.00502
1861.21834	-0.00545
1859.28961	-0.00608
1857.36089	-0.00682
1855.43217	-0.00761
1853.50344	-0.00831
1851.57472	-0.00889
1849.64599	-0.00951
1847.71727	-0.01015
1845.78855	-0.01057
1843.85982	-0.01066
1841.93110	-0.01085
1840.00238	-0.01133
1838.07365	-0.01179
1836.14493	-0.01206
1834.21621	-0.01223
1832.28748	-0.01229
1830.35876	-0.01224
1828.43003	-0.01226
1826.50131	-0.01235
1824.57259	-0.01236
1822.64386	-0.01224
1820.71514	-0.01212
1818.78642	-0.01213
1816.85769	-0.01221
1814.92897	-0.01218
1813.00025	-0.01205
1811.07152	-0.01192
1809.14280	-0.01177
1807.21407	-0.01158
1805.28535	-0.01150
1803.35663	-0.01158
1801.42790	-0.01154
1799.49918	-0.01117
1797.57046	-0.01071
1795.64173	-0.01031
1793.71301	-0.00985
1791.78428	-0.00936
1789.85556	-0.00904
1787.92684	-0.00890
1785.99811	-0.00873
1784.06939	-0.00841
1782.14067	-0.00801
1780.21194	-0.00764
1778.28322	-0.00733
1776.35450	-0.00697
1774.42577	-0.00638
1772.49705	-0.00568
1770.56832	-0.00526
1768.63960	-0.00514
1766.71088	-0.00487
1764.78215	-0.00430
1762.85343	-0.00352
1760.92471	-0.00271
1758.99598	-0.00201
1757.06726	-0.00131
1755.13854	-0.00058
1753.20981	0.00023
1751.28109	0.00138
1749.35236	0.00274
1747.42364	0.00391
1745.49492	0.00483
1743.56619	0.00579
1741.63747	0.00702
1739.70875	0.00836
1737.78002	0.00963
1735.85130	0.01111
1733.92257	0.01291
1731.99385	0.01418
1730.06513	0.01469
1728.13640	0.01521
1726.20768	0.01601
1724.27896	0.01691
1722.35023	0.01790
1720.42151	0.01920
1718.49279	0.02089
1716.56406	0.02251
1714.63534	0.02359
1712.70661	0.02424
1710.77789	0.02505
1708.84917	0.02632
1706.92044	0.02806
1704.99172	0.03000
1703.06300	0.03201
1701.13427	0.03451
1699.20555	0.03745
1697.27683	0.04024
1695.34810	0.04283
1693.41938	0.04506
1691.49065	0.04699
1689.56193	0.04917
1687.63321	0.05185
1685.70448	0.05519
1683.77576	0.05873
1681.84704	0.06121
1679.91831	0.06280
1677.98959	0.06479
1676.06087	0.06769
1674.13214	0.07076
1672.20342	0.07332
1670.27469	0.07568
1668.34597	0.07791
1666.41725	0.07973
1664.48852	0.08158
1662.55980	0.08371
1660.63108	0.08545
1658.70235	0.08646
1656.77363	0.08731
1654.84490	0.08861
1652.91618	0.09006
1650.98746	0.09070
1649.05873	0.09075
1647.13001	0.09126
1645.20129	0.09215
1643.27256	0.09255
1641.34384	0.09253
1639.41512	0.09256
1637.48639	0.09258
1635.55767	0.09204
1633.62894	0.09054
1631.70022	0.08853
1629.77150	0.08653
1627.84277	0.08461
1625.91405	0.08250
1623.98533	0.07994
1622.05660	0.07683
1620.12788	0.07343
1618.19916	0.06974
1616.27043	0.06567
1614.34171	0.06162
1612.41298	0.05790
1610.48426	0.05434
1608.55554	0.05071
1606.62681	0.04697
1604.69809	0.04324
1602.76937	0.03981
1600.84064	0.03694
1598.91192	0.03460
1596.98319	0.03268
1595.05447	0.03115
1593.12575	0.02995
1591.19702	0.02899
1589.26830	0.02818
1587.33958	0.02734
1585.41085	0.02643
1583.48213	0.02556
1581.55341	0.02474
1579.62468	0.02402
1577.69596	0.02345
1575.76723	0.02286
1573.83851	0.02199
1571.90979	0.02120
1569.98106	0.02097
1568.05234	0.02113
1566.12362	0.02136
1564.19489	0.02172
1562.26617	0.02256
1560.33745	0.02414
1558.40872	0.02578
1556.48000	0.02628
1554.55127	0.02596
1552.62255	0.02560
1550.69383	0.02546
1548.76510	0.02533
1546.83638	0.02512
1544.90766	0.02493
1542.97893	0.02485
1541.05021	0.02487
1539.12148	0.02455
1537.19276	0.02363
1535.26404	0.02260
1533.33531	0.02172
1531.40659	0.02073
1529.47787	0.01957
1527.54914	0.01838
1525.62042	0.01714
1523.69170	0.01589
1521.76297	0.01452
1519.83425	0.01284
1517.90552	0.01095
1515.97680	0.00893
1514.04808	0.00679
1512.11935	0.00456
1510.19063	0.00243
1508.26191	0.00063
1506.33318	-0.00100
1504.40446	-0.00294
1502.47574	-0.00508
1500.54701	-0.00697
1498.61829	-0.00836
1496.68956	-0.00948
1494.76084	-0.01054
1492.83212	-0.01163
1490.90339	-0.01259
1488.97467	-0.01321
1487.04595	-0.01352
1485.11722	-0.01374
1483.18850	-0.01387
1481.25977	-0.01376
1479.33105	-0.01342
1477.40233	-0.01290
1475.47360	-0.01193
1473.54488	-0.01020
1471.61616	-0.00824
1469.68743	-0.00703
1467.75871	-0.00649
1465.82999	-0.00600
1463.90126	-0.00567
1461.97254	-0.00567
1460.04381	-0.00557
1458.11509	-0.00508
1456.18637	-0.00474
1454.25764	-0.00503
1452.32892	-0.00563
1450.40020	-0.00611
1448.47147	-0.00659
1446.54275	-0.00719
1444.61403	-0.00782
1442.68530	-0.00850
1440.75658	-0.00927
1438.82785	-0.01013
1436.89913	-0.01119
1434.97041	-0.01265
1433.04168	-0.01437
1431.11296	-0.01616
1429.18424	-0.01818
1427.25551	-0.02072
1425.32679	-0.02384
1423.39806	-0.02730
1421.46934	-0.03087
1419.54062	-0.03475
1417.61189	-0.03926
1415.68317	-0.04394
1413.75445	-0.04842
1411.82572	-0.05276
1409.89700	-0.05692
1407.96828	-0.06074
1406.03955	-0.06424
1404.11083	-0.06745
1402.18210	-0.06992
1400.25338	-0.07117
1398.32466	-0.07099
1396.39593	-0.06938
1394.46721	-0.06682
1392.53849	-0.06433
1390.60976	-0.06293
1388.68104	-0.06358
1386.75232	-0.06595
1384.82359	-0.06626
1382.89487	-0.06080
1380.96614	-0.05128
1379.03742	-0.04240
1377.10870	-0.03610
1375.17997	-0.03143
1373.25125	-0.02747
1371.32253	-0.02421
1369.39380	-0.02154
1367.46508	-0.01931
1365.53635	-0.01745
1363.60763	-0.01583
1361.67891	-0.01443
1359.75018	-0.01333
1357.82146	-0.01256
1355.89274	-0.01197
1353.96401	-0.01130
1352.03529	-0.01044
1350.10657	-0.00950
1348.17784	-0.00868
1346.24912	-0.00808
1344.32039	-0.00744
1342.39167	-0.00671
1340.46295	-0.00582
1338.53422	-0.00484
1336.60550	-0.00387
1334.67678	-0.00292
1332.74805	-0.00198
1330.81933	-0.00128
1328.89061	-0.00156
1326.96188	-0.00209
1325.03316	-0.00250
1323.10443	-0.00260
1321.17571	-0.00237
1319.24699	-0.00200
1317.31826	-0.00154
1315.38954	-0.00088
1313.46082	-0.00014
1311.53209	0.00058
1309.60337	0.00150
1307.67464	0.00261
1305.74592	0.00367
1303.81720	0.00466
1301.88847	0.00572
1299.95975	0.00675
1298.03103	0.00768
1296.10230	0.00876
1294.17358	0.01003
1292.24486	0.01121
1290.31613	0.01234
1288.38741	0.01373
1286.45868	0.01555
1284.52996	0.01777
1282.60124	0.02018
1280.67251	0.02263
1278.74379	0.02519
1276.81507	0.02805
1274.88634	0.03131
1272.95762	0.03499
1271.02890	0.03915
1269.10017	0.04389
1267.17145	0.04923
1265.24272	0.05523
1263.31400	0.06194
1261.38528	0.06928
1259.45655	0.07705
1257.52783	0.08546
1255.59911	0.09475
1253.67038	0.10468
1251.74166	0.11464
1249.81294	0.12417
1247.88421	0.13313
1245.95549	0.14174
1244.02676	0.15015
1242.09804	0.15797
1240.16932	0.16485
1238.24059	0.17099
1236.31187	0.17665
1234.38315	0.18190
1232.45442	0.18675
1230.52570	0.19109
1228.59697	0.19483
1226.66825	0.19823
1224.73953	0.20155
1222.81080	0.20480
1220.88208	0.20800
1218.95336	0.21093
1217.02463	0.21333
1215.09591	0.21552
1213.16719	0.21797
1211.23846	0.22059
1209.30974	0.22297
1207.38101	0.22495
1205.45229	0.22682
1203.52357	0.22890
1201.59484	0.23125
1199.66612	0.23352
1197.73740	0.23556
1195.80867	0.23764
1193.87995	0.23940
1191.95123	0.24074
1190.02250	0.24277
1188.09378	0.24580
1186.16505	0.24885
1184.23633	0.25147
1182.30761	0.25408
1180.37888	0.25676
1178.45016	0.25912
1176.52144	0.26142
1174.59271	0.26418
1172.66399	0.26698
1170.73526	0.26926
1168.80654	0.27140
1166.87782	0.27378
1164.94909	0.27597
1163.02037	0.27797
1161.09165	0.28035
1159.16292	0.28262
1157.23420	0.28416
1155.30548	0.28544
1153.37675	0.28691
1151.44803	0.28838
1149.51930	0.28997
1147.59058	0.29226
1145.66186	0.29508
1143.73313	0.29756
1141.80441	0.29967
1139.87569	0.30160
1137.94696	0.30266
1136.01824	0.30283
1134.08952	0.30346
1132.16079	0.30543
1130.23207	0.30802
1128.30334	0.30983
1126.37462	0.31058
1124.44590	0.31089
1122.51717	0.31127
1120.58845	0.31221
1118.65973	0.31417
1116.73100	0.31708
1114.80228	0.32053
1112.87355	0.32439
1110.94483	0.32854
1109.01611	0.33265
1107.08738	0.33672
1105.15866	0.34109
1103.22994	0.34521
1101.30121	0.34848
1099.37249	0.35162
1097.44377	0.35513
1095.51504	0.35819
1093.58632	0.36013
1091.65759	0.36132
1089.72887	0.36212
1087.80015	0.36200
1085.87142	0.36153
1083.94270	0.36259
1082.01398	0.36462
1080.08525	0.36546
1078.15653	0.36516
1076.22781	0.36458
1074.29908	0.36380
1072.37036	0.36334
1070.44163	0.36355
1068.51291	0.36403
1066.58419	0.36436
1064.65546	0.36442
1062.72674	0.36457
1060.79802	0.36479
1058.86929	0.36378
1056.94057	0.36100
1055.01184	0.35871
1053.08312	0.35830
1051.15440	0.35777
1049.22567	0.35606
1047.29695	0.35379
1045.36823	0.35046
1043.43950	0.34634
1041.51078	0.34278
1039.58206	0.33933
1037.65333	0.33510
1035.72461	0.33084
1033.79588	0.32700
1031.86716	0.32307
1029.93844	0.31884
1028.00971	0.31458
1026.08099	0.31072
1024.15227	0.30737
1022.22354	0.30371
1020.29482	0.29900
1018.36610	0.29370
1016.43737	0.28883
1014.50865	0.28492
1012.57992	0.28145
1010.65120	0.27752
1008.72248	0.27301
1006.79375	0.26871
1004.86503	0.26475
1002.93631	0.25989
1001.00758	0.25424
999.07886	0.24946
997.15013	0.24539
995.22141	0.24026
993.29269	0.23405
991.36396	0.22829
989.43524	0.22353
987.50652	0.21888
985.57779	0.21373
983.64907	0.20877
981.72035	0.20474
979.79162	0.20117
977.86290	0.19736
975.93417	0.19334
974.00545	0.18955
972.07673	0.18575
970.14800	0.18272
968.21928	0.18065
966.29056	0.17838
964.36183	0.17498
962.43311	0.17144
960.50439	0.16903
958.57566	0.16737
956.64694	0.16573
954.71821	0.16392
952.78949	0.16185
950.86077	0.15951
948.93204	0.15669
947.00332	0.15336
945.07460	0.14955
943.14587	0.14538
941.21715	0.14145
939.28842	0.13816
937.35970	0.13503
935.43098	0.13119
933.50225	0.12699
931.57353	0.12362
929.64481	0.12079
927.71608	0.11768
925.78736	0.11451
923.85864	0.11175
921.92991	0.10910
920.00119	0.10640
918.07246	0.10381
916.14374	0.10076
914.21502	0.09699
912.28629	0.09344
910.35757	0.09042
908.42885	0.08686
906.50012	0.08240
904.57140	0.07811
902.64268	0.07466
900.71395	0.07150
898.78523	0.06788
896.85650	0.06398
894.92778	0.06040
892.99906	0.05669
891.07033	0.05259
889.14161	0.04880
887.21289	0.04539
885.28416	0.04206
883.35544	0.03852
881.42671	0.03468
879.49799	0.03119
877.56927	0.02856
875.64054	0.02620
873.71182	0.02328
871.78310	0.01992
869.85437	0.01688
867.92565	0.01433
865.99693	0.01179
864.06820	0.00883
862.13948	0.00540
860.21075	0.00235
858.28203	0.00037
856.35331	-0.00130
854.42458	-0.00344
852.49586	-0.00581
850.56714	-0.00765
848.63841	-0.00894
846.70969	-0.01019
844.78097	-0.01126
842.85224	-0.01200
840.92352	-0.01248
838.99479	-0.01226
837.06607	-0.01088
835.13735	-0.00918
833.20862	-0.00812
831.27990	-0.00699
829.35118	-0.00529
827.42245	-0.00358
825.49373	-0.00176
823.56501	-0.00005
821.63628	0.00119
819.70756	0.00320
817.77883	0.00632
815.85011	0.00902
813.92139	0.01051
811.99266	0.01141
810.06394	0.01242
808.13522	0.01397
806.20649	0.01650
804.27777	0.01967
802.34904	0.02187
800.42032	0.02204
798.49160	0.02142
796.56287	0.02158
794.63415	0.02193
792.70543	0.02134
790.77670	0.01991
788.84798	0.01808
786.91926	0.01613
784.99053	0.01423
783.06181	0.01193
781.13308	0.00897
779.20436	0.00572
777.27564	0.00271
775.34691	0.00003
773.41819	-0.00270
771.48947	-0.00537
769.56074	-0.00722
767.63202	-0.00830
765.70330	-0.00942
763.77457	-0.00980
761.84585	-0.01067
759.91712	-0.01126
757.98840	-0.01177
756.05968	-0.01267
754.13095	-0.01402
752.20223	-0.01466
750.27351	-0.01438
748.34478	-0.01487
746.41606	-0.01636
744.48733	-0.01728
742.55861	-0.01750
740.62989	-0.01764
738.70116	-0.01746
736.77244	-0.01685
734.84372	-0.01612
732.91499	-0.01593
730.98627	-0.01616
729.05755	-0.01571
727.12882	-0.01448
725.20010	-0.01334
723.27137	-0.01361
721.34265	-0.01424
719.41393	-0.01495
717.48520	-0.01514
715.55648	-0.01503
713.62776	-0.01544
711.69903	-0.01638
709.77031	-0.01740
707.84159	-0.01801
705.91286	-0.01850
703.98414	-0.01836
702.05541	-0.01716
700.12669	-0.01575
698.19797	-0.01487
696.26924	-0.01422
694.34052	-0.01351
692.41180	-0.01324
690.48307	-0.01397
688.55435	-0.01514
686.62562	-0.01566
684.69690	-0.01557
682.76818	-0.01575
680.83945	-0.01681
678.91073	-0.01865
676.98201	-0.02042
675.05328	-0.02113
673.12456	-0.02078
671.19584	-0.02170
669.26711	-0.02487
667.33839	-0.02685
665.40966	-0.02635
663.48094	-0.02597
661.55222	-0.02642
659.62349	-0.02695
657.69477	-0.02745
655.76605	-0.02798
653.83732	-0.02840
651.90860	-0.02852
649.97988	-0.02792
648.05115	-0.02608
646.12243	-0.02379
644.19370	-0.02274
642.26498	-0.02307
640.33626	-0.02367
638.40753	-0.02431
636.47881	-0.02493
634.55009	-0.02461
632.62136	-0.02370
630.69264	-0.02405
628.76391	-0.02664
626.83519	-0.02976
624.90647	-0.03163
622.97774	-0.03137
621.04902	-0.03048
619.12030	-0.03033
617.19157	-0.03039
615.26285	-0.02983
613.33413	-0.02773
611.40540	-0.02404
609.47668	-0.02129
607.54795	-0.02049
605.61923	-0.01881
603.69051	-0.01538
601.76178	-0.01274
599.83306	-0.01126
597.90434	-0.00978
595.97561	-0.00932
594.04689	-0.01042
592.11817	-0.01094
590.18944	-0.00951
588.26072	-0.00790
586.33199	-0.00788
584.40327	-0.00845
582.47455	-0.00804
580.54582	-0.00718
578.61710	-0.00707
576.68838	-0.00527
574.75965	-0.00246
572.83093	0.00284
570.90220	0.00877
568.97348	0.00850
567.04476	0.00734
565.11603	0.00654
563.18731	0.00510
561.25859	0.00205
559.32986	-0.00203
557.40114	-0.00601
555.47242	-0.00911
553.54369	-0.01033
551.61497	-0.01003
549.68624	-0.00994
547.75752	-0.01066
545.82880	-0.01102
543.90007	-0.01013
541.97135	-0.00945
540.04263	-0.00996
538.11390	-0.01062
536.18518	-0.01135
534.25646	-0.01290
532.32773	-0.01636
530.39901	-0.02418
528.47028	-0.03190
526.54156	-0.03714
524.61284	-0.04161
522.68411	-0.04685
520.75539	-0.05113
518.82667	-0.05525
516.89794	-0.05829
514.96922	-0.05905
513.04049	-0.05958
511.11177	-0.06326
509.18305	-0.07040
507.25432	-0.07553
505.32560	-0.07294
503.39688	-0.06651
501.46815	-0.06523
499.53943	-0.06933
497.61071	-0.07147
495.68198	-0.07003
493.75326	-0.07003
491.82453	-0.07157
489.89581	-0.06971
487.96709	-0.06613
486.03836	-0.06568
484.10964	-0.06668
482.18092	-0.06518
480.25219	-0.06091
478.32347	-0.05934
476.39475	-0.06455
474.46602	-0.06759
472.53730	-0.06092
470.60857	-0.05331
468.67985	-0.04933
466.75113	-0.04018
464.82240	-0.03452
462.89368	-0.03173
460.96496	-0.02568
459.03623	-0.01786
457.10751	-0.00811
455.17878	-0.00127
453.25006	-0.00082
451.32134	-0.00253
449.39261	-0.00023
447.46389	0.00332
445.53517	0.00083
443.60644	-0.00626
441.67772	-0.00792
439.74900	0.00202
437.82027	0.01452
435.89155	0.01588
433.96282	0.00862
432.03410	0.00446
430.10538	0.01119
428.17665	0.03112
426.24793	0.05106
424.31921	0.04976
422.39048	0.03020
420.46176	0.01630
418.53304	0.01792
416.60431	0.02393
414.67559	0.02415
412.74686	0.02219
410.81814	0.02820
408.88942	0.03689
406.96069	0.04663
405.03197	0.06131
403.10325	0.08699
401.17452	0.13230
399.24580	0.17352
397.31708	0.16644
395.38835	0.11277
393.45963	0.06383
391.53090	0.04833
389.60218	0.05783
387.67346	0.07606
385.74473	0.10352
383.81601	0.14978
381.88729	0.20062
379.95856	0.21766
378.02984	0.18620
376.10111	0.14572
374.17239	0.13743
372.24367	0.14036
370.31494	0.10697
368.38622	0.04554
