7496.94889	-0.00604
7495.02016	0.00218
7493.09144	0.00994
7491.16272	0.01542
7489.23399	0.02453
7487.30527	0.03141
7485.37654	0.02626
7483.44782	0.01513
7481.51910	0.00401
7479.59037	-0.00325
7477.66165	0.00119
7475.73293	0.01549
7473.80420	0.02183
7471.87548	0.00873
7469.94676	-0.00649
7468.01803	-0.00502
7466.08931	0.00635
7464.16058	0.01672
7462.23186	0.02396
7460.30314	0.02251
7458.37441	0.01676
7456.44569	0.02176
7454.51697	0.03269
7452.58824	0.03178
7450.65952	0.02218
7448.73079	0.02054
7446.80207	0.02391
7444.87335	0.01723
7442.94462	0.00242
7441.01590	-0.00838
7439.08718	-0.01132
7437.15845	-0.00752
7435.22973	0.00326
7433.30101	0.01582
7431.37228	0.02363
7429.44356	0.02765
7427.51483	0.02936
7425.58611	0.02805
7423.65739	0.02260
7421.72866	0.01378
7419.79994	0.00818
7417.87122	0.01079
7415.94249	0.01848
7414.01377	0.02429
7412.08505	0.02493
7410.15632	0.02311
7408.22760	0.02086
7406.29887	0.01752
7404.37015	0.01590
7402.44143	0.01799
7400.51270	0.02024
7398.58398	0.02182
7396.65526	0.02121
7394.72653	0.01572
7392.79781	0.01513
7390.86908	0.02750
7388.94036	0.04282
7387.01164	0.04866
7385.08291	0.04558
7383.15419	0.04170
7381.22547	0.03863
7379.29674	0.03492
7377.36802	0.03288
7375.43930	0.03065
7373.51057	0.02500
7371.58185	0.02025
7369.65312	0.02024
7367.72440	0.02369
7365.79568	0.03053
7363.86695	0.03921
7361.93823	0.04279
7360.00951	0.03890
7358.08078	0.03485
7356.15206	0.03217
7354.22334	0.02520
7352.29461	0.01965
7350.36589	0.02235
7348.43716	0.02569
7346.50844	0.02243
7344.57972	0.01681
7342.65099	0.01409
7340.72227	0.01571
7338.79355	0.02313
7336.86482	0.03450
7334.93610	0.04214
7333.00737	0.04111
7331.07865	0.03689
7329.14993	0.03688
7327.22120	0.03573
7325.29248	0.02526
7323.36376	0.01029
7321.43503	0.00306
7319.50631	0.01251
7317.57759	0.03034
7315.64886	0.03700
7313.72014	0.03100
7311.79141	0.02964
7309.86269	0.03748
7307.93397	0.03965
7306.00524	0.03243
7304.07652	0.02995
7302.14780	0.03447
7300.21907	0.03519
7298.29035	0.03334
7296.36163	0.03814
7294.43290	0.04639
7292.50418	0.04724
7290.57545	0.03832
7288.64673	0.02775
7286.71801	0.02239
7284.78928	0.02170
7282.86056	0.02063
7280.93184	0.01576
7279.00311	0.01422
7277.07439	0.02324
7275.14566	0.03444
7273.21694	0.03424
7271.28822	0.02522
7269.35949	0.01988
7267.43077	0.01924
7265.50205	0.01913
7263.57332	0.02255
7261.64460	0.03107
7259.71588	0.03898
7257.78715	0.03965
7255.85843	0.03554
7253.92970	0.03201
7252.00098	0.02688
7250.07226	0.01853
7248.14353	0.01158
7246.21481	0.01180
7244.28609	0.01960
7242.35736	0.02887
7240.42864	0.03425
7238.49992	0.03432
7236.57119	0.03117
7234.64247	0.02683
7232.71374	0.02006
7230.78502	0.01512
7228.85630	0.01788
7226.92757	0.02338
7224.99885	0.02521
7223.07013	0.02684
7221.14140	0.03493
7219.21268	0.04321
7217.28396	0.03905
7215.35523	0.02792
7213.42651	0.02405
7211.49778	0.02775
7209.56906	0.03026
7207.64034	0.02867
7205.71161	0.02825
7203.78289	0.03141
7201.85417	0.03317
7199.92544	0.03103
7197.99672	0.02683
7196.06799	0.02202
7194.13927	0.01993
7192.21055	0.02295
7190.28182	0.02577
7188.35310	0.02517
7186.42438	0.02558
7184.49565	0.02649
7182.56693	0.02595
7180.63821	0.02790
7178.70948	0.02983
7176.78076	0.02752
7174.85203	0.02663
7172.92331	0.02920
7170.99459	0.03004
7169.06586	0.03002
7167.13714	0.03140
7165.20842	0.03024
7163.27969	0.02523
7161.35097	0.02041
7159.42225	0.02262
7157.49352	0.03476
7155.56480	0.04566
7153.63607	0.04385
7151.70735	0.03534
7149.77863	0.03290
7147.84990	0.03778
7145.92118	0.04109
7143.99246	0.03916
7142.06373	0.03564
7140.13501	0.03392
7138.20628	0.03266
7136.27756	0.02669
7134.34884	0.01965
7132.42011	0.02136
7130.49139	0.03130
7128.56267	0.04083
7126.63394	0.04418
7124.70522	0.04260
7122.77650	0.04159
7120.84777	0.04248
7118.91905	0.04278
7116.99032	0.04225
7115.06160	0.04136
7113.13288	0.03903
7111.20415	0.03387
7109.27543	0.02715
7107.34671	0.02258
7105.41798	0.02044
7103.48926	0.01887
7101.56054	0.01669
7099.63181	0.01407
7097.70309	0.01615
7095.77436	0.02360
7093.84564	0.02936
7091.91692	0.03199
7089.98819	0.03397
7088.05947	0.03381
7086.13075	0.03126
7084.20202	0.02973
7082.27330	0.03068
7080.34457	0.03143
7078.41585	0.03042
7076.48713	0.02919
7074.55840	0.02685
7072.62968	0.02282
7070.70096	0.02315
7068.77223	0.02964
7066.84351	0.03227
7064.91479	0.02672
7062.98606	0.02111
7061.05734	0.01872
7059.12861	0.01845
7057.19989	0.02353
7055.27117	0.03224
7053.34244	0.03687
7051.41372	0.03479
7049.48500	0.03039
7047.55627	0.02795
7045.62755	0.02674
7043.69883	0.02471
7041.77010	0.02163
7039.84138	0.01887
7037.91265	0.01784
7035.98393	0.01889
7034.05521	0.02167
7032.12648	0.02539
7030.19776	0.02968
7028.26904	0.03207
7026.34031	0.03124
7024.41159	0.02895
7022.48286	0.02486
7020.55414	0.02129
7018.62542	0.02062
7016.69669	0.02148
7014.76797	0.02449
7012.83925	0.02643
7010.91052	0.02513
7008.98180	0.02666
7007.05308	0.03111
7005.12435	0.03439
7003.19563	0.03796
7001.26690	0.04014
6999.33818	0.03790
6997.40946	0.03315
6995.48073	0.02821
6993.55201	0.02662
6991.62329	0.03171
6989.69456	0.04143
6987.76584	0.04818
6985.83712	0.04511
6983.90839	0.03656
6981.97967	0.03198
6980.05094	0.03079
6978.12222	0.02649
6976.19350	0.02095
6974.26477	0.02172
6972.33605	0.02715
6970.40733	0.03088
6968.47860	0.03407
6966.54988	0.03691
6964.62115	0.03524
6962.69243	0.03144
6960.76371	0.03021
6958.83498	0.03028
6956.90626	0.02987
6954.97754	0.03011
6953.04881	0.03110
6951.12009	0.03130
6949.19137	0.03072
6947.26264	0.02882
6945.33392	0.02408
6943.40519	0.01852
6941.47647	0.01636
6939.54775	0.02111
6937.61902	0.03103
6935.69030	0.03876
6933.76158	0.04103
6931.83285	0.03940
6929.90413	0.03608
6927.97541	0.03285
6926.04668	0.02826
6924.11796	0.02262
6922.18923	0.02206
6920.26051	0.02708
6918.33179	0.02793
6916.40306	0.02283
6914.47434	0.02251
6912.54562	0.02859
6910.61689	0.03229
6908.68817	0.03111
6906.75944	0.02911
6904.83072	0.02582
6902.90200	0.01828
6900.97327	0.01233
6899.04455	0.01532
6897.11583	0.02427
6895.18710	0.03052
6893.25838	0.02891
6891.32966	0.02305
6889.40093	0.01808
6887.47221	0.01583
6885.54348	0.01976
6883.61476	0.02814
6881.68604	0.03280
6879.75731	0.03157
6877.82859	0.02791
6875.89987	0.02501
6873.97114	0.02569
6872.04242	0.02895
6870.11370	0.03108
6868.18497	0.03129
6866.25625	0.03058
6864.32752	0.03064
6862.39880	0.03238
6860.47008	0.03329
6858.54135	0.03334
6856.61263	0.03464
6854.68391	0.03566
6852.75518	0.03507
6850.82646	0.03257
6848.89773	0.02853
6846.96901	0.02660
6845.04029	0.02653
6843.11156	0.02390
6841.18284	0.02178
6839.25412	0.02431
6837.32539	0.02833
6835.39667	0.03120
6833.46795	0.03217
6831.53922	0.02851
6829.61050	0.02200
6827.68177	0.01995
6825.75305	0.02389
6823.82433	0.02764
6821.89560	0.02746
6819.96688	0.02371
6818.03816	0.01841
6816.10943	0.01694
6814.18071	0.02065
6812.25199	0.02123
6810.32326	0.01654
6808.39454	0.01598
6806.46581	0.02157
6804.53709	0.02469
6802.60837	0.02258
6800.67964	0.02136
6798.75092	0.02429
6796.82220	0.02619
6794.89347	0.02175
6792.96475	0.01462
6791.03603	0.01271
6789.10730	0.01695
6787.17858	0.02157
6785.24985	0.02387
6783.32113	0.02446
6781.39241	0.02345
6779.46368	0.02271
6777.53496	0.02245
6775.60624	0.02058
6773.67751	0.01865
6771.74879	0.01901
6769.82006	0.02096
6767.89134	0.02377
6765.96262	0.02711
6764.03389	0.03028
6762.10517	0.03361
6760.17645	0.03505
6758.24772	0.03142
6756.31900	0.02560
6754.39028	0.02208
6752.46155	0.02193
6750.53283	0.02319
6748.60410	0.02229
6746.67538	0.02068
6744.74666	0.02238
6742.81793	0.02495
6740.88921	0.02491
6738.96049	0.02473
6737.03176	0.02574
6735.10304	0.02684
6733.17432	0.02843
6731.24559	0.02690
6729.31687	0.01917
6727.38814	0.01231
6725.45942	0.01359
6723.53070	0.01830
6721.60197	0.01964
6719.67325	0.02153
6717.74453	0.02758
6715.81580	0.03258
6713.88708	0.03297
6711.95835	0.03041
6710.02963	0.02641
6708.10091	0.02204
6706.17218	0.01963
6704.24346	0.01844
6702.31474	0.01608
6700.38601	0.01488
6698.45729	0.01718
6696.52857	0.02215
6694.59984	0.02881
6692.67112	0.03492
6690.74239	0.03644
6688.81367	0.03352
6686.88495	0.03093
6684.95622	0.02923
6683.02750	0.02673
6681.09878	0.02523
6679.17005	0.02573
6677.24133	0.02724
6675.31261	0.02905
6673.38388	0.03070
6671.45516	0.03016
6669.52643	0.02720
6667.59771	0.02546
6665.66899	0.02425
6663.74026	0.02042
6661.81154	0.01782
6659.88282	0.02169
6657.95409	0.02914
6656.02537	0.03235
6654.09664	0.02983
6652.16792	0.02736
6650.23920	0.02623
6648.31047	0.02317
6646.38175	0.01961
6644.45303	0.01722
6642.52430	0.01423
6640.59558	0.01374
6638.66686	0.02035
6636.73813	0.03068
6634.80941	0.03687
6632.88068	0.03543
6630.95196	0.03082
6629.02324	0.02713
6627.09451	0.02342
6625.16579	0.02186
6623.23707	0.02453
6621.30834	0.02708
6619.37962	0.02603
6617.45090	0.02232
6615.52217	0.01904
6613.59345	0.01938
6611.66472	0.02233
6609.73600	0.02403
6607.80728	0.02215
6605.87855	0.01830
6603.94983	0.01753
6602.02111	0.02075
6600.09238	0.02232
6598.16366	0.02061
6596.23493	0.02011
6594.30621	0.02110
6592.37749	0.02021
6590.44876	0.01882
6588.52004	0.01924
6586.59132	0.02054
6584.66259	0.02175
6582.73387	0.02287
6580.80515	0.02475
6578.87642	0.02704
6576.94770	0.02727
6575.01897	0.02554
6573.09025	0.02409
6571.16153	0.02278
6569.23280	0.02193
6567.30408	0.02410
6565.37536	0.02700
6563.44663	0.02631
6561.51791	0.02498
6559.58919	0.02494
6557.66046	0.02333
6555.73174	0.02203
6553.80301	0.02347
6551.87429	0.02560
6549.94557	0.02680
6548.01684	0.02723
6546.08812	0.02738
6544.15940	0.02574
6542.23067	0.02065
6540.30195	0.01559
6538.37322	0.01471
6536.44450	0.01658
6534.51578	0.01857
6532.58705	0.02003
6530.65833	0.01908
6528.72961	0.01538
6526.80088	0.01403
6524.87216	0.01788
6522.94344	0.02222
6521.01471	0.02341
6519.08599	0.02382
6517.15726	0.02530
6515.22854	0.02682
6513.29982	0.02801
6511.37109	0.02961
6509.44237	0.03091
6507.51365	0.02974
6505.58492	0.02496
6503.65620	0.01914
6501.72748	0.01774
6499.79875	0.02106
6497.87003	0.02260
6495.94130	0.02123
6494.01258	0.02187
6492.08386	0.02330
6490.15513	0.02202
6488.22641	0.02191
6486.29769	0.02511
6484.36896	0.02664
6482.44024	0.02597
6480.51151	0.02595
6478.58279	0.02532
6476.65407	0.02365
6474.72534	0.02263
6472.79662	0.02249
6470.86790	0.02145
6468.93917	0.01971
6467.01045	0.02084
6465.08173	0.02397
6463.15300	0.02594
6461.22428	0.02765
6459.29555	0.02860
6457.36683	0.02721
6455.43811	0.02552
6453.50938	0.02516
6451.58066	0.02498
6449.65194	0.02347
6447.72321	0.02110
6445.79449	0.01946
6443.86577	0.01984
6441.93704	0.02368
6440.00832	0.02836
6438.07959	0.02971
6436.15087	0.02964
6434.22215	0.02984
6432.29342	0.02855
6430.36470	0.02667
6428.43598	0.02604
6426.50725	0.02579
6424.57853	0.02423
6422.64980	0.02280
6420.72108	0.02528
6418.79236	0.02958
6416.86363	0.02896
6414.93491	0.02443
6413.00619	0.02254
6411.07746	0.02375
6409.14874	0.02479
6407.22002	0.02488
6405.29129	0.02447
6403.36257	0.02428
6401.43384	0.02535
6399.50512	0.02709
6397.57640	0.02754
6395.64767	0.02699
6393.71895	0.02699
6391.79023	0.02666
6389.86150	0.02697
6387.93278	0.02940
6386.00406	0.03042
6384.07533	0.02890
6382.14661	0.02825
6380.21788	0.02973
6378.28916	0.03149
6376.36044	0.03074
6374.43171	0.02892
6372.50299	0.02913
6370.57427	0.02969
6368.64554	0.02969
6366.71682	0.02960
6364.78810	0.02762
6362.85937	0.02462
6360.93065	0.02269
6359.00192	0.02239
6357.07320	0.02476
6355.14448	0.02766
6353.21575	0.02819
6351.28703	0.02788
6349.35831	0.02762
6347.42958	0.02697
6345.50086	0.02744
6343.57213	0.02911
6341.64341	0.02946
6339.71469	0.02896
6337.78596	0.03006
6335.85724	0.03094
6333.92852	0.03023
6331.99979	0.03029
6330.07107	0.03130
6328.14235	0.03006
6326.21362	0.02548
6324.28490	0.02266
6322.35617	0.02485
6320.42745	0.02829
6318.49873	0.02908
6316.57000	0.02666
6314.64128	0.02461
6312.71256	0.02673
6310.78383	0.02944
6308.85511	0.02845
6306.92639	0.02730
6304.99766	0.02857
6303.06894	0.02912
6301.14021	0.02864
6299.21149	0.02851
6297.28277	0.02743
6295.35404	0.02637
6293.42532	0.02703
6291.49660	0.02737
6289.56787	0.02699
6287.63915	0.02701
6285.71042	0.02549
6283.78170	0.02286
6281.85298	0.02295
6279.92425	0.02599
6277.99553	0.02819
6276.06681	0.02787
6274.13808	0.02862
6272.20936	0.03123
6270.28064	0.03053
6268.35191	0.02675
6266.42319	0.02541
6264.49446	0.02736
6262.56574	0.02964
6260.63702	0.03059
6258.70829	0.02992
6256.77957	0.02842
6254.85085	0.02819
6252.92212	0.02987
6250.99340	0.03110
6249.06468	0.02999
6247.13595	0.02807
6245.20723	0.02755
6243.27850	0.02812
6241.34978	0.02761
6239.42106	0.02559
6237.49233	0.02487
6235.56361	0.02700
6233.63489	0.02984
6231.70616	0.03094
6229.77744	0.03024
6227.84871	0.02893
6225.91999	0.02709
6223.99127	0.02629
6222.06254	0.02834
6220.13382	0.03027
6218.20510	0.02882
6216.27637	0.02635
6214.34765	0.02642
6212.41893	0.02765
6210.49020	0.02760
6208.56148	0.02634
6206.63275	0.02461
6204.70403	0.02392
6202.77531	0.02547
6200.84658	0.02823
6198.91786	0.02866
6196.98914	0.02560
6195.06041	0.02426
6193.13169	0.02689
6191.20297	0.02902
6189.27424	0.02778
6187.34552	0.02485
6185.41679	0.02422
6183.48807	0.02794
6181.55935	0.03274
6179.63062	0.03367
6177.70190	0.03106
6175.77318	0.02887
6173.84445	0.02788
6171.91573	0.02669
6169.98700	0.02611
6168.05828	0.02777
6166.12956	0.03069
6164.20083	0.03226
6162.27211	0.03174
6160.34339	0.03070
6158.41466	0.03056
6156.48594	0.03114
6154.55722	0.03087
6152.62849	0.02907
6150.69977	0.02804
6148.77104	0.02931
6146.84232	0.03029
6144.91360	0.02872
6142.98487	0.02628
6141.05615	0.02591
6139.12743	0.02750
6137.19870	0.02767
6135.26998	0.02612
6133.34126	0.02652
6131.41253	0.02904
6129.48381	0.03072
6127.55508	0.03020
6125.62636	0.02808
6123.69764	0.02688
6121.76891	0.02874
6119.84019	0.03173
6117.91147	0.03116
6115.98274	0.02726
6114.05402	0.02535
6112.12529	0.02665
6110.19657	0.02827
6108.26785	0.02890
6106.33912	0.02888
6104.41040	0.02798
6102.48168	0.02678
6100.55295	0.02759
6098.62423	0.02966
6096.69551	0.03029
6094.76678	0.02975
6092.83806	0.02933
6090.90933	0.02903
6088.98061	0.02884
6087.05189	0.02895
6085.12316	0.02890
6083.19444	0.02792
6081.26572	0.02618
6079.33699	0.02559
6077.40827	0.02776
6075.47955	0.03107
6073.55082	0.03211
6071.62210	0.02998
6069.69337	0.02827
6067.76465	0.02905
6065.83593	0.02866
6063.90720	0.02521
6061.97848	0.02283
6060.04976	0.02383
6058.12103	0.02562
6056.19231	0.02724
6054.26358	0.02982
6052.33486	0.03191
6050.40614	0.03164
6048.47741	0.02973
6046.54869	0.02835
6044.61997	0.02873
6042.69124	0.02928
6040.76252	0.02794
6038.83380	0.02579
6036.90507	0.02597
6034.97635	0.02824
6033.04762	0.02849
6031.11890	0.02645
6029.19018	0.02583
6027.26145	0.02692
6025.33273	0.02825
6023.40401	0.02983
6021.47528	0.03127
6019.54656	0.03226
6017.61784	0.03148
6015.68911	0.02847
6013.76039	0.02686
6011.83166	0.02788
6009.90294	0.02871
6007.97422	0.02917
6006.04549	0.03007
6004.11677	0.03048
6002.18805	0.03068
6000.25932	0.03113
5998.33060	0.03114
5996.40187	0.03057
5994.47315	0.03004
5992.54443	0.02982
5990.61570	0.02918
5988.68698	0.02741
5986.75826	0.02635
5984.82953	0.02852
5982.90081	0.03130
5980.97209	0.03090
5979.04336	0.02884
5977.11464	0.02755
5975.18591	0.02664
5973.25719	0.02607
5971.32847	0.02688
5969.39974	0.02833
5967.47102	0.02864
5965.54230	0.02811
5963.61357	0.02768
5961.68485	0.02786
5959.75613	0.02841
5957.82740	0.02797
5955.89868	0.02715
5953.96995	0.02764
5952.04123	0.02864
5950.11251	0.02850
5948.18378	0.02691
5946.25506	0.02467
5944.32634	0.02365
5942.39761	0.02514
5940.46889	0.02806
5938.54017	0.02999
5936.61144	0.02969
5934.68272	0.02902
5932.75399	0.02985
5930.82527	0.03082
5928.89655	0.03042
5926.96782	0.02869
5925.03910	0.02689
5923.11038	0.02684
5921.18165	0.02782
5919.25293	0.02832
5917.32420	0.02879
5915.39548	0.02893
5913.46676	0.02772
5911.53803	0.02663
5909.60931	0.02763
5907.68059	0.02988
5905.75186	0.03180
5903.82314	0.03255
5901.89442	0.03145
5899.96569	0.02938
5898.03697	0.02802
5896.10824	0.02796
5894.17952	0.02896
5892.25080	0.03000
5890.32207	0.03010
5888.39335	0.02949
5886.46463	0.02867
5884.53590	0.02763
5882.60718	0.02709
5880.67846	0.02744
5878.74973	0.02785
5876.82101	0.02751
5874.89228	0.02690
5872.96356	0.02741
5871.03484	0.02863
5869.10611	0.02897
5867.17739	0.02805
5865.24867	0.02677
5863.31994	0.02713
5861.39122	0.02902
5859.46249	0.02988
5857.53377	0.02916
5855.60505	0.02809
5853.67632	0.02725
5851.74760	0.02639
5849.81888	0.02585
5847.89015	0.02650
5845.96143	0.02770
5844.03271	0.02810
5842.10398	0.02783
5840.17526	0.02710
5838.24653	0.02648
5836.31781	0.02738
5834.38909	0.02860
5832.46036	0.02762
5830.53164	0.02595
5828.60292	0.02645
5826.67419	0.02781
5824.74547	0.02778
5822.81675	0.02761
5820.88802	0.02881
5818.95930	0.02967
5817.03057	0.02819
5815.10185	0.02623
5813.17313	0.02596
5811.24440	0.02625
5809.31568	0.02625
5807.38696	0.02662
5805.45823	0.02728
5803.52951	0.02705
5801.60078	0.02648
5799.67206	0.02736
5797.74334	0.02787
5795.81461	0.02656
5793.88589	0.02599
5791.95717	0.02691
5790.02844	0.02752
5788.09972	0.02790
5786.17100	0.02906
5784.24227	0.02986
5782.31355	0.02937
5780.38482	0.02815
5778.45610	0.02665
5776.52738	0.02632
5774.59865	0.02832
5772.66993	0.03058
5770.74121	0.03077
5768.81248	0.03000
5766.88376	0.03037
5764.95504	0.03124
5763.02631	0.03084
5761.09759	0.02948
5759.16886	0.02861
5757.24014	0.02867
5755.31142	0.02937
5753.38269	0.03003
5751.45397	0.03018
5749.52525	0.03032
5747.59652	0.02966
5745.66780	0.02782
5743.73907	0.02636
5741.81035	0.02571
5739.88163	0.02589
5737.95290	0.02702
5736.02418	0.02821
5734.09546	0.02903
5732.16673	0.02920
5730.23801	0.02869
5728.30929	0.02867
5726.38056	0.02916
5724.45184	0.02881
5722.52311	0.02700
5720.59439	0.02457
5718.66567	0.02381
5716.73694	0.02510
5714.80822	0.02660
5712.87950	0.02817
5710.95077	0.03038
5709.02205	0.03223
5707.09333	0.03254
5705.16460	0.03135
5703.23588	0.02993
5701.30715	0.02885
5699.37843	0.02773
5697.44971	0.02758
5695.52098	0.02903
5693.59226	0.02957
5691.66354	0.02769
5689.73481	0.02572
5687.80609	0.02531
5685.87736	0.02492
5683.94864	0.02406
5682.01992	0.02487
5680.09119	0.02720
5678.16247	0.02812
5676.23375	0.02677
5674.30502	0.02552
5672.37630	0.02581
5670.44758	0.02663
5668.51885	0.02757
5666.59013	0.02863
5664.66140	0.02905
5662.73268	0.02899
5660.80396	0.02868
5658.87523	0.02749
5656.94651	0.02550
5655.01779	0.02417
5653.08906	0.02408
5651.16034	0.02388
5649.23162	0.02351
5647.30289	0.02418
5645.37417	0.02564
5643.44544	0.02690
5641.51672	0.02728
5639.58800	0.02653
5637.65927	0.02552
5635.73055	0.02482
5633.80183	0.02445
5631.87310	0.02528
5629.94438	0.02671
5628.01565	0.02669
5626.08693	0.02581
5624.15821	0.02586
5622.22948	0.02674
5620.30076	0.02814
5618.37204	0.02969
5616.44331	0.03007
5614.51459	0.02865
5612.58587	0.02660
5610.65714	0.02559
5608.72842	0.02603
5606.79969	0.02711
5604.87097	0.02742
5602.94225	0.02635
5601.01352	0.02578
5599.08480	0.02675
5597.15608	0.02764
5595.22735	0.02751
5593.29863	0.02650
5591.36991	0.02549
5589.44118	0.02557
5587.51246	0.02654
5585.58373	0.02716
5583.65501	0.02688
5581.72629	0.02662
5579.79756	0.02731
5577.86884	0.02791
5575.94012	0.02740
5574.01139	0.02632
5572.08267	0.02513
5570.15394	0.02446
5568.22522	0.02501
5566.29650	0.02628
5564.36777	0.02710
5562.43905	0.02695
5560.51033	0.02674
5558.58160	0.02782
5556.65288	0.02945
5554.72416	0.02976
5552.79543	0.02866
5550.86671	0.02738
5548.93798	0.02651
5547.00926	0.02640
5545.08054	0.02699
5543.15181	0.02755
5541.22309	0.02843
5539.29437	0.02992
5537.36564	0.03046
5535.43692	0.02953
5533.50820	0.02831
5531.57947	0.02705
5529.65075	0.02573
5527.72202	0.02519
5525.79330	0.02550
5523.86458	0.02599
5521.93585	0.02617
5520.00713	0.02612
5518.07841	0.02648
5516.14968	0.02763
5514.22096	0.02908
5512.29224	0.02979
5510.36351	0.02905
5508.43479	0.02762
5506.50606	0.02649
5504.57734	0.02555
5502.64862	0.02493
5500.71989	0.02558
5498.79117	0.02736
5496.86245	0.02868
5494.93372	0.02850
5493.00500	0.02792
5491.07627	0.02820
5489.14755	0.02844
5487.21883	0.02752
5485.29010	0.02626
5483.36138	0.02594
5481.43266	0.02650
5479.50393	0.02716
5477.57521	0.02742
5475.64649	0.02736
5473.71776	0.02734
5471.78904	0.02715
5469.86031	0.02651
5467.93159	0.02635
5466.00287	0.02758
5464.07414	0.02922
5462.14542	0.02984
5460.21670	0.02916
5458.28797	0.02784
5456.35925	0.02717
5454.43053	0.02788
5452.50180	0.02912
5450.57308	0.02953
5448.64435	0.02873
5446.71563	0.02786
5444.78691	0.02793
5442.85818	0.02848
5440.92946	0.02860
5439.00074	0.02823
5437.07201	0.02819
5435.14329	0.02861
5433.21456	0.02848
5431.28584	0.02790
5429.35712	0.02795
5427.42839	0.02829
5425.49967	0.02803
5423.57095	0.02751
5421.64222	0.02747
5419.71350	0.02775
5417.78478	0.02797
5415.85605	0.02816
5413.92733	0.02807
5411.99860	0.02776
5410.06988	0.02809
5408.14116	0.02928
5406.21243	0.03040
5404.28371	0.03041
5402.35499	0.02960
5400.42626	0.02916
5398.49754	0.02898
5396.56882	0.02864
5394.64009	0.02897
5392.71137	0.03000
5390.78264	0.03021
5388.85392	0.02961
5386.92520	0.02939
5384.99647	0.02952
5383.06775	0.02940
5381.13903	0.02895
5379.21030	0.02876
5377.28158	0.02965
5375.35285	0.03096
5373.42413	0.03108
5371.49541	0.02989
5369.56668	0.02865
5367.63796	0.02792
5365.70924	0.02741
5363.78051	0.02719
5361.85179	0.02736
5359.92307	0.02769
5357.99434	0.02838
5356.06562	0.02942
5354.13689	0.03037
5352.20817	0.03072
5350.27945	0.03016
5348.35072	0.02917
5346.42200	0.02868
5344.49328	0.02884
5342.56455	0.02869
5340.63583	0.02806
5338.70711	0.02777
5336.77838	0.02823
5334.84966	0.02913
5332.92093	0.02973
5330.99221	0.02923
5329.06349	0.02808
5327.13476	0.02775
5325.20604	0.02857
5323.27732	0.02954
5321.34859	0.03001
5319.41987	0.03024
5317.49114	0.03035
5315.56242	0.03031
5313.63370	0.03012
5311.70497	0.02959
5309.77625	0.02872
5307.84753	0.02758
5305.91880	0.02640
5303.99008	0.02612
5302.06136	0.02705
5300.13263	0.02845
5298.20391	0.03021
5296.27518	0.03179
5294.34646	0.03190
5292.41774	0.03085
5290.48901	0.03022
5288.56029	0.03058
5286.63157	0.03137
5284.70284	0.03183
5282.77412	0.03122
5280.84540	0.02991
5278.91667	0.02930
5276.98795	0.03002
5275.05922	0.03078
5273.13050	0.03035
5271.20178	0.02962
5269.27305	0.02990
5267.34433	0.03046
5265.41561	0.03011
5263.48688	0.02955
5261.55816	0.02973
5259.62943	0.03006
5257.70071	0.02998
5255.77199	0.02968
5253.84326	0.02946
5251.91454	0.02986
5249.98582	0.03052
5248.05709	0.03058
5246.12837	0.03014
5244.19965	0.02972
5242.27092	0.02955
5240.34220	0.02996
5238.41347	0.03112
5236.48475	0.03216
5234.55603	0.03170
5232.62730	0.03013
5230.69858	0.02938
5228.76986	0.02972
5226.84113	0.02967
5224.91241	0.02905
5222.98369	0.02895
5221.05496	0.02929
5219.12624	0.02968
5217.19751	0.03042
5215.26879	0.03111
5213.34007	0.03122
5211.41134	0.03124
5209.48262	0.03107
5207.55390	0.03060
5205.62517	0.03090
5203.69645	0.03187
5201.76772	0.03178
5199.83900	0.03039
5197.91028	0.02918
5195.98155	0.02879
5194.05283	0.02881
5192.12411	0.02905
5190.19538	0.02930
5188.26666	0.02946
5186.33794	0.02984
5184.40921	0.03078
5182.48049	0.03195
5180.55176	0.03230
5178.62304	0.03175
5176.69432	0.03134
5174.76559	0.03106
5172.83687	0.03028
5170.90815	0.02945
5168.97942	0.02901
5167.05070	0.02892
5165.12198	0.02948
5163.19325	0.03058
5161.26453	0.03120
5159.33580	0.03075
5157.40708	0.03010
5155.47836	0.02982
5153.54963	0.02923
5151.62091	0.02865
5149.69219	0.02926
5147.76346	0.03049
5145.83474	0.03089
5143.90601	0.03063
5141.97729	0.03059
5140.04857	0.03057
5138.11984	0.03039
5136.19112	0.03050
5134.26240	0.03076
5132.33367	0.03051
5130.40495	0.02980
5128.47623	0.02966
5126.54750	0.03047
5124.61878	0.03124
5122.69005	0.03076
5120.76133	0.02917
5118.83261	0.02815
5116.90388	0.02859
5114.97516	0.02940
5113.04644	0.02988
5111.11771	0.03042
5109.18899	0.03125
5107.26027	0.03202
5105.33154	0.03191
5103.40282	0.03080
5101.47409	0.02975
5099.54537	0.02922
5097.61665	0.02873
5095.68792	0.02844
5093.75920	0.02892
5091.83048	0.02953
5089.90175	0.02913
5087.97303	0.02826
5086.04431	0.02815
5084.11558	0.02869
5082.18686	0.02897
5080.25813	0.02883
5078.32941	0.02887
5076.40069	0.02932
5074.47196	0.02959
5072.54324	0.02955
5070.61452	0.02977
5068.68579	0.03008
5066.75707	0.02993
5064.82834	0.02966
5062.89962	0.02953
5060.97090	0.02929
5059.04217	0.02917
5057.11345	0.02919
5055.18473	0.02877
5053.25600	0.02822
5051.32728	0.02842
5049.39856	0.02936
5047.46983	0.03008
5045.54111	0.03007
5043.61238	0.02976
5041.68366	0.02946
5039.75494	0.02884
5037.82621	0.02799
5035.89749	0.02770
5033.96877	0.02810
5032.04004	0.02877
5030.11132	0.02946
5028.18260	0.02988
5026.25387	0.02982
5024.32515	0.02933
5022.39642	0.02902
5020.46770	0.02944
5018.53898	0.03015
5016.61025	0.03031
5014.68153	0.02950
5012.75281	0.02830
5010.82408	0.02763
5008.89536	0.02730
5006.96663	0.02680
5005.03791	0.02647
5003.10919	0.02711
5001.18046	0.02885
4999.25174	0.03026
4997.32302	0.03007
4995.39429	0.02974
4993.46557	0.03001
4991.53685	0.02980
4989.60812	0.02903
4987.67940	0.02862
4985.75067	0.02847
4983.82195	0.02852
4981.89323	0.02924
4979.96450	0.03005
4978.03578	0.03001
4976.10706	0.02932
4974.17833	0.02860
4972.24961	0.02845
4970.32089	0.02912
4968.39216	0.02977
4966.46344	0.02983
4964.53471	0.02953
4962.60599	0.02863
4960.67727	0.02741
4958.74854	0.02714
4956.81982	0.02794
4954.89110	0.02910
4952.96237	0.03009
4951.03365	0.03057
4949.10492	0.03076
4947.17620	0.03069
4945.24748	0.03029
4943.31875	0.03016
4941.39003	0.03041
4939.46131	0.03059
4937.53258	0.03058
4935.60386	0.03033
4933.67514	0.03002
4931.74641	0.02973
4929.81769	0.02933
4927.88896	0.02924
4925.96024	0.02948
4924.03152	0.02935
4922.10279	0.02874
4920.17407	0.02849
4918.24535	0.02898
4916.31662	0.02968
4914.38790	0.03002
4912.45918	0.02993
4910.53045	0.03007
4908.60173	0.03092
4906.67300	0.03164
4904.74428	0.03152
4902.81556	0.03108
4900.88683	0.03063
4898.95811	0.02979
4897.02939	0.02894
4895.10066	0.02885
4893.17194	0.02910
4891.24321	0.02921
4889.31449	0.02902
4887.38577	0.02856
4885.45704	0.02854
4883.52832	0.02914
4881.59960	0.02971
4879.67087	0.02996
4877.74215	0.03012
4875.81343	0.03000
4873.88470	0.02920
4871.95598	0.02840
4870.02725	0.02873
4868.09853	0.02980
4866.16981	0.03031
4864.24108	0.02999
4862.31236	0.02963
4860.38364	0.02967
4858.45491	0.02996
4856.52619	0.03007
4854.59747	0.02969
4852.66874	0.02912
4850.74002	0.02907
4848.81129	0.02986
4846.88257	0.03075
4844.95385	0.03083
4843.02512	0.03026
4841.09640	0.03001
4839.16768	0.03041
4837.23895	0.03051
4835.31023	0.02977
4833.38150	0.02920
4831.45278	0.02916
4829.52406	0.02911
4827.59533	0.02939
4825.66661	0.02983
4823.73789	0.02982
4821.80916	0.02996
4819.88044	0.03056
4817.95172	0.03081
4816.02299	0.03025
4814.09427	0.02926
4812.16554	0.02867
4810.23682	0.02906
4808.30810	0.02977
4806.37937	0.02981
4804.45065	0.02943
4802.52193	0.02916
4800.59320	0.02927
4798.66448	0.02981
4796.73576	0.03020
4794.80703	0.03017
4792.87831	0.03038
4790.94958	0.03093
4789.02086	0.03106
4787.09214	0.03048
4785.16341	0.02960
4783.23469	0.02883
4781.30597	0.02824
4779.37724	0.02808
4777.44852	0.02863
4775.51979	0.02944
4773.59107	0.02970
4771.66235	0.02909
4769.73362	0.02803
4767.80490	0.02733
4765.87618	0.02741
4763.94745	0.02801
4762.01873	0.02859
4760.09001	0.02902
4758.16128	0.02935
4756.23256	0.02937
4754.30383	0.02886
4752.37511	0.02818
4750.44639	0.02797
4748.51766	0.02823
4746.58894	0.02851
4744.66022	0.02869
4742.73149	0.02883
4740.80277	0.02877
4738.87405	0.02852
4736.94532	0.02843
4735.01660	0.02867
4733.08787	0.02906
4731.15915	0.02935
4729.23043	0.02957
4727.30170	0.02959
4725.37298	0.02908
4723.44426	0.02863
4721.51553	0.02888
4719.58681	0.02915
4717.65808	0.02917
4715.72936	0.02959
4713.80064	0.03031
4711.87191	0.03072
4709.94319	0.03044
4708.01447	0.02970
4706.08574	0.02963
4704.15702	0.03039
4702.22830	0.03059
4700.29957	0.02977
4698.37085	0.02900
4696.44212	0.02899
4694.51340	0.02932
4692.58468	0.02944
4690.65595	0.02957
4688.72723	0.03001
4686.79851	0.03056
4684.86978	0.03077
4682.94106	0.03038
4681.01234	0.02958
4679.08361	0.02912
4677.15489	0.02950
4675.22616	0.03009
4673.29744	0.03037
4671.36872	0.03054
4669.43999	0.03035
4667.51127	0.02981
4665.58255	0.02944
4663.65382	0.02929
4661.72510	0.02962
4659.79638	0.03036
4657.86765	0.03070
4655.93893	0.03058
4654.01020	0.03023
4652.08148	0.02970
4650.15276	0.02953
4648.22403	0.02999
4646.29531	0.03026
4644.36659	0.02984
4642.43786	0.02956
4640.50914	0.02981
4638.58041	0.02977
4636.65169	0.02897
4634.72297	0.02817
4632.79424	0.02838
4630.86552	0.02940
4628.93680	0.03027
4627.00807	0.03066
4625.07935	0.03052
4623.15063	0.02973
4621.22190	0.02895
4619.29318	0.02902
4617.36445	0.02977
4615.43573	0.03043
4613.50701	0.03050
4611.57828	0.03013
4609.64956	0.02977
4607.72084	0.02957
4605.79211	0.02963
4603.86339	0.02968
4601.93467	0.02910
4600.00594	0.02859
4598.07722	0.02907
4596.14849	0.02978
4594.21977	0.03008
4592.29105	0.03007
4590.36232	0.02961
4588.43360	0.02928
4586.50488	0.02960
4584.57615	0.03007
4582.64743	0.03044
4580.71870	0.03048
4578.78998	0.02977
4576.86126	0.02904
4574.93253	0.02917
4573.00381	0.02941
4571.07509	0.02893
4569.14636	0.02832
4567.21764	0.02801
4565.28892	0.02790
4563.36019	0.02799
4561.43147	0.02834
4559.50274	0.02887
4557.57402	0.02921
4555.64530	0.02919
4553.71657	0.02927
4551.78785	0.02943
4549.85913	0.02894
4547.93040	0.02817
4546.00168	0.02830
4544.07296	0.02915
4542.14423	0.02965
4540.21551	0.02968
4538.28678	0.02979
4536.35806	0.03012
4534.42934	0.03028
4532.50061	0.02998
4530.57189	0.02938
4528.64317	0.02877
4526.71444	0.02842
4524.78572	0.02828
4522.85699	0.02814
4520.92827	0.02832
4518.99955	0.02880
4517.07082	0.02891
4515.14210	0.02887
4513.21338	0.02912
4511.28465	0.02920
4509.35593	0.02890
4507.42721	0.02870
4505.49848	0.02879
4503.56976	0.02910
4501.64103	0.02931
4499.71231	0.02909
4497.78359	0.02876
4495.85486	0.02856
4493.92614	0.02822
4491.99742	0.02791
4490.06869	0.02792
4488.13997	0.02823
4486.21125	0.02838
4484.28252	0.02805
4482.35380	0.02775
4480.42507	0.02796
4478.49635	0.02841
4476.56763	0.02872
4474.63890	0.02877
4472.71018	0.02889
4470.78146	0.02927
4468.85273	0.02941
4466.92401	0.02931
4464.99528	0.02958
4463.06656	0.03005
4461.13784	0.02995
4459.20911	0.02942
4457.28039	0.02913
4455.35167	0.02915
4453.42294	0.02940
4451.49422	0.02997
4449.56550	0.03050
4447.63677	0.03039
4445.70805	0.02976
4443.77932	0.02942
4441.85060	0.02973
4439.92188	0.03032
4437.99315	0.03062
4436.06443	0.03029
4434.13571	0.02992
4432.20698	0.03008
4430.27826	0.03041
4428.34954	0.03057
4426.42081	0.03068
4424.49209	0.03064
4422.56336	0.03053
4420.63464	0.03057
4418.70592	0.03069
4416.77719	0.03082
4414.84847	0.03093
4412.91975	0.03100
4410.99102	0.03073
4409.06230	0.03005
4407.13357	0.02974
4405.20485	0.03014
4403.27613	0.03067
4401.34740	0.03088
4399.41868	0.03065
4397.48996	0.03008
4395.56123	0.02970
4393.63251	0.02990
4391.70379	0.03022
4389.77506	0.03001
4387.84634	0.02957
4385.91761	0.02965
4383.98889	0.03028
4382.06017	0.03082
4380.13144	0.03089
4378.20272	0.03058
4376.27400	0.03023
4374.34527	0.03024
4372.41655	0.03076
4370.48783	0.03151
4368.55910	0.03177
4366.63038	0.03130
4364.70165	0.03073
4362.77293	0.03055
4360.84421	0.03082
4358.91548	0.03121
4356.98676	0.03138
4355.05804	0.03154
4353.12931	0.03182
4351.20059	0.03213
4349.27186	0.03245
4347.34314	0.03264
4345.41442	0.03271
4343.48569	0.03264
4341.55697	0.03231
4339.62825	0.03189
4337.69952	0.03169
4335.77080	0.03184
4333.84208	0.03208
4331.91335	0.03216
4329.98463	0.03221
4328.05590	0.03237
4326.12718	0.03252
4324.19846	0.03268
4322.26973	0.03307
4320.34101	0.03337
4318.41229	0.03313
4316.48356	0.03285
4314.55484	0.03288
4312.62612	0.03283
4310.69739	0.03241
4308.76867	0.03200
4306.83994	0.03202
4304.91122	0.03227
4302.98250	0.03243
4301.05377	0.03241
4299.12505	0.03227
4297.19633	0.03230
4295.26760	0.03257
4293.33888	0.03262
4291.41015	0.03231
4289.48143	0.03206
4287.55271	0.03219
4285.62398	0.03242
4283.69526	0.03243
4281.76654	0.03228
4279.83781	0.03207
4277.90909	0.03180
4275.98037	0.03152
4274.05164	0.03150
4272.12292	0.03184
4270.19419	0.03227
4268.26547	0.03230
4266.33675	0.03167
4264.40802	0.03081
4262.47930	0.03043
4260.55058	0.03060
4258.62185	0.03102
4256.69313	0.03139
4254.76441	0.03160
4252.83568	0.03175
4250.90696	0.03162
4248.97823	0.03095
4247.04951	0.03047
4245.12079	0.03079
4243.19206	0.03115
4241.26334	0.03083
4239.33462	0.03051
4237.40589	0.03072
4235.47717	0.03076
4233.54845	0.03037
4231.61972	0.03023
4229.69100	0.03044
4227.76227	0.03050
4225.83355	0.03025
4223.90483	0.03004
4221.97610	0.03005
4220.04738	0.03011
4218.11866	0.03021
4216.18993	0.03051
4214.26121	0.03069
4212.33248	0.03062
4210.40376	0.03060
4208.47504	0.03064
4206.54631	0.03061
4204.61759	0.03049
4202.68887	0.03044
4200.76014	0.03051
4198.83142	0.03068
4196.90270	0.03112
4194.97397	0.03165
4193.04525	0.03177
4191.11652	0.03157
4189.18780	0.03143
4187.25908	0.03143
4185.33035	0.03139
4183.40163	0.03133
4181.47291	0.03138
4179.54418	0.03154
4177.61546	0.03181
4175.68674	0.03210
4173.75801	0.03201
4171.82929	0.03149
4169.90056	0.03136
4167.97184	0.03181
4166.04312	0.03209
4164.11439	0.03203
4162.18567	0.03194
4160.25695	0.03171
4158.32822	0.03132
4156.39950	0.03108
4154.47077	0.03103
4152.54205	0.03120
4150.61333	0.03171
4148.68460	0.03198
4146.75588	0.03153
4144.82716	0.03091
4142.89843	0.03058
4140.96971	0.03050
4139.04099	0.03031
4137.11226	0.02990
4135.18354	0.02983
4133.25481	0.03025
4131.32609	0.03080
4129.39737	0.03120
4127.46864	0.03118
4125.53992	0.03082
4123.61120	0.03046
4121.68247	0.03034
4119.75375	0.03051
4117.82503	0.03076
4115.89630	0.03095
4113.96758	0.03109
4112.03885	0.03104
4110.11013	0.03076
4108.18141	0.03042
4106.25268	0.03030
4104.32396	0.03063
4102.39524	0.03101
4100.46651	0.03086
4098.53779	0.03052
4096.60906	0.03050
4094.68034	0.03050
4092.75162	0.03025
4090.82289	0.03010
4088.89417	0.03014
4086.96545	0.03034
4085.03672	0.03071
4083.10800	0.03108
4081.17928	0.03117
4079.25055	0.03094
4077.32183	0.03052
4075.39310	0.03025
4073.46438	0.03023
4071.53566	0.03038
4069.60693	0.03066
4067.67821	0.03062
4065.74949	0.03016
4063.82076	0.03011
4061.89204	0.03070
4059.96332	0.03105
4058.03459	0.03089
4056.10587	0.03066
4054.17714	0.03048
4052.24842	0.03029
4050.31970	0.03018
4048.39097	0.03015
4046.46225	0.03006
4044.53353	0.02998
4042.60480	0.03024
4040.67608	0.03078
4038.74735	0.03117
4036.81863	0.03124
4034.88991	0.03108
4032.96118	0.03087
4031.03246	0.03072
4029.10374	0.03051
4027.17501	0.03015
4025.24629	0.03004
4023.31757	0.03033
4021.38884	0.03059
4019.46012	0.03054
4017.53139	0.03032
4015.60267	0.03022
4013.67395	0.03028
4011.74522	0.03019
4009.81650	0.02986
4007.88778	0.02956
4005.95905	0.02948
4004.03033	0.02964
4002.10161	0.02984
4000.17288	0.02995
3998.24416	0.03001
3996.31543	0.02988
3994.38671	0.02956
3992.45799	0.02946
3990.52926	0.02968
3988.60054	0.02981
3986.67182	0.02964
3984.74309	0.02936
3982.81437	0.02908
3980.88564	0.02894
3978.95692	0.02903
3977.02820	0.02912
3975.09947	0.02886
3973.17075	0.02835
3971.24203	0.02807
3969.31330	0.02817
3967.38458	0.02844
3965.45586	0.02875
3963.52713	0.02915
3961.59841	0.02930
3959.66968	0.02890
3957.74096	0.02837
3955.81224	0.02829
3953.88351	0.02856
3951.95479	0.02874
3950.02607	0.02870
3948.09734	0.02862
3946.16862	0.02857
3944.23990	0.02840
3942.31117	0.02819
3940.38245	0.02816
3938.45372	0.02831
3936.52500	0.02841
3934.59628	0.02827
3932.66755	0.02803
3930.73883	0.02795
3928.81011	0.02807
3926.88138	0.02835
3924.95266	0.02876
3923.02393	0.02903
3921.09521	0.02895
3919.16649	0.02870
3917.23776	0.02852
3915.30904	0.02838
3913.38032	0.02837
3911.45159	0.02851
3909.52287	0.02848
3907.59415	0.02817
3905.66542	0.02785
3903.73670	0.02778
3901.80797	0.02790
3899.87925	0.02794
3897.95053	0.02777
3896.02180	0.02751
3894.09308	0.02747
3892.16436	0.02769
3890.23563	0.02784
3888.30691	0.02772
3886.37819	0.02760
3884.44946	0.02779
3882.52074	0.02803
3880.59201	0.02790
3878.66329	0.02750
3876.73457	0.02732
3874.80584	0.02727
3872.87712	0.02697
3870.94840	0.02659
3869.01967	0.02645
3867.09095	0.02661
3865.16222	0.02688
3863.23350	0.02688
3861.30478	0.02653
3859.37605	0.02623
3857.44733	0.02634
3855.51861	0.02682
3853.58988	0.02714
3851.66116	0.02686
3849.73244	0.02658
3847.80371	0.02688
3845.87499	0.02748
3843.94626	0.02783
3842.01754	0.02787
3840.08882	0.02787
3838.16009	0.02790
3836.23137	0.02776
3834.30265	0.02735
3832.37392	0.02691
3830.44520	0.02672
3828.51648	0.02673
3826.58775	0.02666
3824.65903	0.02661
3822.73030	0.02695
3820.80158	0.02742
3818.87286	0.02744
3816.94413	0.02732
3815.01541	0.02749
3813.08669	0.02764
3811.15796	0.02756
3809.22924	0.02743
3807.30052	0.02720
3805.37179	0.02688
3803.44307	0.02693
3801.51434	0.02748
3799.58562	0.02793
3797.65690	0.02782
3795.72817	0.02740
3793.79945	0.02702
3791.87073	0.02685
3789.94200	0.02697
3788.01328	0.02715
3786.08455	0.02708
3784.15583	0.02691
3782.22711	0.02699
3780.29838	0.02723
3778.36966	0.02728
3776.44094	0.02716
3774.51221	0.02720
3772.58349	0.02746
3770.65477	0.02764
3768.72604	0.02761
3766.79732	0.02761
3764.86859	0.02780
3762.93987	0.02811
3761.01115	0.02839
3759.08242	0.02858
3757.15370	0.02861
3755.22498	0.02858
3753.29625	0.02888
3751.36753	0.02970
3749.43881	0.03050
3747.51008	0.03101
3745.58136	0.03150
3743.65263	0.03185
3741.72391	0.03179
3739.79519	0.03179
3737.86646	0.03235
3735.93774	0.03319
3734.00902	0.03390
3732.08029	0.03445
3730.15157	0.03494
3728.22284	0.03562
3726.29412	0.03678
3724.36540	0.03836
3722.43667	0.04019
3720.50795	0.04217
3718.57923	0.04418
3716.65050	0.04623
3714.72178	0.04845
3712.79306	0.05086
3710.86433	0.05313
3708.93561	0.05483
3707.00688	0.05617
3705.07816	0.05778
3703.14944	0.05969
3701.22071	0.06133
3699.29199	0.06238
3697.36327	0.06339
3695.43454	0.06495
3693.50582	0.06682
3691.57710	0.06821
3689.64837	0.06894
3687.71965	0.06983
3685.79092	0.07120
3683.86220	0.07242
3681.93348	0.07341
3680.00475	0.07497
3678.07603	0.07788
3676.14731	0.08192
3674.21858	0.08560
3672.28986	0.08757
3670.36113	0.08803
3668.43241	0.08781
3666.50369	0.08784
3664.57496	0.08897
3662.64624	0.09101
3660.71752	0.09296
3658.78879	0.09420
3656.86007	0.09490
3654.93135	0.09535
3653.00262	0.09581
3651.07390	0.09653
3649.14517	0.09763
3647.21645	0.09892
3645.28773	0.10000
3643.35900	0.10070
3641.43028	0.10119
3639.50156	0.10170
3637.57283	0.10236
3635.64411	0.10308
3633.71539	0.10375
3631.78666	0.10460
3629.85794	0.10602
3627.92921	0.10771
3626.00049	0.10884
3624.07177	0.10924
3622.14304	0.10954
3620.21432	0.11006
3618.28560	0.11044
3616.35687	0.11047
3614.42815	0.11024
3612.49942	0.10992
3610.57070	0.10996
3608.64198	0.11066
3606.71325	0.11145
3604.78453	0.11148
3602.85581	0.11076
3600.92708	0.11018
3598.99836	0.11036
3597.06964	0.11092
3595.14091	0.11117
3593.21219	0.11092
3591.28346	0.11048
3589.35474	0.11034
3587.42602	0.11051
3585.49729	0.11048
3583.56857	0.11030
3581.63985	0.11048
3579.71112	0.11104
3577.78240	0.11169
3575.85368	0.11226
3573.92495	0.11266
3571.99623	0.11312
3570.06750	0.11405
3568.13878	0.11526
3566.21006	0.11597
3564.28133	0.11606
3562.35261	0.11604
3560.42389	0.11609
3558.49516	0.11610
3556.56644	0.11622
3554.63771	0.11658
3552.70899	0.11708
3550.78027	0.11752
3548.85154	0.11781
3546.92282	0.11802
3544.99410	0.11828
3543.06537	0.11867
3541.13665	0.11907
3539.20793	0.11929
3537.27920	0.11940
3535.35048	0.11966
3533.42175	0.12015
3531.49303	0.12066
3529.56431	0.12078
3527.63558	0.12049
3525.70686	0.12004
3523.77814	0.11973
3521.84941	0.11994
3519.92069	0.12059
3517.99197	0.12087
3516.06324	0.12047
3514.13452	0.12003
3512.20579	0.12001
3510.27707	0.12033
3508.34835	0.12086
3506.41962	0.12162
3504.49090	0.12241
3502.56218	0.12276
3500.63345	0.12268
3498.70473	0.12249
3496.77600	0.12228
3494.84728	0.12213
3492.91856	0.12220
3490.98983	0.12260
3489.06111	0.12342
3487.13239	0.12433
3485.20366	0.12466
3483.27494	0.12417
3481.34622	0.12351
3479.41749	0.12347
3477.48877	0.12388
3475.56004	0.12415
3473.63132	0.12427
3471.70260	0.12428
3469.77387	0.12404
3467.84515	0.12368
3465.91643	0.12344
3463.98770	0.12334
3462.05898	0.12314
3460.13026	0.12283
3458.20153	0.12281
3456.27281	0.12319
3454.34408	0.12358
3452.41536	0.12376
3450.48664	0.12387
3448.55791	0.12385
3446.62919	0.12357
3444.70047	0.12329
3442.77174	0.12314
3440.84302	0.12301
3438.91429	0.12316
3436.98557	0.12364
3435.05685	0.12388
3433.12812	0.12385
3431.19940	0.12403
3429.27068	0.12415
3427.34195	0.12368
3425.41323	0.12320
3423.48451	0.12322
3421.55578	0.12334
3419.62706	0.12321
3417.69833	0.12278
3415.76961	0.12239
3413.84089	0.12270
3411.91216	0.12345
3409.98344	0.12383
3408.05472	0.12367
3406.12599	0.12332
3404.19727	0.12304
3402.26855	0.12262
3400.33982	0.12199
3398.41110	0.12180
3396.48237	0.12243
3394.55365	0.12299
3392.62493	0.12285
3390.69620	0.12224
3388.76748	0.12167
3386.83876	0.12116
3384.91003	0.12058
3382.98131	0.12011
3381.05259	0.12006
3379.12386	0.12025
3377.19514	0.12011
3375.26641	0.11953
3373.33769	0.11913
3371.40897	0.11935
3369.48024	0.11979
3367.55152	0.11975
3365.62280	0.11932
3363.69407	0.11886
3361.76535	0.11832
3359.83662	0.11787
3357.90790	0.11782
3355.97918	0.11784
3354.05045	0.11746
3352.12173	0.11689
3350.19301	0.11650
3348.26428	0.11636
3346.33556	0.11625
3344.40684	0.11597
3342.47811	0.11546
3340.54939	0.11471
3338.62066	0.11407
3336.69194	0.11402
3334.76322	0.11427
3332.83449	0.11407
3330.90577	0.11353
3328.97705	0.11331
3327.04832	0.11327
3325.11960	0.11276
3323.19088	0.11196
3321.26215	0.11133
3319.33343	0.11078
3317.40470	0.11037
3315.47598	0.11022
3313.54726	0.10998
3311.61853	0.10929
3309.68981	0.10858
3307.76109	0.10840
3305.83236	0.10847
3303.90364	0.10825
3301.97491	0.10780
3300.04619	0.10747
3298.11747	0.10731
3296.18874	0.10725
3294.26002	0.10689
3292.33130	0.10616
3290.40257	0.10561
3288.47385	0.10517
3286.54513	0.10454
3284.61640	0.10414
3282.68768	0.10390
3280.75895	0.10349
3278.83023	0.10323
3276.90151	0.10313
3274.97278	0.10266
3273.04406	0.10174
3271.11534	0.10101
3269.18661	0.10089
3267.25789	0.10094
3265.32917	0.10055
3263.40044	0.09993
3261.47172	0.09982
3259.54299	0.09991
3257.61427	0.09907
3255.68555	0.09774
3253.75682	0.09743
3251.82810	0.09795
3249.89938	0.09810
3247.97065	0.09787
3246.04193	0.09748
3244.11320	0.09686
3242.18448	0.09627
3240.25576	0.09577
3238.32703	0.09523
3236.39831	0.09477
3234.46959	0.09439
3232.54086	0.09402
3230.61214	0.09366
3228.68342	0.09322
3226.75469	0.09278
3224.82597	0.09263
3222.89724	0.09266
3220.96852	0.09261
3219.03980	0.09247
3217.11107	0.09217
3215.18235	0.09164
3213.25363	0.09111
3211.32490	0.09080
3209.39618	0.09061
3207.46746	0.09024
3205.53873	0.08963
3203.61001	0.08903
3201.68128	0.08857
3199.75256	0.08807
3197.82384	0.08746
3195.89511	0.08714
3193.96639	0.08724
3192.03767	0.08730
3190.10894	0.08696
3188.18022	0.08664
3186.25149	0.08668
3184.32277	0.08675
3182.39405	0.08643
3180.46532	0.08591
3178.53660	0.08559
3176.60788	0.08549
3174.67915	0.08538
3172.75043	0.08493
3170.82171	0.08410
3168.89298	0.08335
3166.96426	0.08285
3165.03553	0.08237
3163.10681	0.08210
3161.17809	0.08242
3159.24936	0.08297
3157.32064	0.08312
3155.39192	0.08274
3153.46319	0.08217
3151.53447	0.08175
3149.60575	0.08153
3147.67702	0.08131
3145.74830	0.08118
3143.81957	0.08124
3141.89085	0.08101
3139.96213	0.08024
3138.03340	0.07955
3136.10468	0.07931
3134.17596	0.07897
3132.24723	0.07818
3130.31851	0.07742
3128.38978	0.07703
3126.46106	0.07688
3124.53234	0.07670
3122.60361	0.07646
3120.67489	0.07618
3118.74617	0.07587
3116.81744	0.07560
3114.88872	0.07562
3112.96000	0.07604
3111.03127	0.07622
3109.10255	0.07591
3107.17382	0.07567
3105.24510	0.07567
3103.31638	0.07571
3101.38765	0.07574
3099.45893	0.07576
3097.53021	0.07585
3095.60148	0.07592
3093.67276	0.07582
3091.74404	0.07571
3089.81531	0.07556
3087.88659	0.07529
3085.95786	0.07512
3084.02914	0.07525
3082.10042	0.07550
3080.17169	0.07565
3078.24297	0.07557
3076.31425	0.07539
3074.38552	0.07521
3072.45680	0.07485
3070.52807	0.07442
3068.59935	0.07450
3066.67063	0.07498
3064.74190	0.07526
3062.81318	0.07516
3060.88446	0.07490
3058.95573	0.07465
3057.02701	0.07440
3055.09829	0.07435
3053.16956	0.07455
3051.24084	0.07475
3049.31211	0.07496
3047.38339	0.07522
3045.45467	0.07510
3043.52594	0.07456
3041.59722	0.07406
3039.66850	0.07388
3037.73977	0.07388
3035.81105	0.07383
3033.88233	0.07368
3031.95360	0.07344
3030.02488	0.07303
3028.09615	0.07239
3026.16743	0.07154
3024.23871	0.07074
3022.30998	0.07034
3020.38126	0.07026
3018.45254	0.07025
3016.52381	0.07043
3014.59509	0.07066
3012.66636	0.07053
3010.73764	0.06996
3008.80892	0.06929
3006.88019	0.06890
3004.95147	0.06887
3003.02275	0.06914
3001.09402	0.06952
2999.16530	0.06980
2997.23658	0.06971
2995.30785	0.06958
2993.37913	0.06959
2991.45040	0.06967
2989.52168	0.06959
2987.59296	0.06943
2985.66423	0.06940
2983.73551	0.06933
2981.80679	0.06928
2979.87806	0.06961
2977.94934	0.07018
2976.02062	0.07070
2974.09189	0.07082
2972.16317	0.07052
2970.23444	0.07035
2968.30572	0.07051
2966.37700	0.07072
2964.44827	0.07085
2962.51955	0.07081
2960.59083	0.07068
2958.66210	0.07063
2956.73338	0.07063
2954.80466	0.07073
2952.87593	0.07104
2950.94721	0.07138
2949.01848	0.07160
2947.08976	0.07172
2945.16104	0.07162
2943.23231	0.07146
2941.30359	0.07153
2939.37487	0.07171
2937.44614	0.07195
2935.51742	0.07224
2933.58869	0.07226
2931.65997	0.07189
2929.73125	0.07140
2927.80252	0.07108
2925.87380	0.07103
2923.94508	0.07124
2922.01635	0.07155
2920.08763	0.07175
2918.15891	0.07183
2916.23018	0.07179
2914.30146	0.07167
2912.37273	0.07165
2910.44401	0.07174
2908.51529	0.07180
2906.58656	0.07190
2904.65784	0.07194
2902.72912	0.07172
2900.80039	0.07144
2898.87167	0.07129
2896.94295	0.07113
2895.01422	0.07087
2893.08550	0.07060
2891.15677	0.07042
2889.22805	0.07044
2887.29933	0.07055
2885.37060	0.07050
2883.44188	0.07032
2881.51316	0.07031
2879.58443	0.07035
2877.65571	0.07010
2875.72698	0.06975
2873.79826	0.06969
2871.86954	0.06973
2869.94081	0.06950
2868.01209	0.06909
2866.08337	0.06871
2864.15464	0.06847
2862.22592	0.06833
2860.29720	0.06805
2858.36847	0.06751
2856.43975	0.06703
2854.51102	0.06694
2852.58230	0.06715
2850.65358	0.06741
2848.72485	0.06746
2846.79613	0.06722
2844.86741	0.06687
2842.93868	0.06655
2841.00996	0.06618
2839.08124	0.06583
2837.15251	0.06569
2835.22379	0.06564
2833.29506	0.06548
2831.36634	0.06530
2829.43762	0.06518
2827.50889	0.06505
2825.58017	0.06482
2823.65145	0.06442
2821.72272	0.06406
2819.79400	0.06383
2817.86527	0.06369
2815.93655	0.06352
2814.00783	0.06316
2812.07910	0.06273
2810.15038	0.06256
2808.22166	0.06246
2806.29293	0.06213
2804.36421	0.06178
2802.43549	0.06151
2800.50676	0.06120
2798.57804	0.06084
2796.64931	0.06053
2794.72059	0.06041
2792.79187	0.06036
2790.86314	0.06023
2788.93442	0.06011
2787.00570	0.06006
2785.07697	0.05999
2783.14825	0.05984
2781.21953	0.05953
2779.29080	0.05917
2777.36208	0.05895
2775.43335	0.05879
2773.50463	0.05865
2771.57591	0.05857
2769.64718	0.05851
2767.71846	0.05833
2765.78974	0.05810
2763.86101	0.05804
2761.93229	0.05817
2760.00356	0.05832
2758.07484	0.05840
2756.14612	0.05838
2754.21739	0.05822
2752.28867	0.05790
2750.35995	0.05760
2748.43122	0.05750
2746.50250	0.05747
2744.57378	0.05741
2742.64505	0.05729
2740.71633	0.05716
2738.78760	0.05709
2736.85888	0.05701
2734.93016	0.05697
2733.00143	0.05699
2731.07271	0.05695
2729.14399	0.05671
2727.21526	0.05638
2725.28654	0.05613
2723.35782	0.05589
2721.42909	0.05559
2719.50037	0.05525
2717.57164	0.05482
2715.64292	0.05440
2713.71420	0.05421
2711.78547	0.05416
2709.85675	0.05403
2707.92803	0.05374
2705.99930	0.05348
2704.07058	0.05341
2702.14185	0.05345
2700.21313	0.05326
2698.28441	0.05281
2696.35568	0.05249
2694.42696	0.05234
2692.49824	0.05212
2690.56951	0.05199
2688.64079	0.05213
2686.71207	0.05218
2684.78334	0.05181
2682.85462	0.05131
2680.92589	0.05112
2678.99717	0.05116
2677.06845	0.05108
2675.13972	0.05079
2673.21100	0.05048
2671.28228	0.05019
2669.35355	0.04983
2667.42483	0.04951
2665.49611	0.04928
2663.56738	0.04898
2661.63866	0.04861
2659.70993	0.04840
2657.78121	0.04849
2655.85249	0.04862
2653.92376	0.04844
2651.99504	0.04804
2650.06632	0.04777
2648.13759	0.04764
2646.20887	0.04757
2644.28014	0.04766
2642.35142	0.04766
2640.42270	0.04731
2638.49397	0.04690
2636.56525	0.04666
2634.63653	0.04644
2632.70780	0.04619
2630.77908	0.04605
2628.85036	0.04604
2626.92163	0.04612
2624.99291	0.04616
2623.06418	0.04603
2621.13546	0.04582
2619.20674	0.04571
2617.27801	0.04564
2615.34929	0.04539
2613.42057	0.04497
2611.49184	0.04469
2609.56312	0.04457
2607.63440	0.04435
2605.70567	0.04405
2603.77695	0.04380
2601.84822	0.04362
2599.91950	0.04349
2597.99078	0.04333
2596.06205	0.04311
2594.13333	0.04279
2592.20461	0.04245
2590.27588	0.04227
2588.34716	0.04223
2586.41843	0.04209
2584.48971	0.04186
2582.56099	0.04178
2580.63226	0.04184
2578.70354	0.04175
2576.77482	0.04144
2574.84609	0.04121
2572.91737	0.04116
2570.98865	0.04118
2569.05992	0.04120
2567.13120	0.04109
2565.20247	0.04081
2563.27375	0.04065
2561.34503	0.04062
2559.41630	0.04052
2557.48758	0.04034
2555.55886	0.04012
2553.63013	0.03989
2551.70141	0.03972
2549.77269	0.03971
2547.84396	0.03976
2545.91524	0.03977
2543.98651	0.03978
2542.05779	0.03979
2540.12907	0.03979
2538.20034	0.03970
2536.27162	0.03944
2534.34290	0.03919
2532.41417	0.03905
2530.48545	0.03890
2528.55673	0.03869
2526.62800	0.03856
2524.69928	0.03851
2522.77055	0.03853
2520.84183	0.03864
2518.91311	0.03876
2516.98438	0.03893
2515.05566	0.03895
2513.12694	0.03863
2511.19821	0.03815
2509.26949	0.03789
2507.34076	0.03792
2505.41204	0.03792
2503.48332	0.03772
2501.55459	0.03765
2499.62587	0.03781
2497.69715	0.03780
2495.76842	0.03768
2493.83970	0.03779
2491.91098	0.03799
2489.98225	0.03793
2488.05353	0.03764
2486.12480	0.03736
2484.19608	0.03718
2482.26736	0.03715
2480.33863	0.03722
2478.40991	0.03728
2476.48119	0.03729
2474.55246	0.03713
2472.62374	0.03677
2470.69502	0.03660
2468.76629	0.03671
2466.83757	0.03678
2464.90884	0.03664
2462.98012	0.03645
2461.05140	0.03635
2459.12267	0.03624
2457.19395	0.03613
2455.26523	0.03614
2453.33650	0.03620
2451.40778	0.03615
2449.47905	0.03600
2447.55033	0.03592
2445.62161	0.03584
2443.69288	0.03584
2441.76416	0.03587
2439.83544	0.03583
2437.90671	0.03584
2435.97799	0.03589
2434.04927	0.03582
2432.12054	0.03555
2430.19182	0.03528
2428.26309	0.03515
2426.33437	0.03511
2424.40565	0.03507
2422.47692	0.03509
2420.54820	0.03530
2418.61948	0.03571
2416.69075	0.03605
2414.76203	0.03607
2412.83331	0.03594
2410.90458	0.03587
2408.97586	0.03583
2407.04713	0.03587
2405.11841	0.03596
2403.18969	0.03590
2401.26096	0.03584
2399.33224	0.03588
2397.40352	0.03589
2395.47479	0.03586
2393.54607	0.03589
2391.61734	0.03598
2389.68862	0.03611
2387.75990	0.03624
2385.83117	0.03636
2383.90245	0.03649
2381.97373	0.03649
2380.04500	0.03631
2378.11628	0.03608
2376.18756	0.03585
2374.25883	0.03558
2372.33011	0.03536
2370.40138	0.03536
2368.47266	0.03566
2366.54394	0.03611
2364.61521	0.03629
2362.68649	0.03615
2360.75777	0.03596
2358.82904	0.03567
2356.90032	0.03533
2354.97160	0.03526
2353.04287	0.03578
2351.11415	0.03674
2349.18542	0.03707
2347.25670	0.03609
2345.32798	0.03488
2343.39925	0.03465
2341.47053	0.03514
2339.54181	0.03558
2337.61308	0.03564
2335.68436	0.03543
2333.75563	0.03526
2331.82691	0.03516
2329.89819	0.03491
2327.96946	0.03452
2326.04074	0.03430
2324.11202	0.03439
2322.18329	0.03460
2320.25457	0.03469
2318.32585	0.03465
2316.39712	0.03456
2314.46840	0.03451
2312.53967	0.03446
2310.61095	0.03428
2308.68223	0.03394
2306.75350	0.03368
2304.82478	0.03370
2302.89606	0.03391
2300.96733	0.03406
2299.03861	0.03404
2297.10989	0.03398
2295.18116	0.03394
2293.25244	0.03394
2291.32371	0.03395
2289.39499	0.03386
2287.46627	0.03373
2285.53754	0.03365
2283.60882	0.03362
2281.68010	0.03360
2279.75137	0.03369
2277.82265	0.03385
2275.89392	0.03396
2273.96520	0.03406
2272.03648	0.03420
2270.10775	0.03434
2268.17903	0.03441
2266.25031	0.03438
2264.32158	0.03428
2262.39286	0.03420
2260.46414	0.03426
2258.53541	0.03444
2256.60669	0.03461
2254.67796	0.03483
2252.74924	0.03507
2250.82052	0.03514
2248.89179	0.03494
2246.96307	0.03478
2245.03435	0.03489
2243.10562	0.03517
2241.17690	0.03540
2239.24818	0.03559
2237.31945	0.03578
2235.39073	0.03592
2233.46200	0.03594
2231.53328	0.03587
2229.60456	0.03588
2227.67583	0.03591
2225.74711	0.03584
2223.81839	0.03563
2221.88966	0.03533
2219.96094	0.03501
2218.03221	0.03489
2216.10349	0.03471
2214.17477	0.03443
2212.24604	0.03419
2210.31732	0.03411
2208.38860	0.03409
2206.45987	0.03387
2204.53115	0.03359
2202.60243	0.03339
2200.67370	0.03323
2198.74498	0.03313
2196.81625	0.03309
2194.88753	0.03289
2192.95881	0.03249
2191.03008	0.03225
2189.10136	0.03222
2187.17264	0.03204
2185.24391	0.03182
2183.31519	0.03181
2181.38647	0.03183
2179.45774	0.03172
2177.52902	0.03161
2175.60029	0.03150
2173.67157	0.03139
2171.74285	0.03129
2169.81412	0.03118
2167.88540	0.03115
2165.95668	0.03127
2164.02795	0.03142
2162.09923	0.03149
2160.17050	0.03147
2158.24178	0.03137
2156.31306	0.03124
2154.38433	0.03117
2152.45561	0.03123
2150.52689	0.03140
2148.59816	0.03153
2146.66944	0.03166
2144.74072	0.03182
2142.81199	0.03186
2140.88327	0.03176
2138.95454	0.03166
2137.02582	0.03161
2135.09710	0.03155
2133.16837	0.03145
2131.23965	0.03135
2129.31093	0.03128
2127.38220	0.03115
2125.45348	0.03100
2123.52476	0.03094
2121.59603	0.03092
2119.66731	0.03083
2117.73858	0.03074
2115.80986	0.03070
2113.88114	0.03074
2111.95241	0.03084
2110.02369	0.03088
2108.09497	0.03072
2106.16624	0.03054
2104.23752	0.03053
2102.30880	0.03057
2100.38007	0.03058
2098.45135	0.03062
2096.52262	0.03062
2094.59390	0.03057
2092.66518	0.03050
2090.73645	0.03036
2088.80773	0.03021
2086.87901	0.03016
2084.95028	0.02995
2083.02156	0.02943
2081.09283	0.02898
2079.16411	0.02875
2077.23539	0.02846
2075.30666	0.02806
2073.37794	0.02770
2071.44922	0.02738
2069.52049	0.02718
2067.59177	0.02720
2065.66305	0.02732
2063.73432	0.02748
2061.80560	0.02765
2059.87687	0.02776
2057.94815	0.02778
2056.01943	0.02784
2054.09070	0.02805
2052.16198	0.02838
2050.23326	0.02881
2048.30453	0.02938
2046.37581	0.03007
2044.44709	0.03085
2042.51836	0.03162
2040.58964	0.03222
2038.66091	0.03265
2036.73219	0.03320
2034.80347	0.03392
2032.87474	0.03449
2030.94602	0.03476
2029.01730	0.03483
2027.08857	0.03494
2025.15985	0.03526
2023.23112	0.03576
2021.30240	0.03626
2019.37368	0.03662
2017.44495	0.03682
2015.51623	0.03707
2013.58751	0.03756
2011.65878	0.03817
2009.73006	0.03864
2007.80134	0.03893
2005.87261	0.03909
2003.94389	0.03919
2002.01516	0.03936
2000.08644	0.03958
1998.15772	0.03964
1996.22899	0.03946
1994.30027	0.03938
1992.37155	0.03959
1990.44282	0.03982
1988.51410	0.03990
1986.58538	0.03991
1984.65665	0.03986
1982.72793	0.03983
1980.79920	0.04001
1978.87048	0.04025
1976.94176	0.04035
1975.01303	0.04031
1973.08431	0.04016
1971.15559	0.03997
1969.22686	0.03989
1967.29814	0.03992
1965.36941	0.03987
1963.44069	0.03963
1961.51197	0.03931
1959.58324	0.03917
1957.65452	0.03928
1955.72580	0.03945
1953.79707	0.03950
1951.86835	0.03935
1949.93963	0.03914
1948.01090	0.03906
1946.08218	0.03900
1944.15345	0.03883
1942.22473	0.03866
1940.29601	0.03860
1938.36728	0.03857
1936.43856	0.03841
1934.50984	0.03817
1932.58111	0.03806
1930.65239	0.03814
1928.72367	0.03817
1926.79494	0.03800
1924.86622	0.03783
1922.93749	0.03770
1921.00877	0.03761
1919.08005	0.03766
1917.15132	0.03783
1915.22260	0.03797
1913.29388	0.03798
1911.36515	0.03805
1909.43643	0.03842
1907.50770	0.03892
1905.57898	0.03931
1903.65026	0.03965
1901.72153	0.04001
1899.79281	0.04031
1897.86409	0.04062
1895.93536	0.04093
1894.00664	0.04122
1892.07792	0.04150
1890.14919	0.04170
1888.22047	0.04174
1886.29174	0.04178
1884.36302	0.04186
1882.43430	0.04179
1880.50557	0.04161
1878.57685	0.04165
1876.64813	0.04192
1874.71940	0.04205
1872.79068	0.04190
1870.86196	0.04173
1868.93323	0.04166
1867.00451	0.04152
1865.07578	0.04118
1863.14706	0.04067
1861.21834	0.04006
1859.28961	0.03943
1857.36089	0.03882
1855.43217	0.03815
1853.50344	0.03740
1851.57472	0.03676
1849.64599	0.03637
1847.71727	0.03632
1845.78855	0.03639
1843.85982	0.03623
1841.93110	0.03582
1840.00238	0.03546
1838.07365	0.03534
1836.14493	0.03547
1834.21621	0.03573
1832.28748	0.03606
1830.35876	0.03633
1828.43003	0.03652
1826.50131	0.03678
1824.57259	0.03716
1822.64386	0.03747
1820.71514	0.03768
1818.78642	0.03795
1816.85769	0.03839
1814.92897	0.03889
1813.00025	0.03932
1811.07152	0.03972
1809.14280	0.04007
1807.21407	0.04039
1805.28535	0.04079
1803.35663	0.04130
1801.42790	0.04184
1799.49918	0.04228
1797.57046	0.04255
1795.64173	0.04280
1793.71301	0.04321
1791.78428	0.04365
1789.85556	0.04397
1787.92684	0.04423
1785.99811	0.04452
1784.06939	0.04482
1782.14067	0.04500
1780.21194	0.04498
1778.28322	0.04486
1776.35450	0.04485
1774.42577	0.04502
1772.49705	0.04507
1770.56832	0.04472
1768.63960	0.04412
1766.71088	0.04368
1764.78215	0.04358
1762.85343	0.04371
1760.92471	0.04380
1758.99598	0.04373
1757.06726	0.04354
1755.13854	0.04336
1753.20981	0.04339
1751.28109	0.04361
1749.35236	0.04372
1747.42364	0.04356
1745.49492	0.04336
1743.56619	0.04339
1741.63747	0.04365
1739.70875	0.04393
1737.78002	0.04411
1735.85130	0.04436
1733.92257	0.04465
1731.99385	0.04472
1730.06513	0.04462
1728.13640	0.04458
1726.20768	0.04467
1724.27896	0.04484
1722.35023	0.04510
1720.42151	0.04553
1718.49279	0.04614
1716.56406	0.04661
1714.63534	0.04665
1712.70661	0.04649
1710.77789	0.04655
1708.84917	0.04704
1706.92044	0.04781
1704.99172	0.04850
1703.06300	0.04895
1701.13427	0.04945
1699.20555	0.05013
1697.27683	0.05076
1695.34810	0.05105
1693.41938	0.05092
1691.49065	0.05077
1689.56193	0.05103
1687.63321	0.05173
1685.70448	0.05265
1683.77576	0.05329
1681.84704	0.05327
1679.91831	0.05303
1677.98959	0.05300
1676.06087	0.05325
1674.13214	0.05363
1672.20342	0.05394
1670.27469	0.05409
1668.34597	0.05405
1666.41725	0.05400
1664.48852	0.05417
1662.55980	0.05436
1660.63108	0.05427
1658.70235	0.05410
1656.77363	0.05419
1654.84490	0.05454
1652.91618	0.05465
1650.98746	0.05414
1649.05873	0.05356
1647.13001	0.05339
1645.20129	0.05345
1643.27256	0.05343
1641.34384	0.05337
1639.41512	0.05328
1637.48639	0.05289
1635.55767	0.05198
1633.62894	0.05085
1631.70022	0.05000
1629.77150	0.04955
1627.84277	0.04933
1625.91405	0.04900
1623.98533	0.04820
1622.05660	0.04711
1620.12788	0.04633
1618.19916	0.04591
1616.27043	0.04531
1614.34171	0.04437
1612.41298	0.04342
1610.48426	0.04267
1608.55554	0.04203
1606.62681	0.04139
1604.69809	0.04072
1602.76937	0.04010
1600.84064	0.03959
1598.91192	0.03923
1596.98319	0.03910
1595.05447	0.03928
1593.12575	0.03969
1591.19702	0.04005
1589.26830	0.04027
1587.33958	0.04042
1585.41085	0.04056
1583.48213	0.04063
1581.55341	0.04075
1579.62468	0.04113
1577.69596	0.04155
1575.76723	0.04157
1573.83851	0.04111
1571.90979	0.04069
1569.98106	0.04056
1568.05234	0.04054
1566.12362	0.04056
1564.19489	0.04078
1562.26617	0.04134
1560.33745	0.04231
1558.40872	0.04308
1556.48000	0.04299
1554.55127	0.04250
1552.62255	0.04218
1550.69383	0.04211
1548.76510	0.04218
1546.83638	0.04238
1544.90766	0.04267
1542.97893	0.04296
1541.05021	0.04326
1539.12148	0.04339
1537.19276	0.04326
1535.26404	0.04312
1533.33531	0.04303
1531.40659	0.04279
1529.47787	0.04248
1527.54914	0.04225
1525.62042	0.04213
1523.69170	0.04206
1521.76297	0.04188
1519.83425	0.04142
1517.90552	0.04074
1515.97680	0.03988
1514.04808	0.03903
1512.11935	0.03842
1510.19063	0.03804
1508.26191	0.03759
1506.33318	0.03680
1504.40446	0.03584
1502.47574	0.03508
1500.54701	0.03455
1498.61829	0.03415
1496.68956	0.03378
1494.76084	0.03351
1492.83212	0.03346
1490.90339	0.03352
1488.97467	0.03337
1487.04595	0.03284
1485.11722	0.03219
1483.18850	0.03158
1481.25977	0.03109
1479.33105	0.03079
1477.40233	0.03074
1475.47360	0.03081
1473.54488	0.03082
1471.61616	0.03055
1469.68743	0.03002
1467.75871	0.02956
1465.82999	0.02925
1463.90126	0.02893
1461.97254	0.02873
1460.04381	0.02886
1458.11509	0.02887
1456.18637	0.02825
1454.25764	0.02738
1452.32892	0.02681
1450.40020	0.02659
1448.47147	0.02651
1446.54275	0.02634
1444.61403	0.02592
1442.68530	0.02535
1440.75658	0.02491
1438.82785	0.02457
1436.89913	0.02399
1434.97041	0.02320
1433.04168	0.02254
1431.11296	0.02201
1429.18424	0.02123
1427.25551	0.01995
1425.32679	0.01829
1423.39806	0.01649
1421.46934	0.01490
1419.54062	0.01344
1417.61189	0.01180
1415.68317	0.01009
1413.75445	0.00868
1411.82572	0.00772
1409.89700	0.00723
1407.96828	0.00721
1406.03955	0.00752
1404.11083	0.00796
1402.18210	0.00834
1400.25338	0.00846
1398.32466	0.00816
1396.39593	0.00749
1394.46721	0.00668
1392.53849	0.00599
1390.60976	0.00532
1388.68104	0.00386
1386.75232	0.00127
1384.82359	-0.00040
1382.89487	0.00153
1380.96614	0.00646
1379.03742	0.01167
1377.10870	0.01585
1375.17997	0.01930
1373.25125	0.02220
1371.32253	0.02445
1369.39380	0.02625
1367.46508	0.02786
1365.53635	0.02949
1363.60763	0.03125
1361.67891	0.03274
1359.75018	0.03360
1357.82146	0.03417
1355.89274	0.03478
1353.96401	0.03551
1352.03529	0.03643
1350.10657	0.03749
1348.17784	0.03836
1346.24912	0.03898
1344.32039	0.03987
1342.39167	0.04080
1340.46295	0.04178
1338.53422	0.04277
1336.60550	0.04374
1334.67678	0.04472
1332.74805	0.04573
1330.81933	0.04640
1328.89061	0.04593
1326.96188	0.04536
1325.03316	0.04503
1323.10443	0.04490
1321.17571	0.04494
1319.24699	0.04508
1317.31826	0.04515
1315.38954	0.04525
1313.46082	0.04565
1311.53209	0.04628
1309.60337	0.04685
1307.67464	0.04713
1305.74592	0.04731
1303.81720	0.04768
1301.88847	0.04819
1299.95975	0.04868
1298.03103	0.04910
1296.10230	0.04936
1294.17358	0.04930
1292.24486	0.04908
1290.31613	0.04899
1288.38741	0.04882
1286.45868	0.04842
1284.52996	0.04823
1282.60124	0.04848
1280.67251	0.04888
1278.74379	0.04909
1276.81507	0.04906
1274.88634	0.04900
1272.95762	0.04918
1271.02890	0.04956
1269.10017	0.05004
1267.17145	0.05065
1265.24272	0.05140
1263.31400	0.05224
1261.38528	0.05317
1259.45655	0.05403
1257.52783	0.05489
1255.59911	0.05599
1253.67038	0.05744
1251.74166	0.05916
1249.81294	0.06101
1247.88421	0.06281
1245.95549	0.06448
1244.02676	0.06616
1242.09804	0.06778
1240.16932	0.06900
1238.24059	0.06994
1236.31187	0.07099
1234.38315	0.07201
1232.45442	0.07266
1230.52570	0.07311
1228.59697	0.07375
1226.66825	0.07458
1224.73953	0.07528
1222.81080	0.07570
1220.88208	0.07595
1218.95336	0.07644
1217.02463	0.07735
1215.09591	0.07818
1213.16719	0.07865
1211.23846	0.07911
1209.30974	0.07976
1207.38101	0.08041
1205.45229	0.08133
1203.52357	0.08272
1201.59484	0.08377
1199.66612	0.08422
1197.73740	0.08476
1195.80867	0.08551
1193.87995	0.08641
1191.95123	0.08776
1190.02250	0.08912
1188.09378	0.09006
1186.16505	0.09101
1184.23633	0.09228
1182.30761	0.09381
1180.37888	0.09541
1178.45016	0.09657
1176.52144	0.09726
1174.59271	0.09837
1172.66399	0.10002
1170.73526	0.10120
1168.80654	0.10173
1166.87782	0.10267
1164.94909	0.10421
1163.02037	0.10572
1161.09165	0.10687
1159.16292	0.10738
1157.23420	0.10712
1155.30548	0.10655
1153.37675	0.10662
1151.44803	0.10756
1149.51930	0.10859
1147.59058	0.10956
1145.66186	0.11113
1143.73313	0.11333
1141.80441	0.11536
1139.87569	0.11628
1137.94696	0.11605
1136.01824	0.11561
1134.08952	0.11549
1132.16079	0.11539
1130.23207	0.11545
1128.30334	0.11619
1126.37462	0.11709
1124.44590	0.11675
1122.51717	0.11501
1120.58845	0.11385
1118.65973	0.11447
1116.73100	0.11559
1114.80228	0.11630
1112.87355	0.11709
1110.94483	0.11828
1109.01611	0.12009
1107.08738	0.12249
1105.15866	0.12467
1103.22994	0.12607
1101.30121	0.12713
1099.37249	0.12824
1097.44377	0.12903
1095.51504	0.12961
1093.58632	0.13085
1091.65759	0.13233
1089.72887	0.13282
1087.80015	0.13252
1085.87142	0.13241
1083.94270	0.13292
1082.01398	0.13373
1080.08525	0.13421
1078.15653	0.13457
1076.22781	0.13555
1074.29908	0.13653
1072.37036	0.13642
1070.44163	0.13578
1068.51291	0.13604
1066.58419	0.13735
1064.65546	0.13838
1062.72674	0.13850
1060.79802	0.13859
1058.86929	0.13908
1056.94057	0.13912
1055.01184	0.13821
1053.08312	0.13704
1051.15440	0.13673
1049.22567	0.13737
1047.29695	0.13792
1045.36823	0.13769
1043.43950	0.13682
1041.51078	0.13588
1039.58206	0.13520
1037.65333	0.13494
1035.72461	0.13486
1033.79588	0.13433
1031.86716	0.13318
1029.93844	0.13167
1028.00971	0.13037
1026.08099	0.12985
1024.15227	0.13024
1022.22354	0.13086
1020.29482	0.13078
1018.36610	0.13030
1016.43737	0.13004
1014.50865	0.12954
1012.57992	0.12877
1010.65120	0.12833
1008.72248	0.12814
1006.79375	0.12787
1004.86503	0.12770
1002.93631	0.12759
1001.00758	0.12741
999.07886	0.12751
997.15013	0.12747
995.22141	0.12578
993.29269	0.12253
991.36396	0.11985
989.43524	0.11854
987.50652	0.11761
985.57779	0.11661
983.64907	0.11556
981.72035	0.11467
979.79162	0.11434
977.86290	0.11388
975.93417	0.11259
974.00545	0.11096
972.07673	0.10974
970.14800	0.10845
968.21928	0.10735
966.29056	0.10703
964.36183	0.10695
962.43311	0.10667
960.50439	0.10670
958.57566	0.10644
956.64694	0.10529
954.71821	0.10381
952.78949	0.10233
950.86077	0.10096
948.93204	0.09973
947.00332	0.09823
945.07460	0.09641
943.14587	0.09481
941.21715	0.09329
939.28842	0.09170
937.35970	0.09056
935.43098	0.08931
933.50225	0.08715
931.57353	0.08472
929.64481	0.08307
927.71608	0.08216
925.78736	0.08154
923.85864	0.08134
921.92991	0.08133
920.00119	0.08078
918.07246	0.07968
916.14374	0.07808
914.21502	0.07630
912.28629	0.07509
910.35757	0.07380
908.42885	0.07167
906.50012	0.06930
904.57140	0.06676
902.64268	0.06419
900.71395	0.06290
898.78523	0.06245
896.85650	0.06065
894.92778	0.05786
892.99906	0.05607
891.07033	0.05476
889.14161	0.05248
887.21289	0.05011
885.28416	0.04845
883.35544	0.04623
881.42671	0.04310
879.49799	0.04051
877.56927	0.03921
875.64054	0.03844
873.71182	0.03691
871.78310	0.03469
869.85437	0.03303
867.92565	0.03220
865.99693	0.03149
864.06820	0.03036
862.13948	0.02882
860.21075	0.02742
858.28203	0.02626
856.35331	0.02500
854.42458	0.02346
852.49586	0.02171
850.56714	0.02010
848.63841	0.01907
846.70969	0.01856
844.78097	0.01818
842.85224	0.01749
840.92352	0.01607
838.99479	0.01448
837.06607	0.01355
835.13735	0.01288
833.20862	0.01206
831.27990	0.01137
829.35118	0.01123
827.42245	0.01157
825.49373	0.01159
823.56501	0.01114
821.63628	0.01117
819.70756	0.01201
817.77883	0.01242
815.85011	0.01202
813.92139	0.01233
811.99266	0.01379
810.06394	0.01524
808.13522	0.01639
806.20649	0.01781
804.27777	0.01909
802.34904	0.01918
800.42032	0.01848
798.49160	0.01820
796.56287	0.01854
794.63415	0.01927
792.70543	0.01990
790.77670	0.01957
788.84798	0.01841
786.91926	0.01726
784.99053	0.01598
783.06181	0.01459
781.13308	0.01411
779.20436	0.01488
777.27564	0.01597
775.34691	0.01663
773.41819	0.01644
771.48947	0.01497
769.56074	0.01291
767.63202	0.01184
765.70330	0.01181
763.77457	0.01167
761.84585	0.01107
759.91712	0.01060
757.98840	0.01052
756.05968	0.01029
754.13095	0.00971
752.20223	0.00941
750.27351	0.00934
748.34478	0.00888
746.41606	0.00798
744.48733	0.00717
742.55861	0.00686
740.62989	0.00679
738.70116	0.00627
736.77244	0.00491
734.84372	0.00319
732.91499	0.00200
730.98627	0.00224
729.05755	0.00366
727.12882	0.00430
725.20010	0.00330
723.27137	0.00197
721.34265	0.00087
719.41393	-0.00044
717.48520	-0.00216
715.55648	-0.00318
713.62776	-0.00243
711.69903	-0.00078
709.77031	0.00034
707.84159	0.00070
705.91286	0.00069
703.98414	0.00067
702.05541	0.00046
700.12669	-0.00010
698.19797	-0.00007
696.26924	0.00104
694.34052	0.00229
692.41180	0.00263
690.48307	0.00192
688.55435	0.00096
686.62562	0.00067
684.69690	0.00080
682.76818	0.00128
680.83945	0.00218
678.91073	0.00254
676.98201	0.00122
675.05328	-0.00093
673.12456	-0.00124
671.19584	-0.00056
669.26711	-0.00159
667.33839	-0.00162
665.40966	0.00062
663.48094	0.00120
661.55222	0.00007
659.62349	-0.00041
657.69477	-0.00028
655.76605	-0.00067
653.83732	-0.00184
651.90860	-0.00279
649.97988	-0.00253
648.05115	-0.00112
646.12243	0.00053
644.19370	0.00098
642.26498	0.00005
640.33626	-0.00041
638.40753	0.00077
636.47881	0.00287
634.55009	0.00469
632.62136	0.00488
630.69264	0.00306
628.76391	0.00074
626.83519	-0.00061
624.90647	-0.00185
622.97774	-0.00425
621.04902	-0.00701
619.12030	-0.00817
617.19157	-0.00790
615.26285	-0.00679
613.33413	-0.00399
611.40540	-0.00080
609.47668	0.00018
607.54795	-0.00043
605.61923	-0.00046
603.69051	0.00021
601.76178	0.00052
599.83306	0.00020
597.90434	-0.00007
595.97561	0.00058
594.04689	0.00235
592.11817	0.00425
590.18944	0.00477
588.26072	0.00369
586.33199	0.00237
584.40327	0.00161
582.47455	0.00113
580.54582	0.00131
578.61710	0.00330
576.68838	0.00865
574.75965	0.01209
572.83093	0.01416
570.90220	0.01783
568.97348	0.01998
567.04476	0.02225
565.11603	0.02212
563.18731	0.01826
561.25859	0.01283
559.32986	0.00964
557.40114	0.00993
555.47242	0.01159
553.54369	0.01284
551.61497	0.01349
549.68624	0.01340
547.75752	0.01198
545.82880	0.00931
543.90007	0.00727
541.97135	0.00767
540.04263	0.00936
538.11390	0.01063
536.18518	0.01190
534.25646	0.01190
532.32773	0.00783
530.39901	-0.00118
528.47028	-0.00894
526.54156	-0.01461
524.61284	-0.02012
522.68411	-0.02758
520.75539	-0.03648
518.82667	-0.04407
516.89794	-0.04915
514.96922	-0.05327
513.04049	-0.05888
511.11177	-0.06616
509.18305	-0.06953
507.25432	-0.06906
505.32560	-0.06869
503.39688	-0.07075
501.46815	-0.07183
499.53943	-0.07018
497.61071	-0.07034
495.68198	-0.07605
493.75326	-0.08245
491.82453	-0.08433
489.89581	-0.08483
487.96709	-0.08523
486.03836	-0.08157
484.10964	-0.07566
482.18092	-0.07242
480.25219	-0.07036
478.32347	-0.06733
476.39475	-0.06690
474.46602	-0.07053
472.53730	-0.07425
470.60857	-0.07811
468.67985	-0.08123
466.75113	-0.06999
464.82240	-0.05077
462.89368	-0.03116
460.96496	-0.01691
459.03623	-0.01168
457.10751	-0.00615
455.17878	-0.00304
453.25006	-0.00449
451.32134	-0.00549
449.39261	-0.00342
447.46389	-0.00292
445.53517	-0.00866
443.60644	-0.01624
441.67772	-0.01413
439.74900	-0.00160
437.82027	0.00548
435.89155	0.00102
433.96282	-0.00155
432.03410	0.00392
430.10538	0.00852
428.17665	0.00732
426.24793	0.00524
424.31921	0.00896
422.39048	0.01956
420.46176	0.02760
418.53304	0.02476
416.60431	0.01706
414.67559	0.00921
412.74686	0.00237
410.81814	0.00400
408.88942	0.01322
406.96069	0.02266
405.03197	0.02925
403.10325	0.03518
401.17452	0.04143
399.24580	0.04138
397.31708	0.02856
395.38835	0.01722
393.45963	0.02482
391.53090	0.03702
389.60218	0.03246
387.67346	0.01534
385.74473	0.01296
383.81601	0.05786
381.88729	0.13541
379.95856	0.17017
378.02984	0.13027
376.10111	0.08014
374.17239	0.05855
372.24367	0.02955
370.31494	-0.01669
368.38622	-0.05148
