7496.97825	-0.00079
7495.04952	0.00229
7493.12079	0.00183
7491.19206	0.00020
7489.26333	-0.00120
7487.33459	-0.00139
7485.40586	0.00141
7483.47713	0.00435
7481.54840	0.00308
7479.61967	-0.00074
7477.69094	-0.00276
7475.76221	-0.00107
7473.83348	0.00276
7471.90474	0.00593
7469.97601	0.00743
7468.04728	0.00741
7466.11855	0.00610
7464.18982	0.00448
7462.26109	0.00462
7460.33236	0.00634
7458.40363	0.00636
7456.47489	0.00538
7454.54616	0.00745
7452.61743	0.00974
7450.68870	0.00730
7448.75997	0.00406
7446.83124	0.00478
7444.90251	0.00686
7442.97378	0.00845
7441.04504	0.01056
7439.11631	0.01068
7437.18758	0.00722
7435.25885	0.00468
7433.33012	0.00596
7431.40139	0.00828
7429.47266	0.00881
7427.54393	0.00779
7425.61520	0.00694
7423.68646	0.00634
7421.75773	0.00411
7419.82900	0.00054
7417.90027	-0.00168
7415.97154	-0.00115
7414.04281	0.00160
7412.11408	0.00557
7410.18535	0.00870
7408.25661	0.00790
7406.32788	0.00364
7404.39915	0.00108
7402.47042	0.00200
7400.54169	0.00318
7398.61296	0.00350
7396.68423	0.00394
7394.75550	0.00380
7392.82676	0.00293
7390.89803	0.00266
7388.96930	0.00318
7387.04057	0.00335
7385.11184	0.00196
7383.18311	-0.00043
7381.25438	-0.00188
7379.32565	-0.00206
7377.39691	-0.00157
7375.46818	0.00008
7373.53945	0.00267
7371.61072	0.00420
7369.68199	0.00443
7367.75326	0.00623
7365.82453	0.01003
7363.89580	0.01297
7361.96706	0.01351
7360.03833	0.01121
7358.10960	0.00655
7356.18087	0.00231
7354.25214	0.00017
7352.32341	-0.00058
7350.39468	0.00040
7348.46595	0.00274
7346.53722	0.00405
7344.60848	0.00416
7342.67975	0.00428
7340.75102	0.00467
7338.82229	0.00602
7336.89356	0.00820
7334.96483	0.01032
7333.03610	0.01115
7331.10737	0.00812
7329.17863	0.00237
7327.24990	0.00028
7325.32117	0.00320
7323.39244	0.00564
7321.46371	0.00563
7319.53498	0.00520
7317.60625	0.00478
7315.67752	0.00342
7313.74878	0.00116
7311.82005	0.00046
7309.89132	0.00297
7307.96259	0.00568
7306.03386	0.00612
7304.10513	0.00620
7302.17640	0.00627
7300.24767	0.00504
7298.31893	0.00348
7296.39020	0.00265
7294.46147	0.00324
7292.53274	0.00572
7290.60401	0.00810
7288.67528	0.00868
7286.74655	0.00822
7284.81782	0.00760
7282.88908	0.00708
7280.96035	0.00702
7279.03162	0.00779
7277.10289	0.00852
7275.17416	0.00830
7273.24543	0.00870
7271.31670	0.01066
7269.38797	0.01201
7267.45924	0.01099
7265.53050	0.00847
7263.60177	0.00678
7261.67304	0.00742
7259.74431	0.01021
7257.81558	0.01314
7255.88685	0.01364
7253.95812	0.01133
7252.02939	0.00852
7250.10065	0.00772
7248.17192	0.00767
7246.24319	0.00591
7244.31446	0.00440
7242.38573	0.00627
7240.45700	0.00939
7238.52827	0.00991
7236.59954	0.00865
7234.67080	0.00810
7232.74207	0.00751
7230.81334	0.00637
7228.88461	0.00695
7226.95588	0.00892
7225.02715	0.00959
7223.09842	0.00901
7221.16969	0.00913
7219.24095	0.01010
7217.31222	0.01027
7215.38349	0.00918
7213.45476	0.00904
7211.52603	0.01124
7209.59730	0.01330
7207.66857	0.01315
7205.73984	0.01237
7203.81110	0.01286
7201.88237	0.01470
7199.95364	0.01680
7198.02491	0.01713
7196.09618	0.01433
7194.16745	0.01049
7192.23872	0.00945
7190.30999	0.01094
7188.38126	0.01150
7186.45252	0.01099
7184.52379	0.01092
7182.59506	0.01011
7180.66633	0.00855
7178.73760	0.00896
7176.80887	0.01142
7174.88014	0.01348
7172.95141	0.01409
7171.02267	0.01377
7169.09394	0.01251
7167.16521	0.01016
7165.23648	0.00796
7163.30775	0.00648
7161.37902	0.00598
7159.45029	0.00816
7157.52156	0.01237
7155.59282	0.01530
7153.66409	0.01542
7151.73536	0.01305
7149.80663	0.01029
7147.87790	0.01005
7145.94917	0.01182
7144.02044	0.01271
7142.09171	0.01182
7140.16297	0.01068
7138.23424	0.01034
7136.30551	0.00968
7134.37678	0.00894
7132.44805	0.00996
7130.51932	0.01169
7128.59059	0.01194
7126.66186	0.01170
7124.73312	0.01254
7122.80439	0.01392
7120.87566	0.01418
7118.94693	0.01203
7117.01820	0.00939
7115.08947	0.00867
7113.16074	0.00862
7111.23201	0.00857
7109.30328	0.00907
7107.37454	0.00891
7105.44581	0.00821
7103.51708	0.00985
7101.58835	0.01393
7099.65962	0.01540
7097.73089	0.01209
7095.80216	0.00916
7093.87343	0.01032
7091.94469	0.01268
7090.01596	0.01325
7088.08723	0.01268
7086.15850	0.01168
7084.22977	0.01056
7082.30104	0.01145
7080.37231	0.01466
7078.44358	0.01696
7076.51484	0.01607
7074.58611	0.01312
7072.65738	0.01072
7070.72865	0.01013
7068.79992	0.01058
7066.87119	0.01136
7064.94246	0.01276
7063.01373	0.01411
7061.08499	0.01384
7059.15626	0.01289
7057.22753	0.01311
7055.29880	0.01378
7053.37007	0.01414
7051.44134	0.01444
7049.51261	0.01406
7047.58388	0.01320
7045.65514	0.01252
7043.72641	0.01151
7041.79768	0.01000
7039.86895	0.00929
7037.94022	0.01023
7036.01149	0.01196
7034.08276	0.01366
7032.15403	0.01559
7030.22530	0.01726
7028.29656	0.01686
7026.36783	0.01392
7024.43910	0.01089
7022.51037	0.01050
7020.58164	0.01245
7018.65291	0.01386
7016.72418	0.01381
7014.79545	0.01400
7012.86671	0.01444
7010.93798	0.01474
7009.00925	0.01478
7007.08052	0.01298
7005.15179	0.01086
7003.22306	0.01151
7001.29433	0.01335
6999.36560	0.01394
6997.43686	0.01364
6995.50813	0.01316
6993.57940	0.01275
6991.65067	0.01315
6989.72194	0.01452
6987.79321	0.01494
6985.86448	0.01350
6983.93575	0.01277
6982.00701	0.01365
6980.07828	0.01402
6978.14955	0.01354
6976.22082	0.01378
6974.29209	0.01422
6972.36336	0.01270
6970.43463	0.01029
6968.50590	0.00981
6966.57716	0.01138
6964.64843	0.01336
6962.71970	0.01379
6960.79097	0.01247
6958.86224	0.01147
6956.93351	0.01160
6955.00478	0.01153
6953.07605	0.01074
6951.14732	0.01037
6949.21858	0.01086
6947.28985	0.01130
6945.36112	0.01143
6943.43239	0.01207
6941.50366	0.01345
6939.57493	0.01445
6937.64620	0.01431
6935.71747	0.01319
6933.78873	0.01115
6931.86000	0.00975
6929.93127	0.01096
6928.00254	0.01333
6926.07381	0.01474
6924.14508	0.01565
6922.21635	0.01595
6920.28762	0.01473
6918.35888	0.01369
6916.43015	0.01456
6914.50142	0.01586
6912.57269	0.01603
6910.64396	0.01570
6908.71523	0.01522
6906.78650	0.01424
6904.85777	0.01352
6902.92903	0.01360
6901.00030	0.01380
6899.07157	0.01365
6897.14284	0.01302
6895.21411	0.01267
6893.28538	0.01381
6891.35665	0.01592
6889.42792	0.01702
6887.49918	0.01625
6885.57045	0.01498
6883.64172	0.01438
6881.71299	0.01380
6879.78426	0.01293
6877.85553	0.01254
6875.92680	0.01243
6873.99807	0.01210
6872.06934	0.01232
6870.14060	0.01310
6868.21187	0.01314
6866.28314	0.01288
6864.35441	0.01371
6862.42568	0.01466
6860.49695	0.01439
6858.56822	0.01419
6856.63949	0.01561
6854.71075	0.01707
6852.78202	0.01652
6850.85329	0.01523
6848.92456	0.01438
6846.99583	0.01377
6845.06710	0.01206
6843.13837	0.01103
6841.20964	0.01195
6839.28090	0.01346
6837.35217	0.01340
6835.42344	0.01307
6833.49471	0.01361
6831.56598	0.01324
6829.63725	0.01258
6827.70852	0.01322
6825.77979	0.01383
6823.85105	0.01368
6821.92232	0.01417
6819.99359	0.01511
6818.06486	0.01469
6816.13613	0.01333
6814.20740	0.01241
6812.27867	0.01207
6810.34994	0.01275
6808.42120	0.01347
6806.49247	0.01248
6804.56374	0.01161
6802.63501	0.01219
6800.70628	0.01225
6798.77755	0.01224
6796.84882	0.01317
6794.92009	0.01279
6792.99136	0.01150
6791.06262	0.01167
6789.13389	0.01151
6787.20516	0.00982
6785.27643	0.00916
6783.34770	0.01033
6781.41897	0.01176
6779.49024	0.01251
6777.56151	0.01262
6775.63277	0.01232
6773.70404	0.01236
6771.77531	0.01306
6769.84658	0.01324
6767.91785	0.01263
6765.98912	0.01184
6764.06039	0.01096
6762.13166	0.01101
6760.20292	0.01276
6758.27419	0.01452
6756.34546	0.01442
6754.41673	0.01378
6752.48800	0.01395
6750.55927	0.01318
6748.63054	0.01134
6746.70181	0.01026
6744.77307	0.01043
6742.84434	0.01205
6740.91561	0.01398
6738.98688	0.01418
6737.05815	0.01349
6735.12942	0.01376
6733.20069	0.01426
6731.27196	0.01315
6729.34322	0.01074
6727.41449	0.00915
6725.48576	0.00969
6723.55703	0.01207
6721.62830	0.01445
6719.69957	0.01460
6717.77084	0.01269
6715.84211	0.01121
6713.91338	0.01161
6711.98464	0.01231
6710.05591	0.01190
6708.12718	0.01179
6706.19845	0.01262
6704.26972	0.01270
6702.34099	0.01171
6700.41226	0.01158
6698.48353	0.01240
6696.55479	0.01212
6694.62606	0.01160
6692.69733	0.01294
6690.76860	0.01400
6688.83987	0.01325
6686.91114	0.01301
6684.98241	0.01285
6683.05368	0.01108
6681.12494	0.00995
6679.19621	0.01059
6677.26748	0.01074
6675.33875	0.00985
6673.41002	0.00973
6671.48129	0.01112
6669.55256	0.01264
6667.62383	0.01293
6665.69509	0.01245
6663.76636	0.01253
6661.83763	0.01343
6659.90890	0.01412
6657.98017	0.01406
6656.05144	0.01335
6654.12271	0.01154
6652.19398	0.00956
6650.26524	0.00926
6648.33651	0.00955
6646.40778	0.00933
6644.47905	0.00985
6642.55032	0.01075
6640.62159	0.01127
6638.69286	0.01158
6636.76413	0.01116
6634.83540	0.01062
6632.90666	0.01107
6630.97793	0.01242
6629.04920	0.01393
6627.12047	0.01411
6625.19174	0.01305
6623.26301	0.01227
6621.33428	0.01192
6619.40555	0.01198
6617.47681	0.01211
6615.54808	0.01132
6613.61935	0.01045
6611.69062	0.01086
6609.76189	0.01197
6607.83316	0.01208
6605.90443	0.01136
6603.97570	0.01126
6602.04696	0.01138
6600.11823	0.01136
6598.18950	0.01199
6596.26077	0.01241
6594.33204	0.01127
6592.40331	0.00962
6590.47458	0.00938
6588.54585	0.00957
6586.61711	0.00844
6584.68838	0.00752
6582.75965	0.00784
6580.83092	0.00875
6578.90219	0.01023
6576.97346	0.01117
6575.04473	0.01076
6573.11600	0.01021
6571.18726	0.01054
6569.25853	0.01140
6567.32980	0.01170
6565.40107	0.01118
6563.47234	0.01055
6561.54361	0.01052
6559.61488	0.01090
6557.68615	0.01092
6555.75742	0.01098
6553.82868	0.01179
6551.89995	0.01257
6549.97122	0.01241
6548.04249	0.01213
6546.11376	0.01226
6544.18503	0.01191
6542.25630	0.01133
6540.32757	0.01111
6538.39883	0.01021
6536.47010	0.00849
6534.54137	0.00781
6532.61264	0.00858
6530.68391	0.00892
6528.75518	0.00871
6526.82645	0.00937
6524.89772	0.01025
6522.96898	0.01017
6521.04025	0.00985
6519.11152	0.00944
6517.18279	0.00890
6515.25406	0.00915
6513.32533	0.00948
6511.39660	0.00898
6509.46787	0.00861
6507.53913	0.00903
6505.61040	0.00982
6503.68167	0.01016
6501.75294	0.01024
6499.82421	0.01066
6497.89548	0.01136
6495.96675	0.01204
6494.03802	0.01189
6492.10928	0.01087
6490.18055	0.01036
6488.25182	0.01074
6486.32309	0.01103
6484.39436	0.01079
6482.46563	0.01059
6480.53690	0.01069
6478.60817	0.01047
6476.67944	0.00974
6474.75070	0.00941
6472.82197	0.00988
6470.89324	0.01012
6468.96451	0.00920
6467.03578	0.00798
6465.10705	0.00793
6463.17832	0.00871
6461.24959	0.00929
6459.32085	0.00952
6457.39212	0.00948
6455.46339	0.00973
6453.53466	0.01078
6451.60593	0.01167
6449.67720	0.01136
6447.74847	0.01072
6445.81974	0.01125
6443.89100	0.01234
6441.96227	0.01242
6440.03354	0.01123
6438.10481	0.00942
6436.17608	0.00825
6434.24735	0.00862
6432.31862	0.00956
6430.38989	0.00967
6428.46115	0.00907
6426.53242	0.00858
6424.60369	0.00827
6422.67496	0.00813
6420.74623	0.00807
6418.81750	0.00756
6416.88877	0.00682
6414.96004	0.00657
6413.03130	0.00746
6411.10257	0.00921
6409.17384	0.01000
6407.24511	0.00969
6405.31638	0.00953
6403.38765	0.00953
6401.45892	0.00971
6399.53019	0.01026
6397.60146	0.01070
6395.67272	0.01062
6393.74399	0.01011
6391.81526	0.00939
6389.88653	0.00896
6387.95780	0.00919
6386.02907	0.00911
6384.10034	0.00831
6382.17161	0.00783
6380.24287	0.00800
6378.31414	0.00870
6376.38541	0.00955
6374.45668	0.00967
6372.52795	0.00951
6370.59922	0.00976
6368.67049	0.00966
6366.74176	0.00906
6364.81302	0.00893
6362.88429	0.00939
6360.95556	0.00978
6359.02683	0.00913
6357.09810	0.00751
6355.16937	0.00686
6353.24064	0.00814
6351.31191	0.01001
6349.38317	0.01071
6347.45444	0.01008
6345.52571	0.00916
6343.59698	0.00822
6341.66825	0.00760
6339.73952	0.00738
6337.81079	0.00701
6335.88206	0.00677
6333.95332	0.00680
6332.02459	0.00701
6330.09586	0.00805
6328.16713	0.00956
6326.23840	0.00983
6324.30967	0.00901
6322.38094	0.00891
6320.45221	0.00936
6318.52348	0.00904
6316.59474	0.00812
6314.66601	0.00798
6312.73728	0.00903
6310.80855	0.00994
6308.87982	0.01019
6306.95109	0.01038
6305.02236	0.01042
6303.09363	0.01043
6301.16489	0.01104
6299.23616	0.01172
6297.30743	0.01158
6295.37870	0.01125
6293.44997	0.01125
6291.52124	0.01085
6289.59251	0.00935
6287.66378	0.00727
6285.73504	0.00626
6283.80631	0.00693
6281.87758	0.00822
6279.94885	0.00890
6278.02012	0.00899
6276.09139	0.00952
6274.16266	0.01069
6272.23393	0.01113
6270.30519	0.00991
6268.37646	0.00828
6266.44773	0.00775
6264.51900	0.00859
6262.59027	0.01005
6260.66154	0.01071
6258.73281	0.01039
6256.80408	0.00999
6254.87534	0.00982
6252.94661	0.00948
6251.01788	0.00848
6249.08915	0.00715
6247.16042	0.00656
6245.23169	0.00676
6243.30296	0.00710
6241.37423	0.00759
6239.44550	0.00825
6237.51676	0.00909
6235.58803	0.01005
6233.65930	0.01024
6231.73057	0.00978
6229.80184	0.00975
6227.87311	0.00939
6225.94438	0.00793
6224.01565	0.00702
6222.08691	0.00770
6220.15818	0.00870
6218.22945	0.00881
6216.30072	0.00812
6214.37199	0.00718
6212.44326	0.00622
6210.51453	0.00574
6208.58580	0.00640
6206.65706	0.00805
6204.72833	0.00963
6202.79960	0.00999
6200.87087	0.00913
6198.94214	0.00842
6197.01341	0.00878
6195.08468	0.00963
6193.15595	0.00991
6191.22721	0.00985
6189.29848	0.00994
6187.36975	0.00956
6185.44102	0.00875
6183.51229	0.00845
6181.58356	0.00878
6179.65483	0.00927
6177.72610	0.00946
6175.79736	0.00915
6173.86863	0.00883
6171.93990	0.00884
6170.01117	0.00845
6168.08244	0.00765
6166.15371	0.00756
6164.22498	0.00784
6162.29625	0.00773
6160.36752	0.00755
6158.43878	0.00735
6156.51005	0.00744
6154.58132	0.00813
6152.65259	0.00871
6150.72386	0.00895
6148.79513	0.00908
6146.86640	0.00894
6144.93767	0.00846
6143.00893	0.00804
6141.08020	0.00832
6139.15147	0.00917
6137.22274	0.00951
6135.29401	0.00895
6133.36528	0.00836
6131.43655	0.00801
6129.50782	0.00742
6127.57908	0.00687
6125.65035	0.00682
6123.72162	0.00710
6121.79289	0.00758
6119.86416	0.00820
6117.93543	0.00855
6116.00670	0.00829
6114.07797	0.00763
6112.14923	0.00708
6110.22050	0.00710
6108.29177	0.00773
6106.36304	0.00842
6104.43431	0.00885
6102.50558	0.00949
6100.57685	0.01018
6098.64812	0.00977
6096.71938	0.00822
6094.79065	0.00700
6092.86192	0.00695
6090.93319	0.00758
6089.00446	0.00804
6087.07573	0.00796
6085.14700	0.00778
6083.21827	0.00796
6081.28954	0.00825
6079.36080	0.00832
6077.43207	0.00825
6075.50334	0.00850
6073.57461	0.00903
6071.64588	0.00896
6069.71715	0.00862
6067.78842	0.00888
6065.85969	0.00895
6063.93095	0.00845
6062.00222	0.00814
6060.07349	0.00804
6058.14476	0.00821
6056.21603	0.00902
6054.28730	0.00991
6052.35857	0.01012
6050.42984	0.00963
6048.50110	0.00889
6046.57237	0.00847
6044.64364	0.00861
6042.71491	0.00879
6040.78618	0.00827
6038.85745	0.00726
6036.92872	0.00677
6034.99999	0.00711
6033.07125	0.00760
6031.14252	0.00818
6029.21379	0.00915
6027.28506	0.00990
6025.35633	0.00960
6023.42760	0.00877
6021.49887	0.00830
6019.57014	0.00786
6017.64140	0.00742
6015.71267	0.00752
6013.78394	0.00750
6011.85521	0.00681
6009.92648	0.00622
6007.99775	0.00631
6006.06902	0.00668
6004.14029	0.00688
6002.21156	0.00718
6000.28282	0.00770
5998.35409	0.00790
5996.42536	0.00797
5994.49663	0.00855
5992.56790	0.00919
5990.63917	0.00934
5988.71044	0.00924
5986.78171	0.00901
5984.85297	0.00882
5982.92424	0.00881
5980.99551	0.00878
5979.06678	0.00868
5977.13805	0.00845
5975.20932	0.00773
5973.28059	0.00664
5971.35186	0.00641
5969.42312	0.00750
5967.49439	0.00852
5965.56566	0.00869
5963.63693	0.00838
5961.70820	0.00805
5959.77947	0.00806
5957.85074	0.00857
5955.92201	0.00941
5953.99327	0.00999
5952.06454	0.00980
5950.13581	0.00918
5948.20708	0.00894
5946.27835	0.00926
5944.34962	0.00955
5942.42089	0.00950
5940.49216	0.00922
5938.56342	0.00871
5936.63469	0.00840
5934.70596	0.00839
5932.77723	0.00834
5930.84850	0.00850
5928.91977	0.00859
5926.99104	0.00792
5925.06231	0.00699
5923.13358	0.00639
5921.20484	0.00632
5919.27611	0.00674
5917.34738	0.00734
5915.41865	0.00814
5913.48992	0.00874
5911.56119	0.00854
5909.63246	0.00794
5907.70373	0.00778
5905.77499	0.00821
5903.84626	0.00896
5901.91753	0.00961
5899.98880	0.00942
5898.06007	0.00803
5896.13134	0.00626
5894.20261	0.00574
5892.27388	0.00681
5890.34514	0.00786
5888.41641	0.00819
5886.48768	0.00851
5884.55895	0.00884
5882.63022	0.00898
5880.70149	0.00890
5878.77276	0.00842
5876.84403	0.00785
5874.91529	0.00788
5872.98656	0.00825
5871.05783	0.00824
5869.12910	0.00811
5867.20037	0.00840
5865.27164	0.00851
5863.34291	0.00813
5861.41418	0.00808
5859.48544	0.00844
5857.55671	0.00842
5855.62798	0.00802
5853.69925	0.00784
5851.77052	0.00784
5849.84179	0.00764
5847.91306	0.00749
5845.98433	0.00769
5844.05560	0.00793
5842.12686	0.00781
5840.19813	0.00755
5838.26940	0.00768
5836.34067	0.00786
5834.41194	0.00746
5832.48321	0.00710
5830.55448	0.00729
5828.62575	0.00723
5826.69701	0.00669
5824.76828	0.00641
5822.83955	0.00669
5820.91082	0.00737
5818.98209	0.00796
5817.05336	0.00806
5815.12463	0.00798
5813.19590	0.00813
5811.26716	0.00829
5809.33843	0.00834
5807.40970	0.00851
5805.48097	0.00849
5803.55224	0.00778
5801.62351	0.00691
5799.69478	0.00640
5797.76605	0.00621
5795.83731	0.00628
5793.90858	0.00626
5791.97985	0.00604
5790.05112	0.00588
5788.12239	0.00581
5786.19366	0.00587
5784.26493	0.00607
5782.33620	0.00616
5780.40746	0.00642
5778.47873	0.00714
5776.55000	0.00767
5774.62127	0.00741
5772.69254	0.00706
5770.76381	0.00745
5768.83508	0.00817
5766.90635	0.00827
5764.97762	0.00777
5763.04888	0.00711
5761.12015	0.00650
5759.19142	0.00627
5757.26269	0.00620
5755.33396	0.00583
5753.40523	0.00587
5751.47650	0.00672
5749.54777	0.00736
5747.61903	0.00747
5745.69030	0.00782
5743.76157	0.00816
5741.83284	0.00775
5739.90411	0.00696
5737.97538	0.00650
5736.04665	0.00630
5734.11792	0.00618
5732.18918	0.00602
5730.26045	0.00573
5728.33172	0.00548
5726.40299	0.00557
5724.47426	0.00587
5722.54553	0.00613
5720.61680	0.00622
5718.68807	0.00609
5716.75933	0.00606
5714.83060	0.00627
5712.90187	0.00648
5710.97314	0.00639
5709.04441	0.00613
5707.11568	0.00645
5705.18695	0.00733
5703.25822	0.00793
5701.32948	0.00792
5699.40075	0.00740
5697.47202	0.00655
5695.54329	0.00596
5693.61456	0.00623
5691.68583	0.00711
5689.75710	0.00800
5687.82837	0.00861
5685.89964	0.00864
5683.97090	0.00797
5682.04217	0.00712
5680.11344	0.00650
5678.18471	0.00614
5676.25598	0.00618
5674.32725	0.00656
5672.39852	0.00664
5670.46979	0.00633
5668.54105	0.00628
5666.61232	0.00654
5664.68359	0.00682
5662.75486	0.00712
5660.82613	0.00751
5658.89740	0.00770
5656.96867	0.00754
5655.03994	0.00722
5653.11120	0.00680
5651.18247	0.00653
5649.25374	0.00659
5647.32501	0.00687
5645.39628	0.00726
5643.46755	0.00737
5641.53882	0.00724
5639.61009	0.00734
5637.68135	0.00754
5635.75262	0.00731
5633.82389	0.00671
5631.89516	0.00641
5629.96643	0.00641
5628.03770	0.00617
5626.10897	0.00615
5624.18024	0.00680
5622.25150	0.00727
5620.32277	0.00713
5618.39404	0.00755
5616.46531	0.00863
5614.53658	0.00896
5612.60785	0.00835
5610.67912	0.00749
5608.75039	0.00694
5606.82166	0.00706
5604.89292	0.00738
5602.96419	0.00741
5601.03546	0.00733
5599.10673	0.00701
5597.17800	0.00679
5595.24927	0.00638
5593.32054	0.00620
5591.39181	0.00671
5589.46307	0.00768
5587.53434	0.00839
5585.60561	0.00819
5583.67688	0.00754
5581.74815	0.00719
5579.81942	0.00721
5577.89069	0.00728
5575.96196	0.00719
5574.03322	0.00691
5572.10449	0.00653
5570.17576	0.00640
5568.24703	0.00646
5566.31830	0.00643
5564.38957	0.00646
5562.46084	0.00660
5560.53211	0.00665
5558.60337	0.00656
5556.67464	0.00644
5554.74591	0.00644
5552.81718	0.00668
5550.88845	0.00710
5548.95972	0.00731
5547.03099	0.00692
5545.10226	0.00631
5543.17352	0.00611
5541.24479	0.00631
5539.31606	0.00640
5537.38733	0.00612
5535.45860	0.00598
5533.52987	0.00633
5531.60114	0.00673
5529.67241	0.00680
5527.74368	0.00683
5525.81494	0.00681
5523.88621	0.00631
5521.95748	0.00562
5520.02875	0.00534
5518.10002	0.00537
5516.17129	0.00554
5514.24256	0.00594
5512.31383	0.00638
5510.38509	0.00635
5508.45636	0.00562
5506.52763	0.00491
5504.59890	0.00495
5502.67017	0.00550
5500.74144	0.00595
5498.81271	0.00615
5496.88398	0.00599
5494.95524	0.00511
5493.02651	0.00375
5491.09778	0.00291
5489.16905	0.00311
5487.24032	0.00381
5485.31159	0.00465
5483.38286	0.00562
5481.45413	0.00641
5479.52539	0.00622
5477.59666	0.00470
5475.66793	0.00314
5473.73920	0.00330
5471.81047	0.00454
5469.88174	0.00494
5467.95301	0.00441
5466.02428	0.00382
5464.09554	0.00317
5462.16681	0.00234
5460.23808	0.00201
5458.30935	0.00263
5456.38062	0.00366
5454.45189	0.00444
5452.52316	0.00450
5450.59443	0.00362
5448.66570	0.00239
5446.73696	0.00154
5444.80823	0.00127
5442.87950	0.00125
5440.95077	0.00140
5439.02204	0.00203
5437.09331	0.00256
5435.16458	0.00265
5433.23585	0.00270
5431.30711	0.00223
5429.37838	0.00129
5427.44965	0.00153
5425.52092	0.00317
5423.59219	0.00463
5421.66346	0.00531
5419.73473	0.00544
5417.80600	0.00459
5415.87726	0.00230
5413.94853	-0.00021
5412.01980	-0.00100
5410.09107	0.00022
5408.16234	0.00208
5406.23361	0.00339
5404.30488	0.00391
5402.37615	0.00419
5400.44741	0.00444
5398.51868	0.00418
5396.58995	0.00301
5394.66122	0.00168
5392.73249	0.00161
5390.80376	0.00263
5388.87503	0.00308
5386.94630	0.00254
5385.01756	0.00225
5383.08883	0.00288
5381.16010	0.00341
5379.23137	0.00277
5377.30264	0.00163
5375.37391	0.00159
5373.44518	0.00285
5371.51645	0.00399
5369.58772	0.00404
5367.65898	0.00336
5365.73025	0.00274
5363.80152	0.00265
5361.87279	0.00317
5359.94406	0.00379
5358.01533	0.00343
5356.08660	0.00171
5354.15787	0.00007
5352.22913	0.00020
5350.30040	0.00128
5348.37167	0.00100
5346.44294	-0.00092
5344.51421	-0.00219
5342.58548	-0.00152
5340.65675	-0.00066
5338.72802	-0.00065
5336.79928	-0.00019
5334.87055	0.00119
5332.94182	0.00234
5331.01309	0.00243
5329.08436	0.00167
5327.15563	0.00130
5325.22690	0.00218
5323.29817	0.00349
5321.36943	0.00421
5319.44070	0.00437
5317.51197	0.00426
5315.58324	0.00402
5313.65451	0.00382
5311.72578	0.00366
5309.79705	0.00326
5307.86832	0.00274
5305.93958	0.00274
5304.01085	0.00320
5302.08212	0.00346
5300.15339	0.00350
5298.22466	0.00363
5296.29593	0.00376
5294.36720	0.00353
5292.43847	0.00274
5290.50974	0.00207
5288.58100	0.00226
5286.65227	0.00279
5284.72354	0.00283
5282.79481	0.00255
5280.86608	0.00249
5278.93735	0.00283
5277.00862	0.00330
5275.07989	0.00353
5273.15115	0.00331
5271.22242	0.00270
5269.29369	0.00192
5267.36496	0.00104
5265.43623	-0.00017
5263.50750	-0.00121
5261.57877	-0.00093
5259.65004	0.00056
5257.72130	0.00161
5255.79257	0.00137
5253.86384	0.00086
5251.93511	0.00078
5250.00638	0.00027
5248.07765	-0.00076
5246.14892	-0.00130
5244.22019	-0.00075
5242.29145	0.00060
5240.36272	0.00172
5238.43399	0.00188
5236.50526	0.00155
5234.57653	0.00129
5232.64780	0.00105
5230.71907	0.00073
5228.79034	0.00011
5226.86160	-0.00089
5224.93287	-0.00155
5223.00414	-0.00135
5221.07541	-0.00101
5219.14668	-0.00100
5217.21795	-0.00066
5215.28922	0.00023
5213.36049	0.00086
5211.43176	0.00043
5209.50302	-0.00119
5207.57429	-0.00291
5205.64556	-0.00297
5203.71683	-0.00137
5201.78810	-0.00014
5199.85937	-0.00026
5197.93064	-0.00086
5196.00191	-0.00094
5194.07317	-0.00057
5192.14444	-0.00026
5190.21571	-0.00041
5188.28698	-0.00117
5186.35825	-0.00198
5184.42952	-0.00178
5182.50079	-0.00065
5180.57206	0.00028
5178.64332	0.00039
5176.71459	0.00016
5174.78586	0.00010
5172.85713	0.00017
5170.92840	0.00028
5168.99967	0.00050
5167.07094	0.00056
5165.14221	0.00025
5163.21347	-0.00015
5161.28474	-0.00039
5159.35601	-0.00049
5157.42728	-0.00047
5155.49855	-0.00037
5153.56982	-0.00022
5151.64109	-0.00007
5149.71236	0.00013
5147.78362	0.00046
5145.85489	0.00062
5143.92616	0.00036
5141.99743	0.00005
5140.06870	0.00002
5138.13997	0.00011
5136.21124	0.00023
5134.28251	0.00054
5132.35378	0.00092
5130.42504	0.00105
5128.49631	0.00106
5126.56758	0.00113
5124.63885	0.00105
5122.71012	0.00072
5120.78139	0.00048
5118.85266	0.00048
5116.92393	0.00052
5114.99519	0.00056
5113.06646	0.00064
5111.13773	0.00070
5109.20900	0.00079
5107.28027	0.00098
5105.35154	0.00117
5103.42281	0.00124
5101.49408	0.00121
5099.56534	0.00113
5097.63661	0.00112
5095.70788	0.00117
5093.77915	0.00114
5091.85042	0.00104
5089.92169	0.00109
5087.99296	0.00133
5086.06423	0.00161
5084.13549	0.00186
5082.20676	0.00205
5080.27803	0.00218
5078.34930	0.00228
5076.42057	0.00230
5074.49184	0.00229
5072.56311	0.00234
5070.63438	0.00224
5068.70564	0.00189
5066.77691	0.00159
5064.84818	0.00157
5062.91945	0.00165
5060.99072	0.00182
5059.06199	0.00205
5057.13326	0.00211
5055.20453	0.00194
5053.27580	0.00178
5051.34706	0.00181
5049.41833	0.00203
5047.48960	0.00228
5045.56087	0.00235
5043.63214	0.00234
5041.70341	0.00217
5039.77468	0.00170
5037.84595	0.00142
5035.91721	0.00172
5033.98848	0.00218
5032.05975	0.00245
5030.13102	0.00252
5028.20229	0.00234
5026.27356	0.00202
5024.34483	0.00184
5022.41610	0.00198
5020.48736	0.00238
5018.55863	0.00285
5016.62990	0.00316
5014.70117	0.00307
5012.77244	0.00274
5010.84371	0.00247
5008.91498	0.00246
5006.98625	0.00267
5005.05751	0.00288
5003.12878	0.00305
5001.20005	0.00321
4999.27132	0.00315
4997.34259	0.00287
4995.41386	0.00236
4993.48513	0.00193
4991.55640	0.00194
4989.62766	0.00233
4987.69893	0.00269
4985.77020	0.00286
4983.84147	0.00296
4981.91274	0.00294
4979.98401	0.00289
4978.05528	0.00311
4976.12655	0.00355
4974.19782	0.00378
4972.26908	0.00351
4970.34035	0.00311
4968.41162	0.00292
4966.48289	0.00289
4964.55416	0.00294
4962.62543	0.00318
4960.69670	0.00350
4958.76797	0.00361
4956.83923	0.00335
4954.91050	0.00299
4952.98177	0.00278
4951.05304	0.00262
4949.12431	0.00250
4947.19558	0.00260
4945.26685	0.00274
4943.33812	0.00276
4941.40938	0.00275
4939.48065	0.00272
4937.55192	0.00268
4935.62319	0.00263
4933.69446	0.00256
4931.76573	0.00270
4929.83700	0.00300
4927.90827	0.00312
4925.97953	0.00300
4924.05080	0.00290
4922.12207	0.00274
4920.19334	0.00249
4918.26461	0.00248
4916.33588	0.00286
4914.40715	0.00327
4912.47842	0.00334
4910.54968	0.00318
4908.62095	0.00312
4906.69222	0.00307
4904.76349	0.00282
4902.83476	0.00259
4900.90603	0.00266
4898.97730	0.00287
4897.04857	0.00300
4895.11984	0.00313
4893.19110	0.00326
4891.26237	0.00322
4889.33364	0.00321
4887.40491	0.00338
4885.47618	0.00348
4883.54745	0.00343
4881.61872	0.00326
4879.68999	0.00306
4877.76125	0.00314
4875.83252	0.00331
4873.90379	0.00312
4871.97506	0.00268
4870.04633	0.00240
4868.11760	0.00236
4866.18887	0.00253
4864.26014	0.00277
4862.33140	0.00278
4860.40267	0.00255
4858.47394	0.00231
4856.54521	0.00213
4854.61648	0.00211
4852.68775	0.00234
4850.75902	0.00258
4848.83029	0.00254
4846.90155	0.00228
4844.97282	0.00206
4843.04409	0.00208
4841.11536	0.00213
4839.18663	0.00203
4837.25790	0.00211
4835.32917	0.00254
4833.40044	0.00281
4831.47170	0.00250
4829.54297	0.00200
4827.61424	0.00188
4825.68551	0.00215
4823.75678	0.00233
4821.82805	0.00229
4819.89932	0.00234
4817.97059	0.00246
4816.04186	0.00227
4814.11312	0.00189
4812.18439	0.00170
4810.25566	0.00174
4808.32693	0.00187
4806.39820	0.00185
4804.46947	0.00155
4802.54074	0.00143
4800.61201	0.00175
4798.68327	0.00199
4796.75454	0.00189
4794.82581	0.00182
4792.89708	0.00188
4790.96835	0.00184
4789.03962	0.00161
4787.11089	0.00130
4785.18216	0.00128
4783.25342	0.00155
4781.32469	0.00170
4779.39596	0.00173
4777.46723	0.00170
4775.53850	0.00147
4773.60977	0.00128
4771.68104	0.00134
4769.75231	0.00150
4767.82357	0.00158
4765.89484	0.00152
4763.96611	0.00134
4762.03738	0.00116
4760.10865	0.00104
4758.17992	0.00100
4756.25119	0.00095
4754.32246	0.00068
4752.39372	0.00046
4750.46499	0.00064
4748.53626	0.00104
4746.60753	0.00128
4744.67880	0.00134
4742.75007	0.00137
4740.82134	0.00135
4738.89261	0.00120
4736.96388	0.00102
4735.03514	0.00084
4733.10641	0.00056
4731.17768	0.00031
4729.24895	0.00026
4727.32022	0.00046
4725.39149	0.00068
4723.46276	0.00063
4721.53403	0.00051
4719.60529	0.00063
4717.67656	0.00068
4715.74783	0.00041
4713.81910	0.00020
4711.89037	0.00029
4709.96164	0.00052
4708.03291	0.00061
4706.10418	0.00044
4704.17544	0.00025
4702.24671	0.00018
4700.31798	0.00022
4698.38925	0.00038
4696.46052	0.00048
4694.53179	0.00045
4692.60306	0.00055
4690.67433	0.00089
4688.74559	0.00123
4686.81686	0.00130
4684.88813	0.00113
4682.95940	0.00098
4681.03067	0.00104
4679.10194	0.00120
4677.17321	0.00135
4675.24448	0.00139
4673.31574	0.00131
4671.38701	0.00127
4669.45828	0.00134
4667.52955	0.00134
4665.60082	0.00121
4663.67209	0.00105
4661.74336	0.00088
4659.81463	0.00075
4657.88590	0.00077
4655.95716	0.00071
4654.02843	0.00047
4652.09970	0.00037
4650.17097	0.00058
4648.24224	0.00089
4646.31351	0.00104
4644.38478	0.00099
4642.45605	0.00090
4640.52731	0.00104
4638.59858	0.00140
4636.66985	0.00175
4634.74112	0.00182
4632.81239	0.00158
4630.88366	0.00134
4628.95493	0.00118
4627.02620	0.00099
4625.09746	0.00094
4623.16873	0.00103
4621.24000	0.00112
4619.31127	0.00116
4617.38254	0.00121
4615.45381	0.00125
4613.52508	0.00115
4611.59635	0.00094
4609.66761	0.00095
4607.73888	0.00125
4605.81015	0.00145
4603.88142	0.00137
4601.95269	0.00139
4600.02396	0.00163
4598.09523	0.00182
4596.16650	0.00165
4594.23776	0.00124
4592.30903	0.00098
4590.38030	0.00097
4588.45157	0.00100
4586.52284	0.00090
4584.59411	0.00059
4582.66538	0.00027
4580.73665	0.00027
4578.80792	0.00058
4576.87918	0.00094
4574.95045	0.00121
4573.02172	0.00134
4571.09299	0.00141
4569.16426	0.00150
4567.23553	0.00146
4565.30680	0.00127
4563.37807	0.00114
4561.44933	0.00106
4559.52060	0.00094
4557.59187	0.00080
4555.66314	0.00072
4553.73441	0.00069
4551.80568	0.00071
4549.87695	0.00089
4547.94822	0.00126
4546.01948	0.00154
4544.09075	0.00147
4542.16202	0.00118
4540.23329	0.00098
4538.30456	0.00098
4536.37583	0.00106
4534.44710	0.00108
4532.51837	0.00101
4530.58963	0.00090
4528.66090	0.00077
4526.73217	0.00063
4524.80344	0.00049
4522.87471	0.00051
4520.94598	0.00070
4519.01725	0.00085
4517.08852	0.00073
4515.15978	0.00050
4513.23105	0.00043
4511.30232	0.00044
4509.37359	0.00041
4507.44486	0.00034
4505.51613	0.00019
4503.58740	0.00001
4501.65867	-0.00000
4499.72994	0.00016
4497.80120	0.00020
4495.87247	0.00005
4493.94374	-0.00010
4492.01501	-0.00013
4490.08628	-0.00013
4488.15755	-0.00022
4486.22882	-0.00034
4484.30009	-0.00031
4482.37135	-0.00015
4480.44262	-0.00004
4478.51389	-0.00002
4476.58516	-0.00011
4474.65643	-0.00034
4472.72770	-0.00052
4470.79897	-0.00044
4468.87024	-0.00018
4466.94150	0.00004
4465.01277	0.00019
4463.08404	0.00026
4461.15531	0.00022
4459.22658	0.00018
4457.29785	0.00020
4455.36912	0.00015
4453.44039	0.00008
4451.51165	0.00018
4449.58292	0.00037
4447.65419	0.00043
4445.72546	0.00041
4443.79673	0.00024
4441.86800	-0.00020
4439.93927	-0.00044
4438.01054	-0.00009
4436.08180	0.00035
4434.15307	0.00037
4432.22434	0.00027
4430.29561	0.00042
4428.36688	0.00049
4426.43815	0.00031
4424.50942	0.00020
4422.58069	0.00027
4420.65196	0.00035
4418.72322	0.00022
4416.79449	-0.00002
4414.86576	-0.00004
4412.93703	0.00019
4411.00830	0.00048
4409.07957	0.00060
4407.15084	0.00047
4405.22211	0.00026
4403.29337	0.00011
4401.36464	0.00012
4399.43591	0.00017
4397.50718	0.00014
4395.57845	0.00008
4393.64972	0.00000
4391.72099	0.00001
4389.79226	0.00015
4387.86352	0.00032
4385.93479	0.00045
4384.00606	0.00042
4382.07733	0.00029
4380.14860	0.00034
4378.21987	0.00046
4376.29114	0.00036
4374.36241	0.00018
4372.43367	0.00017
4370.50494	0.00027
4368.57621	0.00024
4366.64748	0.00009
4364.71875	0.00009
4362.79002	0.00025
4360.86129	0.00040
4358.93256	0.00052
4357.00382	0.00050
4355.07509	0.00034
4353.14636	0.00034
4351.21763	0.00052
4349.28890	0.00065
4347.36017	0.00075
4345.43144	0.00091
4343.50271	0.00095
4341.57398	0.00064
4339.64524	0.00027
4337.71651	0.00024
4335.78778	0.00041
4333.85905	0.00041
4331.93032	0.00036
4330.00159	0.00049
4328.07286	0.00062
4326.14413	0.00057
4324.21539	0.00039
4322.28666	0.00018
4320.35793	0.00009
4318.42920	0.00021
4316.50047	0.00037
4314.57174	0.00036
4312.64301	0.00007
4310.71428	-0.00020
4308.78554	-0.00019
4306.85681	-0.00012
4304.92808	0.00002
4302.99935	0.00022
4301.07062	0.00028
4299.14189	0.00022
4297.21316	0.00013
4295.28443	-0.00011
4293.35569	-0.00040
4291.42696	-0.00055
4289.49823	-0.00044
4287.56950	-0.00017
4285.64077	0.00000
4283.71204	0.00004
4281.78331	-0.00002
4279.85458	-0.00009
4277.92584	-0.00011
4275.99711	-0.00015
4274.06838	-0.00025
4272.13965	-0.00037
4270.21092	-0.00039
4268.28219	-0.00028
4266.35346	-0.00025
4264.42473	-0.00037
4262.49600	-0.00038
4260.56726	-0.00028
4258.63853	-0.00024
4256.70980	-0.00020
4254.78107	-0.00018
4252.85234	-0.00030
4250.92361	-0.00043
4248.99488	-0.00047
4247.06615	-0.00048
4245.13741	-0.00048
4243.20868	-0.00050
4241.27995	-0.00057
4239.35122	-0.00063
4237.42249	-0.00067
4235.49376	-0.00076
4233.56503	-0.00082
4231.63630	-0.00088
4229.70756	-0.00098
4227.77883	-0.00105
4225.85010	-0.00099
4223.92137	-0.00082
4221.99264	-0.00079
4220.06391	-0.00107
4218.13518	-0.00146
4216.20645	-0.00148
4214.27771	-0.00115
4212.34898	-0.00099
4210.42025	-0.00109
4208.49152	-0.00115
4206.56279	-0.00104
4204.63406	-0.00087
4202.70533	-0.00078
4200.77660	-0.00075
4198.84786	-0.00083
4196.91913	-0.00104
4194.99040	-0.00130
4193.06167	-0.00145
4191.13294	-0.00151
4189.20421	-0.00153
4187.27548	-0.00142
4185.34675	-0.00128
4183.41802	-0.00139
4181.48928	-0.00161
4179.56055	-0.00153
4177.63182	-0.00132
4175.70309	-0.00132
4173.77436	-0.00143
4171.84563	-0.00142
4169.91690	-0.00133
4167.98817	-0.00132
4166.05943	-0.00144
4164.13070	-0.00164
4162.20197	-0.00182
4160.27324	-0.00179
4158.34451	-0.00164
4156.41578	-0.00166
4154.48705	-0.00185
4152.55832	-0.00197
4150.62958	-0.00204
4148.70085	-0.00210
4146.77212	-0.00209
4144.84339	-0.00211
4142.91466	-0.00232
4140.98593	-0.00265
4139.05720	-0.00285
4137.12847	-0.00296
4135.19973	-0.00313
4133.27100	-0.00313
4131.34227	-0.00284
4129.41354	-0.00261
4127.48481	-0.00269
4125.55608	-0.00289
4123.62735	-0.00294
4121.69862	-0.00283
4119.76988	-0.00275
4117.84115	-0.00277
4115.91242	-0.00281
4113.98369	-0.00286
4112.05496	-0.00296
4110.12623	-0.00316
4108.19750	-0.00365
4106.26877	-0.00422
4104.34004	-0.00411
4102.41130	-0.00349
4100.48257	-0.00307
4098.55384	-0.00296
4096.62511	-0.00294
4094.69638	-0.00288
4092.76765	-0.00288
4090.83892	-0.00329
4088.91019	-0.00395
4086.98145	-0.00417
4085.05272	-0.00385
4083.12399	-0.00373
4081.19526	-0.00412
4079.26653	-0.00452
4077.33780	-0.00438
4075.40907	-0.00391
4073.48034	-0.00359
4071.55160	-0.00342
4069.62287	-0.00336
4067.69414	-0.00346
4065.76541	-0.00356
4063.83668	-0.00370
4061.90795	-0.00404
4059.97922	-0.00423
4058.05049	-0.00407
4056.12175	-0.00399
4054.19302	-0.00417
4052.26429	-0.00435
4050.33556	-0.00437
4048.40683	-0.00477
4046.47810	-0.00600
4044.54937	-0.00681
4042.62064	-0.00600
4040.69190	-0.00470
4038.76317	-0.00417
4036.83444	-0.00421
4034.90571	-0.00443
4032.97698	-0.00476
4031.04825	-0.00504
4029.11952	-0.00529
4027.19079	-0.00580
4025.26206	-0.00619
4023.33332	-0.00607
4021.40459	-0.00615
4019.47586	-0.00654
4017.54713	-0.00632
4015.61840	-0.00570
4013.68967	-0.00557
4011.76094	-0.00619
4009.83221	-0.00717
4007.90347	-0.00742
4005.97474	-0.00665
4004.04601	-0.00593
4002.11728	-0.00569
4000.18855	-0.00567
3998.25982	-0.00641
3996.33109	-0.00667
3994.40236	-0.00678
3992.47362	-0.00687
3990.54489	-0.00696
3988.61616	-0.00711
3986.68743	-0.00723
3984.75870	-0.00729
3982.82997	-0.00738
3980.90124	-0.00740
3978.97251	-0.00715
3977.04377	-0.00682
3975.11504	-0.00679
3973.18631	-0.00709
3971.25758	-0.00736
3969.32885	-0.00743
3967.40012	-0.00743
3965.47139	-0.00759
3963.54266	-0.00795
3961.61392	-0.00822
3959.68519	-0.00824
3957.75646	-0.00820
3955.82773	-0.00823
3953.89900	-0.00830
3951.97027	-0.00859
3950.04154	-0.00933
3948.11281	-0.01003
3946.18408	-0.00986
3944.25534	-0.00912
3942.32661	-0.00869
3940.39788	-0.00863
3938.46915	-0.00868
3936.54042	-0.00914
3934.61169	-0.01019
3932.68296	-0.01107
3930.75423	-0.01094
3928.82549	-0.01011
3926.89676	-0.00946
3924.96803	-0.00942
3923.03930	-0.00992
3921.11057	-0.01053
3919.18184	-0.01123
3917.25311	-0.01164
3915.32438	-0.01121
3913.39564	-0.01050
3911.46691	-0.01026
3909.53818	-0.01040
3907.60945	-0.01057
3905.68072	-0.01111
3903.75199	-0.01232
3901.82326	-0.01310
3899.89453	-0.01288
3897.96579	-0.01288
3896.03706	-0.01342
3894.10833	-0.01390
3892.17960	-0.01425
3890.25087	-0.01460
3888.32214	-0.01481
3886.39341	-0.01498
3884.46468	-0.01520
3882.53594	-0.01570
3880.60721	-0.01631
3878.67848	-0.01662
3876.74975	-0.01667
3874.82102	-0.01689
3872.89229	-0.01739
3870.96356	-0.01787
3869.03483	-0.01821
3867.10610	-0.01841
3865.17736	-0.01852
3863.24863	-0.01882
3861.31990	-0.01940
3859.39117	-0.02007
3857.46244	-0.02069
3855.53371	-0.02047
3853.60498	-0.01890
3851.67625	-0.01791
3849.74751	-0.01847
3847.81878	-0.01931
3845.89005	-0.01926
3843.96132	-0.01902
3842.03259	-0.01937
3840.10386	-0.01985
3838.17513	-0.01990
3836.24640	-0.01954
3834.31766	-0.01942
3832.38893	-0.01969
3830.46020	-0.01991
3828.53147	-0.02002
3826.60274	-0.02009
3824.67401	-0.02007
3822.74528	-0.01991
3820.81655	-0.02004
3818.88781	-0.02038
3816.95908	-0.02014
3815.03035	-0.01936
3813.10162	-0.01870
3811.17289	-0.01835
3809.24416	-0.01805
3807.31543	-0.01804
3805.38670	-0.01826
3803.45796	-0.01819
3801.52923	-0.01790
3799.60050	-0.01779
3797.67177	-0.01754
3795.74304	-0.01692
3793.81431	-0.01600
3791.88558	-0.01530
3789.95685	-0.01499
3788.02812	-0.01494
3786.09938	-0.01495
3784.17065	-0.01499
3782.24192	-0.01487
3780.31319	-0.01462
3778.38446	-0.01469
3776.45573	-0.01506
3774.52700	-0.01537
3772.59827	-0.01559
3770.66953	-0.01611
3768.74080	-0.01697
3766.81207	-0.01770
3764.88334	-0.01827
3762.95461	-0.01899
3761.02588	-0.01992
3759.09715	-0.02118
3757.16842	-0.02260
3755.23968	-0.02355
3753.31095	-0.02424
3751.38222	-0.02575
3749.45349	-0.02793
3747.52476	-0.02904
3745.59603	-0.02915
3743.66730	-0.02800
3741.73857	-0.02649
3739.80983	-0.02562
3737.88110	-0.02488
3735.95237	-0.02411
3734.02364	-0.02333
3732.09491	-0.02218
3730.16618	-0.02095
3728.23745	-0.02009
3726.30872	-0.01944
3724.37998	-0.01855
3722.45125	-0.01712
3720.52252	-0.01528
3718.59379	-0.01359
3716.66506	-0.01207
3714.73633	-0.01029
3712.80760	-0.00818
3710.87887	-0.00655
3708.95014	-0.00547
3707.02140	-0.00398
3705.09267	-0.00196
3703.16394	0.00015
3701.23521	0.00180
3699.30648	0.00280
3697.37775	0.00347
3695.44902	0.00413
3693.52029	0.00511
3691.59155	0.00653
3689.66282	0.00777
3687.73409	0.00848
3685.80536	0.00908
3683.87663	0.00980
3681.94790	0.01083
3680.01917	0.01235
3678.09044	0.01447
3676.16170	0.01747
3674.23297	0.02053
3672.30424	0.02285
3670.37551	0.02437
3668.44678	0.02521
3666.51805	0.02594
3664.58932	0.02730
3662.66059	0.02929
3660.73185	0.03127
3658.80312	0.03281
3656.87439	0.03369
3654.94566	0.03417
3653.01693	0.03496
3651.08820	0.03605
3649.15947	0.03649
3647.23074	0.03702
3645.30200	0.03812
3643.37327	0.03923
3641.44454	0.04029
3639.51581	0.04124
3637.58708	0.04193
3635.65835	0.04258
3633.72962	0.04362
3631.80089	0.04503
3629.87216	0.04652
3627.94342	0.04768
3626.01469	0.04823
3624.08596	0.04868
3622.15723	0.04970
3620.22850	0.05081
3618.29977	0.05082
3616.37104	0.05004
3614.44231	0.04967
3612.51357	0.04994
3610.58484	0.05036
3608.65611	0.05102
3606.72738	0.05205
3604.79865	0.05330
3602.86992	0.05436
3600.94119	0.05498
3599.01246	0.05534
3597.08372	0.05577
3595.15499	0.05623
3593.22626	0.05667
3591.29753	0.05726
3589.36880	0.05803
3587.44007	0.05870
3585.51134	0.05926
3583.58261	0.05982
3581.65387	0.06045
3579.72514	0.06120
3577.79641	0.06192
3575.86768	0.06249
3573.93895	0.06299
3572.01022	0.06346
3570.08149	0.06367
3568.15276	0.06351
3566.22402	0.06352
3564.29529	0.06411
3562.36656	0.06495
3560.43783	0.06574
3558.50910	0.06641
3556.58037	0.06688
3554.65164	0.06722
3552.72291	0.06747
3550.79418	0.06745
3548.86544	0.06704
3546.93671	0.06675
3545.00798	0.06728
3543.07925	0.06830
3541.15052	0.06911
3539.22179	0.06960
3537.29306	0.06994
3535.36433	0.07017
3533.43559	0.07032
3531.50686	0.07032
3529.57813	0.07002
3527.64940	0.06946
3525.72067	0.06920
3523.79194	0.06952
3521.86321	0.07006
3519.93448	0.07051
3518.00574	0.07081
3516.07701	0.07089
3514.14828	0.07083
3512.21955	0.07073
3510.29082	0.07061
3508.36209	0.07044
3506.43336	0.07034
3504.50463	0.07040
3502.57589	0.07054
3500.64716	0.07078
3498.71843	0.07121
3496.78970	0.07163
3494.86097	0.07188
3492.93224	0.07211
3491.00351	0.07234
3489.07478	0.07252
3487.14604	0.07263
3485.21731	0.07280
3483.28858	0.07307
3481.35985	0.07327
3479.43112	0.07341
3477.50239	0.07356
3475.57366	0.07356
3473.64493	0.07340
3471.71620	0.07337
3469.78746	0.07364
3467.85873	0.07401
3465.93000	0.07417
3464.00127	0.07415
3462.07254	0.07421
3460.14381	0.07434
3458.21508	0.07438
3456.28635	0.07433
3454.35761	0.07438
3452.42888	0.07446
3450.50015	0.07442
3448.57142	0.07443
3446.64269	0.07446
3444.71396	0.07444
3442.78523	0.07436
3440.85650	0.07433
3438.92776	0.07441
3436.99903	0.07452
3435.07030	0.07448
3433.14157	0.07427
3431.21284	0.07408
3429.28411	0.07395
3427.35538	0.07383
3425.42665	0.07369
3423.49791	0.07357
3421.56918	0.07340
3419.64045	0.07330
3417.71172	0.07347
3415.78299	0.07378
3413.85426	0.07391
3411.92553	0.07376
3409.99680	0.07354
3408.06806	0.07334
3406.13933	0.07311
3404.21060	0.07288
3402.28187	0.07282
3400.35314	0.07274
3398.42441	0.07177
3396.49568	0.07131
3394.56695	0.07111
3392.63822	0.07101
3390.70948	0.07109
3388.78075	0.07109
3386.85202	0.07078
3384.92329	0.07044
3382.99456	0.07038
3381.06583	0.07044
3379.13710	0.07040
3377.20837	0.07026
3375.27963	0.07000
3373.35090	0.06968
3371.42217	0.06933
3369.49344	0.06883
3367.56471	0.06814
3365.63598	0.06750
3363.70725	0.06718
3361.77852	0.06714
3359.84978	0.06710
3357.92105	0.06689
3355.99232	0.06654
3354.06359	0.06625
3352.13486	0.06606
3350.20613	0.06589
3348.27740	0.06564
3346.34867	0.06528
3344.41993	0.06488
3342.49120	0.06440
3340.56247	0.06387
3338.63374	0.06328
3336.70501	0.06263
3334.77628	0.06214
3332.84755	0.06185
3330.91882	0.06142
3328.99008	0.06074
3327.06135	0.06014
3325.13262	0.05977
3323.20389	0.05943
3321.27516	0.05894
3319.34643	0.05834
3317.41770	0.05768
3315.48897	0.05698
3313.56024	0.05626
3311.63150	0.05547
3309.70277	0.05466
3307.77404	0.05410
3305.84531	0.05382
3303.91658	0.05345
3301.98785	0.05278
3300.05912	0.05187
3298.13039	0.05091
3296.20165	0.04993
3294.27292	0.04885
3292.34419	0.04787
3290.41546	0.04723
3288.48673	0.04669
3286.55800	0.04596
3284.62927	0.04507
3282.70054	0.04411
3280.77180	0.04304
3278.84307	0.04191
3276.91434	0.04077
3274.98561	0.03977
3273.05688	0.03906
3271.12815	0.03845
3269.19942	0.03762
3267.27069	0.03654
3265.34195	0.03535
3263.41322	0.03426
3261.48449	0.03325
3259.55576	0.03218
3257.62703	0.03104
3255.69830	0.02993
3253.76957	0.02895
3251.84084	0.02807
3249.91210	0.02714
3247.98337	0.02590
3246.05464	0.02439
3244.12591	0.02303
3242.19718	0.02195
3240.26845	0.02089
3238.33972	0.01984
3236.41099	0.01879
3234.48226	0.01759
3232.55352	0.01634
3230.62479	0.01517
3228.69606	0.01402
3226.76733	0.01294
3224.83860	0.01201
3222.90987	0.01104
3220.98114	0.00986
3219.05241	0.00865
3217.12367	0.00752
3215.19494	0.00640
3213.26621	0.00537
3211.33748	0.00449
3209.40875	0.00377
3207.48002	0.00314
3205.55129	0.00235
3203.62256	0.00133
3201.69382	0.00023
3199.76509	-0.00092
3197.83636	-0.00197
3195.90763	-0.00275
3193.97890	-0.00333
3192.05017	-0.00399
3190.12144	-0.00484
3188.19271	-0.00586
3186.26397	-0.00698
3184.33524	-0.00802
3182.40651	-0.00892
3180.47778	-0.00988
3178.54905	-0.01091
3176.62032	-0.01172
3174.69159	-0.01227
3172.76286	-0.01278
3170.83412	-0.01338
3168.90539	-0.01409
3166.97666	-0.01487
3165.04793	-0.01564
3163.11920	-0.01626
3161.19047	-0.01683
3159.26174	-0.01751
3157.33301	-0.01821
3155.40428	-0.01885
3153.47554	-0.01949
3151.54681	-0.02014
3149.61808	-0.02086
3147.68935	-0.02160
3145.76062	-0.02223
3143.83189	-0.02273
3141.90316	-0.02320
3139.97443	-0.02366
3138.04569	-0.02415
3136.11696	-0.02482
3134.18823	-0.02560
3132.25950	-0.02616
3130.33077	-0.02640
3128.40204	-0.02662
3126.47331	-0.02698
3124.54458	-0.02740
3122.61584	-0.02775
3120.68711	-0.02790
3118.75838	-0.02786
3116.82965	-0.02770
3114.90092	-0.02736
3112.97219	-0.02680
3111.04346	-0.02607
3109.11473	-0.02529
3107.18599	-0.02449
3105.25726	-0.02376
3103.32853	-0.02314
3101.39980	-0.02236
3099.47107	-0.02123
3097.54234	-0.02004
3095.61361	-0.01883
3093.68488	-0.01733
3091.75614	-0.01571
3089.82741	-0.01433
3087.89868	-0.01314
3085.96995	-0.01188
3084.04122	-0.01058
3082.11249	-0.00949
3080.18376	-0.00851
3078.25503	-0.00732
3076.32630	-0.00596
3074.39756	-0.00464
3072.46883	-0.00347
3070.54010	-0.00255
3068.61137	-0.00189
3066.68264	-0.00133
3064.75391	-0.00058
3062.82518	0.00039
3060.89645	0.00125
3058.96771	0.00185
3057.03898	0.00236
3055.11025	0.00296
3053.18152	0.00350
3051.25279	0.00385
3049.32406	0.00413
3047.39533	0.00452
3045.46660	0.00488
3043.53786	0.00504
3041.60913	0.00511
3039.68040	0.00521
3037.75167	0.00515
3035.82294	0.00478
3033.89421	0.00413
3031.96548	0.00365
3030.03675	0.00365
3028.10801	0.00381
3026.17928	0.00374
3024.25055	0.00358
3022.32182	0.00347
3020.39309	0.00320
3018.46436	0.00269
3016.53563	0.00228
3014.60690	0.00220
3012.67816	0.00233
3010.74943	0.00267
3008.82070	0.00317
3006.89197	0.00360
3004.96324	0.00387
3003.03451	0.00420
3001.10578	0.00472
2999.17705	0.00546
2997.24832	0.00596
2995.31958	0.00638
2993.39085	0.00702
2991.46212	0.00786
2989.53339	0.00860
2987.60466	0.00942
2985.67593	0.01051
2983.74720	0.01158
2981.81847	0.01248
2979.88973	0.01338
2977.96100	0.01435
2976.03227	0.01542
2974.10354	0.01665
2972.17481	0.01812
2970.24608	0.01978
2968.31735	0.02140
2966.38862	0.02288
2964.45988	0.02424
2962.53115	0.02548
2960.60242	0.02667
2958.67369	0.02768
2956.74496	0.02837
2954.81623	0.02890
2952.88750	0.02944
2950.95877	0.02997
2949.03003	0.03061
2947.10130	0.03158
2945.17257	0.03289
2943.24384	0.03444
2941.31511	0.03625
2939.38638	0.03816
2937.45765	0.04000
2935.52892	0.04190
2933.60018	0.04393
2931.67145	0.04592
2929.74272	0.04762
2927.81399	0.04888
2925.88526	0.04973
2923.95653	0.05002
2922.02780	0.04953
2920.09907	0.04833
2918.17034	0.04663
2916.24160	0.04475
2914.31287	0.04299
2912.38414	0.04138
2910.45541	0.03993
2908.52668	0.03872
2906.59795	0.03784
2904.66922	0.03715
2902.74049	0.03639
2900.81175	0.03559
2898.88302	0.03490
2896.95429	0.03429
2895.02556	0.03362
2893.09683	0.03294
2891.16810	0.03234
2889.23937	0.03185
2887.31064	0.03146
2885.38190	0.03115
2883.45317	0.03100
2881.52444	0.03101
2879.59571	0.03110
2877.66698	0.03122
2875.73825	0.03137
2873.80952	0.03163
2871.88079	0.03198
2869.95205	0.03230
2868.02332	0.03256
2866.09459	0.03294
2864.16586	0.03369
2862.23713	0.03485
2860.30840	0.03612
2858.37967	0.03723
2856.45094	0.03802
2854.52220	0.03819
2852.59347	0.03752
2850.66474	0.03606
2848.73601	0.03396
2846.80728	0.03150
2844.87855	0.02914
2842.94982	0.02717
2841.02109	0.02564
2839.09236	0.02442
2837.16362	0.02337
2835.23489	0.02249
2833.30616	0.02182
2831.37743	0.02127
2829.44870	0.02075
2827.51997	0.02027
2825.59124	0.01988
2823.66251	0.01956
2821.73377	0.01923
2819.80504	0.01889
2817.87631	0.01861
2815.94758	0.01831
2814.01885	0.01795
2812.09012	0.01758
2810.16139	0.01729
2808.23266	0.01708
2806.30392	0.01686
2804.37519	0.01661
2802.44646	0.01630
2800.51773	0.01595
2798.58900	0.01568
2796.66027	0.01553
2794.73154	0.01536
2792.80281	0.01512
2790.87407	0.01491
2788.94534	0.01472
2787.01661	0.01451
2785.08788	0.01428
2783.15915	0.01408
2781.23042	0.01389
2779.30169	0.01371
2777.37296	0.01355
2775.44422	0.01344
2773.51549	0.01337
2771.58676	0.01331
2769.65803	0.01319
2767.72930	0.01303
2765.80057	0.01299
2763.87184	0.01310
2761.94311	0.01321
2760.01438	0.01328
2758.08564	0.01330
2756.15691	0.01322
2754.22818	0.01310
2752.29945	0.01307
2750.37072	0.01310
2748.44199	0.01307
2746.51326	0.01293
2744.58453	0.01274
2742.65579	0.01255
2740.72706	0.01237
2738.79833	0.01225
2736.86960	0.01216
2734.94087	0.01208
2733.01214	0.01199
2731.08341	0.01186
2729.15468	0.01164
2727.22594	0.01137
2725.29721	0.01113
2723.36848	0.01100
2721.43975	0.01086
2719.51102	0.01060
2717.58229	0.01032
2715.65356	0.01014
2713.72483	0.01010
2711.79609	0.01006
2709.86736	0.00990
2707.93863	0.00969
2706.00990	0.00947
2704.08117	0.00922
2702.15244	0.00895
2700.22371	0.00875
2698.29498	0.00872
2696.36624	0.00869
2694.43751	0.00851
2692.50878	0.00826
2690.58005	0.00807
2688.65132	0.00791
2686.72259	0.00775
2684.79386	0.00751
2682.86513	0.00724
2680.93640	0.00707
2679.00766	0.00698
2677.07893	0.00680
2675.15020	0.00655
2673.22147	0.00631
2671.29274	0.00609
2669.36401	0.00586
2667.43528	0.00563
2665.50655	0.00535
2663.57781	0.00510
2661.64908	0.00493
2659.72035	0.00481
2657.79162	0.00468
2655.86289	0.00448
2653.93416	0.00426
2652.00543	0.00407
2650.07670	0.00392
2648.14796	0.00376
2646.21923	0.00360
2644.29050	0.00345
2642.36177	0.00330
2640.43304	0.00314
2638.50431	0.00298
2636.57558	0.00278
2634.64685	0.00256
2632.71811	0.00237
2630.78938	0.00218
2628.86065	0.00199
2626.93192	0.00184
2625.00319	0.00169
2623.07446	0.00152
2621.14573	0.00132
2619.21700	0.00112
2617.28826	0.00095
2615.35953	0.00079
2613.43080	0.00062
2611.50207	0.00047
2609.57334	0.00030
2607.64461	0.00007
2605.71588	-0.00017
2603.78715	-0.00039
2601.85842	-0.00056
2599.92968	-0.00071
2598.00095	-0.00088
2596.07222	-0.00110
2594.14349	-0.00129
2592.21476	-0.00147
2590.28603	-0.00169
2588.35730	-0.00196
2586.42857	-0.00218
2584.49983	-0.00234
2582.57110	-0.00250
2580.64237	-0.00269
2578.71364	-0.00291
2576.78491	-0.00313
2574.85618	-0.00334
2572.92745	-0.00351
2570.99872	-0.00366
2569.06998	-0.00382
2567.14125	-0.00398
2565.21252	-0.00410
2563.28379	-0.00422
2561.35506	-0.00442
2559.42633	-0.00459
2557.49760	-0.00474
2555.56887	-0.00493
2553.64013	-0.00514
2551.71140	-0.00530
2549.78267	-0.00530
2547.85394	-0.00528
2545.92521	-0.00527
2543.99648	-0.00529
2542.06775	-0.00547
2540.13902	-0.00572
2538.21028	-0.00583
2536.28155	-0.00581
2534.35282	-0.00583
2532.42409	-0.00593
2530.49536	-0.00610
2528.56663	-0.00625
2526.63790	-0.00638
2524.70917	-0.00650
2522.78044	-0.00659
2520.85170	-0.00664
2518.92297	-0.00666
2516.99424	-0.00671
2515.06551	-0.00679
2513.13678	-0.00686
2511.20805	-0.00696
2509.27932	-0.00709
2507.35059	-0.00716
2505.42185	-0.00719
2503.49312	-0.00722
2501.56439	-0.00722
2499.63566	-0.00719
2497.70693	-0.00718
2495.77820	-0.00721
2493.84947	-0.00725
2491.92074	-0.00728
2489.99200	-0.00737
2488.06327	-0.00753
2486.13454	-0.00772
2484.20581	-0.00781
2482.27708	-0.00779
2480.34835	-0.00779
2478.41962	-0.00788
2476.49089	-0.00796
2474.56215	-0.00800
2472.63342	-0.00803
2470.70469	-0.00808
2468.77596	-0.00816
2466.84723	-0.00831
2464.91850	-0.00848
2462.98977	-0.00857
2461.06104	-0.00861
2459.13230	-0.00866
2457.20357	-0.00873
2455.27484	-0.00884
2453.34611	-0.00894
2451.41738	-0.00900
2449.48865	-0.00904
2447.55992	-0.00913
2445.63119	-0.00931
2443.70246	-0.00947
2441.77372	-0.00956
2439.84499	-0.00959
2437.91626	-0.00962
2435.98753	-0.00967
2434.05880	-0.00976
2432.13007	-0.00990
2430.20134	-0.01020
2428.27261	-0.01063
2426.34387	-0.01083
2424.41514	-0.01067
2422.48641	-0.01042
2420.55768	-0.01030
2418.62895	-0.01022
2416.70022	-0.01013
2414.77149	-0.01008
2412.84276	-0.01006
2410.91402	-0.01006
2408.98529	-0.01013
2407.05656	-0.01024
2405.12783	-0.01031
2403.19910	-0.01031
2401.27037	-0.01028
2399.34164	-0.01035
2397.41291	-0.01028
2395.48417	-0.01017
2393.55544	-0.01011
2391.62671	-0.01004
2389.69798	-0.00991
2387.76925	-0.00975
2385.84052	-0.00961
2383.91179	-0.00953
2381.98306	-0.00961
2380.05432	-0.00991
2378.12559	-0.01030
2376.19686	-0.01044
2374.26813	-0.01002
2372.33940	-0.00914
2370.41067	-0.00835
2368.48194	-0.00803
2366.55321	-0.00813
2364.62448	-0.00852
2362.69574	-0.00901
2360.76701	-0.00945
2358.83828	-0.00996
2356.90955	-0.01071
2354.98082	-0.01161
2353.05209	-0.01226
2351.12336	-0.01227
2349.19463	-0.01210
2347.26589	-0.01227
2345.33716	-0.01230
2343.40843	-0.01192
2341.47970	-0.01162
2339.55097	-0.01142
2337.62224	-0.01131
2335.69351	-0.01143
2333.76478	-0.01178
2331.83604	-0.01223
2329.90731	-0.01266
2327.97858	-0.01305
2326.04985	-0.01344
2324.12112	-0.01376
2322.19239	-0.01395
2320.26366	-0.01407
2318.33493	-0.01423
2316.40619	-0.01452
2314.47746	-0.01483
2312.54873	-0.01493
2310.62000	-0.01476
2308.69127	-0.01446
2306.76254	-0.01415
2304.83381	-0.01387
2302.90508	-0.01366
2300.97634	-0.01356
2299.04761	-0.01351
2297.11888	-0.01346
2295.19015	-0.01339
2293.26142	-0.01328
2291.33269	-0.01315
2289.40396	-0.01301
2287.47523	-0.01289
2285.54650	-0.01279
2283.61776	-0.01274
2281.68903	-0.01272
2279.76030	-0.01270
2277.83157	-0.01265
2275.90284	-0.01255
2273.97411	-0.01242
2272.04538	-0.01229
2270.11665	-0.01217
2268.18791	-0.01210
2266.25918	-0.01208
2264.33045	-0.01206
2262.40172	-0.01204
2260.47299	-0.01205
2258.54426	-0.01208
2256.61553	-0.01210
2254.68680	-0.01208
2252.75806	-0.01199
2250.82933	-0.01210
2248.90060	-0.01279
2246.97187	-0.01246
2245.04314	-0.01224
2243.11441	-0.01211
2241.18568	-0.01199
2239.25695	-0.01188
2237.32821	-0.01177
2235.39948	-0.01162
2233.47075	-0.01154
2231.54202	-0.01149
2229.61329	-0.01139
2227.68456	-0.01131
2225.75583	-0.01128
2223.82710	-0.01131
2221.89836	-0.01140
2219.96963	-0.01164
2218.04090	-0.01187
2216.11217	-0.01209
2214.18344	-0.01232
2212.25471	-0.01255
2210.32598	-0.01277
2208.39725	-0.01295
2206.46852	-0.01303
2204.53978	-0.01306
2202.61105	-0.01312
2200.68232	-0.01320
2198.75359	-0.01326
2196.82486	-0.01331
2194.89613	-0.01341
2192.96740	-0.01355
2191.03867	-0.01368
2189.10993	-0.01381
2187.18120	-0.01399
2185.25247	-0.01413
2183.32374	-0.01418
2181.39501	-0.01421
2179.46628	-0.01428
2177.53755	-0.01433
2175.60882	-0.01438
2173.68008	-0.01449
2171.75135	-0.01461
2169.82262	-0.01467
2167.89389	-0.01462
2165.96516	-0.01460
2164.03643	-0.01469
2162.10770	-0.01478
2160.17897	-0.01475
2158.25023	-0.01466
2156.32150	-0.01460
2154.39277	-0.01454
2152.46404	-0.01449
2150.53531	-0.01451
2148.60658	-0.01459
2146.67785	-0.01467
2144.74912	-0.01464
2142.82038	-0.01458
2140.89165	-0.01466
2138.96292	-0.01492
2137.03419	-0.01511
2135.10546	-0.01503
2133.17673	-0.01488
2131.24800	-0.01491
2129.31927	-0.01508
2127.39054	-0.01524
2125.46180	-0.01536
2123.53307	-0.01545
2121.60434	-0.01550
2119.67561	-0.01554
2117.74688	-0.01573
2115.81815	-0.01606
2113.88942	-0.01619
2111.96069	-0.01601
2110.03195	-0.01593
2108.10322	-0.01603
2106.17449	-0.01623
2104.24576	-0.01642
2102.31703	-0.01661
2100.38830	-0.01683
2098.45957	-0.01701
2096.53084	-0.01732
2094.60210	-0.01767
2092.67337	-0.01801
2090.74464	-0.01835
2088.81591	-0.01874
2086.88718	-0.01914
2084.95845	-0.01949
2083.02972	-0.01986
2081.10099	-0.02032
2079.17225	-0.02090
2077.24352	-0.02147
2075.31479	-0.02190
2073.38606	-0.02222
2071.45733	-0.02252
2069.52860	-0.02280
2067.59987	-0.02296
2065.67114	-0.02303
2063.74240	-0.02304
2061.81367	-0.02296
2059.88494	-0.02269
2057.95621	-0.02228
2056.02748	-0.02181
2054.09875	-0.02129
2052.17002	-0.02073
2050.24129	-0.02019
2048.31256	-0.01969
2046.38382	-0.01917
2044.45509	-0.01854
2042.52636	-0.01778
2040.59763	-0.01704
2038.66890	-0.01643
2036.74017	-0.01580
2034.81144	-0.01515
2032.88271	-0.01460
2030.95397	-0.01420
2029.02524	-0.01399
2027.09651	-0.01391
2025.16778	-0.01385
2023.23905	-0.01364
2021.31032	-0.01318
2019.38159	-0.01254
2017.45286	-0.01204
2015.52412	-0.01173
2013.59539	-0.01145
2011.66666	-0.01115
2009.73793	-0.01094
2007.80920	-0.01070
2005.88047	-0.01034
2003.95174	-0.01006
2002.02301	-0.00992
2000.09427	-0.00985
1998.16554	-0.00980
1996.23681	-0.00979
1994.30808	-0.00984
1992.37935	-0.00988
1990.45062	-0.00981
1988.52189	-0.00962
1986.59316	-0.00953
1984.66442	-0.00948
1982.73569	-0.00940
1980.80696	-0.00934
1978.87823	-0.00929
1976.94950	-0.00922
1975.02077	-0.00916
1973.09204	-0.00919
1971.16331	-0.00932
1969.23458	-0.00943
1967.30584	-0.00951
1965.37711	-0.00969
1963.44838	-0.00979
1961.51965	-0.00981
1959.59092	-0.00986
1957.66219	-0.00993
1955.73346	-0.00994
1953.80473	-0.00990
1951.87599	-0.00986
1949.94726	-0.00984
1948.01853	-0.00984
1946.08980	-0.00985
1944.16107	-0.00998
1942.23234	-0.01013
1940.30361	-0.01014
1938.37488	-0.01004
1936.44614	-0.00994
1934.51741	-0.00996
1932.58868	-0.01003
1930.65995	-0.01003
1928.73122	-0.01002
1926.80249	-0.01016
1924.87376	-0.01030
1922.94503	-0.01051
1921.01629	-0.01064
1919.08756	-0.01046
1917.15883	-0.01027
1915.23010	-0.01043
1913.30137	-0.01048
1911.37264	-0.01015
1909.44391	-0.00979
1907.51518	-0.00959
1905.58644	-0.00938
1903.65771	-0.00903
1901.72898	-0.00866
1899.80025	-0.00837
1897.87152	-0.00814
1895.94279	-0.00806
1894.01406	-0.00803
1892.08533	-0.00777
1890.15660	-0.00738
1888.22786	-0.00733
1886.29913	-0.00751
1884.37040	-0.00758
1882.44167	-0.00754
1880.51294	-0.00752
1878.58421	-0.00765
1876.65548	-0.00793
1874.72675	-0.00820
1872.79801	-0.00816
1870.86928	-0.00783
1868.94055	-0.00777
1867.01182	-0.00838
1865.08309	-0.00922
1863.15436	-0.00971
1861.22563	-0.01006
1859.29690	-0.01055
1857.36816	-0.01114
1855.43943	-0.01177
1853.51070	-0.01245
1851.58197	-0.01309
1849.65324	-0.01360
1847.72451	-0.01402
1845.79578	-0.01452
1843.86705	-0.01512
1841.93831	-0.01586
1840.00958	-0.01644
1838.08085	-0.01665
1836.15212	-0.01675
1834.22339	-0.01658
1832.29466	-0.01583
1830.36593	-0.01510
1828.43720	-0.01514
1826.50846	-0.01540
1824.57973	-0.01531
1822.65100	-0.01516
1820.72227	-0.01523
1818.79354	-0.01536
1816.86481	-0.01513
1814.93608	-0.01441
1813.00735	-0.01362
1811.07862	-0.01319
1809.14988	-0.01321
1807.22115	-0.01340
1805.29242	-0.01373
1803.36369	-0.01426
1801.43496	-0.01459
1799.50623	-0.01443
1797.57750	-0.01402
1795.64877	-0.01343
1793.72003	-0.01252
1791.79130	-0.01210
1789.86257	-0.01274
1787.93384	-0.01379
1786.00511	-0.01442
1784.07638	-0.01427
1782.14765	-0.01360
1780.21892	-0.01319
1778.29018	-0.01326
1776.36145	-0.01295
1774.43272	-0.01190
1772.50399	-0.01124
1770.57526	-0.01221
1768.64653	-0.01384
1766.71780	-0.01468
1764.78907	-0.01450
1762.86033	-0.01403
1760.93160	-0.01397
1759.00287	-0.01428
1757.07414	-0.01452
1755.14541	-0.01454
1753.21668	-0.01420
1751.28795	-0.01370
1749.35922	-0.01389
1747.43048	-0.01461
1745.50175	-0.01491
1743.57302	-0.01450
1741.64429	-0.01376
1739.71556	-0.01326
1737.78683	-0.01274
1735.85810	-0.01157
1733.92937	-0.01049
1732.00064	-0.01069
1730.07190	-0.01144
1728.14317	-0.01196
1726.21444	-0.01204
1724.28571	-0.01184
1722.35698	-0.01117
1720.42825	-0.00937
1718.49952	-0.00723
1716.57079	-0.00720
1714.64205	-0.00915
1712.71332	-0.01124
1710.78459	-0.01221
1708.85586	-0.01203
1706.92713	-0.01164
1704.99840	-0.01180
1703.06967	-0.01168
1701.14094	-0.01062
1699.21220	-0.00979
1697.28347	-0.00981
1695.35474	-0.01039
1693.42601	-0.01107
1691.49728	-0.01114
1689.56855	-0.01003
1687.63982	-0.00730
1685.71109	-0.00363
1683.78235	-0.00201
1681.85362	-0.00359
1679.92489	-0.00505
1677.99616	-0.00443
1676.06743	-0.00243
1674.13870	-0.00071
1672.20997	0.00060
1670.28124	0.00191
1668.35250	0.00250
1666.42377	0.00238
1664.49504	0.00259
1662.56631	0.00279
1660.63758	0.00197
1658.70885	0.00114
1656.78012	0.00213
1654.85139	0.00443
1652.92266	0.00434
1650.99392	0.00128
1649.06519	-0.00095
1647.13646	-0.00123
1645.20773	-0.00214
1643.27900	-0.00434
1641.35027	-0.00592
1639.42154	-0.00566
1637.49281	-0.00457
1635.56407	-0.00509
1633.63534	-0.00794
1631.70661	-0.01084
1629.77788	-0.01233
1627.84915	-0.01306
1625.92042	-0.01391
1623.99169	-0.01528
1622.06296	-0.01722
1620.13422	-0.01855
1618.20549	-0.01881
1616.27676	-0.01973
1614.34803	-0.02216
1612.41930	-0.02463
1610.49057	-0.02612
1608.56184	-0.02716
1606.63311	-0.02828
1604.70437	-0.02938
1602.77564	-0.03035
1600.84691	-0.03112
1598.91818	-0.03154
1596.98945	-0.03158
1595.06072	-0.03146
1593.13199	-0.03125
1591.20326	-0.03085
1589.27452	-0.03024
1587.34579	-0.02959
1585.41706	-0.02910
1583.48833	-0.02884
1581.55960	-0.02850
1579.63087	-0.02734
1577.70214	-0.02553
1575.77341	-0.02466
1573.84468	-0.02517
1571.91594	-0.02520
1569.98721	-0.02413
1568.05848	-0.02339
1566.12975	-0.02319
1564.20102	-0.02213
1562.27229	-0.01892
1560.34356	-0.01396
1558.41483	-0.01161
1556.48609	-0.01369
1554.55736	-0.01614
1552.62863	-0.01706
1550.69990	-0.01694
1548.77117	-0.01655
1546.84244	-0.01560
1544.91371	-0.01365
1542.98498	-0.01096
1541.05624	-0.00879
1539.12751	-0.00945
1537.19878	-0.01236
1535.27005	-0.01384
1533.34132	-0.01355
1531.41259	-0.01362
1529.48386	-0.01406
1527.55513	-0.01415
1525.62639	-0.01415
1523.69766	-0.01399
1521.76893	-0.01419
1519.84020	-0.01570
1517.91147	-0.01747
1515.98274	-0.01889
1514.05401	-0.02039
1512.12528	-0.02139
1510.19654	-0.02088
1508.26781	-0.01937
1506.33908	-0.01948
1504.41035	-0.02243
1502.48162	-0.02533
1500.55289	-0.02605
1498.62416	-0.02498
1496.69543	-0.02435
1494.76670	-0.02476
1492.83796	-0.02489
1490.90923	-0.02428
1488.98050	-0.02409
1487.05177	-0.02479
1485.12304	-0.02561
1483.19431	-0.02603
1481.26558	-0.02605
1479.33685	-0.02570
1477.40811	-0.02468
1475.47938	-0.02286
1473.55065	-0.02102
1471.62192	-0.02051
1469.69319	-0.02141
1467.76446	-0.02197
1465.83573	-0.02185
1463.90700	-0.02226
1461.97826	-0.02268
1460.04953	-0.02170
1458.12080	-0.02048
1456.19207	-0.02146
1454.26334	-0.02389
1452.33461	-0.02581
1450.40588	-0.02632
1448.47715	-0.02636
1446.54841	-0.02709
1444.61968	-0.02838
1442.69095	-0.02958
1440.76222	-0.03046
1438.83349	-0.03123
1436.90476	-0.03252
1434.97603	-0.03463
1433.04730	-0.03707
1431.11856	-0.03945
1429.18983	-0.04234
1427.26110	-0.04617
1425.33237	-0.05067
1423.40364	-0.05559
1421.47491	-0.06096
1419.54618	-0.06743
1417.61745	-0.07524
1415.68872	-0.08278
1413.75998	-0.08983
1411.83125	-0.09719
1409.90252	-0.10499
1407.97379	-0.11255
1406.04506	-0.11960
1404.11633	-0.12585
1402.18760	-0.13007
1400.25887	-0.13140
1398.33013	-0.12993
1396.40140	-0.12568
1394.47267	-0.11935
1392.54394	-0.11294
1390.61521	-0.10797
1388.68648	-0.10560
1386.75775	-0.10591
1384.82902	-0.10415
1382.90028	-0.09512
1380.97155	-0.08070
1379.04282	-0.06701
1377.11409	-0.05692
1375.18536	-0.04936
1373.25663	-0.04337
1371.32790	-0.03868
1369.39917	-0.03483
1367.47043	-0.03154
1365.54170	-0.02882
1363.61297	-0.02660
1361.68424	-0.02479
1359.75551	-0.02312
1357.82678	-0.02153
1355.89805	-0.02017
1353.96932	-0.01913
1352.04058	-0.01822
1350.11185	-0.01735
1348.18312	-0.01666
1346.25439	-0.01626
1344.32566	-0.01608
1342.39693	-0.01604
1340.46820	-0.01620
1338.53947	-0.01636
1336.61074	-0.01620
1334.68200	-0.01568
1332.75327	-0.01508
1330.82454	-0.01483
1328.89581	-0.01520
1326.96708	-0.01563
1325.03835	-0.01584
1323.10962	-0.01573
1321.18089	-0.01529
1319.25215	-0.01478
1317.32342	-0.01425
1315.39469	-0.01339
1313.46596	-0.01209
1311.53723	-0.01064
1309.60850	-0.00922
1307.67977	-0.00779
1305.75104	-0.00618
1303.82230	-0.00427
1301.89357	-0.00240
1299.96484	-0.00125
1298.03611	-0.00081
1296.10738	-0.00046
1294.17865	-0.00003
1292.24992	0.00013
1290.32119	-0.00015
1288.39245	-0.00065
1286.46372	-0.00116
1284.53499	-0.00152
1282.60626	-0.00163
1280.67753	-0.00154
1278.74880	-0.00122
1276.82007	-0.00074
1274.89134	-0.00016
1272.96260	0.00063
1271.03387	0.00181
1269.10514	0.00345
1267.17641	0.00546
1265.24768	0.00784
1263.31895	0.01059
1261.39022	0.01363
1259.46149	0.01684
1257.53276	0.02025
1255.60402	0.02406
1253.67529	0.02835
1251.74656	0.03298
1249.81783	0.03760
1247.88910	0.04201
1245.96037	0.04614
1244.03164	0.05001
1242.10291	0.05355
1240.17417	0.05670
1238.24544	0.05954
1236.31671	0.06214
1234.38798	0.06434
1232.45925	0.06614
1230.53052	0.06777
1228.60179	0.06935
1226.67306	0.07079
1224.74432	0.07209
1222.81559	0.07341
1220.88686	0.07485
1218.95813	0.07633
1217.02940	0.07778
1215.10067	0.07924
1213.17194	0.08063
1211.24321	0.08194
1209.31447	0.08334
1207.38574	0.08488
1205.45701	0.08633
1203.52828	0.08762
1201.59955	0.08913
1199.67082	0.09137
1197.74209	0.09372
1195.81336	0.09637
1193.88462	0.09891
1191.95589	0.10075
1190.02716	0.10198
1188.09843	0.10322
1186.16970	0.10487
1184.24097	0.10669
1182.31224	0.10805
1180.38351	0.10877
1178.45478	0.10918
1176.52604	0.10958
1174.59731	0.11017
1172.66858	0.11108
1170.73985	0.11213
1168.81112	0.11319
1166.88239	0.11432
1164.95366	0.11557
1163.02493	0.11691
1161.09619	0.11812
1159.16746	0.11874
1157.23873	0.11881
1155.31000	0.11880
1153.38127	0.11897
1151.45254	0.11928
1149.52381	0.11972
1147.59508	0.12015
1145.66634	0.12056
1143.73761	0.12108
1141.80888	0.12161
1139.88015	0.12200
1137.95142	0.12224
1136.02269	0.12260
1134.09396	0.12333
1132.16523	0.12444
1130.23649	0.12580
1128.30776	0.12705
1126.37903	0.12797
1124.45030	0.12861
1122.52157	0.12921
1120.59284	0.13033
1118.66411	0.13242
1116.73538	0.13519
1114.80664	0.13796
1112.87791	0.14055
1110.94918	0.14343
1109.02045	0.14706
1107.09172	0.15137
1105.16299	0.15551
1103.23426	0.15872
1101.30553	0.16117
1099.37680	0.16348
1097.44806	0.16592
1095.51933	0.16825
1093.59060	0.17009
1091.66187	0.17124
1089.73314	0.17194
1087.80441	0.17278
1085.87568	0.17388
1083.94695	0.17489
1082.01821	0.17565
1080.08948	0.17636
1078.16075	0.17710
1076.23202	0.17800
1074.30329	0.17925
1072.37456	0.18053
1070.44583	0.18133
1068.51710	0.18191
1066.58836	0.18280
1064.65963	0.18369
1062.73090	0.18415
1060.80217	0.18434
1058.87344	0.18441
1056.94471	0.18402
1055.01598	0.18299
1053.08725	0.18175
1051.15851	0.18065
1049.22978	0.17938
1047.30105	0.17802
1045.37232	0.17711
1043.44359	0.17632
1041.51486	0.17489
1039.58613	0.17289
1037.65740	0.17086
1035.72866	0.16909
1033.79993	0.16762
1031.87120	0.16634
1029.94247	0.16492
1028.01374	0.16337
1026.08501	0.16199
1024.15628	0.16085
1022.22755	0.15973
1020.29882	0.15831
1018.37008	0.15659
1016.44135	0.15484
1014.51262	0.15313
1012.58389	0.15149
1010.65516	0.14996
1008.72643	0.14819
1006.79770	0.14589
1004.86897	0.14332
1002.94023	0.14087
1001.01150	0.13859
999.08277	0.13615
997.15404	0.13338
995.22531	0.13013
993.29658	0.12621
991.36785	0.12218
989.43912	0.11882
987.51038	0.11591
985.58165	0.11295
983.65292	0.11002
981.72419	0.10739
979.79546	0.10508
977.86673	0.10292
975.93800	0.10070
974.00927	0.09893
972.08053	0.09712
970.15180	0.09542
968.22307	0.09369
966.29434	0.09188
964.36561	0.09011
962.43688	0.08848
960.50815	0.08700
958.57942	0.08556
956.65068	0.08391
954.72195	0.08208
952.79322	0.08026
950.86449	0.07839
948.93576	0.07628
947.00703	0.07394
945.07830	0.07151
943.14957	0.06901
941.22084	0.06636
939.29210	0.06347
937.36337	0.06058
935.43464	0.05790
933.50591	0.05530
931.57718	0.05279
929.64845	0.05058
927.71972	0.04880
925.79099	0.04741
923.86225	0.04629
921.93352	0.04529
920.00479	0.04417
918.07606	0.04268
916.14733	0.04095
914.21860	0.03920
912.28987	0.03738
910.36114	0.03530
908.43240	0.03295
906.50367	0.03056
904.57494	0.02835
902.64621	0.02619
900.71748	0.02380
898.78875	0.02111
896.86002	0.01842
894.93129	0.01598
893.00255	0.01374
891.07382	0.01155
889.14509	0.00918
887.21636	0.00655
885.28763	0.00400
883.35890	0.00179
881.43017	-0.00019
879.50144	-0.00196
877.57270	-0.00360
875.64397	-0.00544
873.71524	-0.00756
871.78651	-0.00970
869.85778	-0.01161
867.92905	-0.01341
866.00032	-0.01530
864.07159	-0.01717
862.14286	-0.01890
860.21412	-0.02072
858.28539	-0.02277
856.35666	-0.02464
854.42793	-0.02602
852.49920	-0.02718
850.57047	-0.02823
848.64174	-0.02914
846.71301	-0.03005
844.78427	-0.03093
842.85554	-0.03167
840.92681	-0.03206
838.99808	-0.03189
837.06935	-0.03137
835.14062	-0.03078
833.21189	-0.03008
831.28316	-0.02935
829.35442	-0.02871
827.42569	-0.02806
825.49696	-0.02735
823.56823	-0.02640
821.63950	-0.02512
819.71077	-0.02368
817.78204	-0.02215
815.85331	-0.02066
813.92457	-0.01922
811.99584	-0.01758
810.06711	-0.01572
808.13838	-0.01366
806.20965	-0.01129
804.28092	-0.00892
802.35219	-0.00712
800.42346	-0.00636
798.49472	-0.00633
796.56599	-0.00619
794.63726	-0.00574
792.70853	-0.00555
790.77980	-0.00578
788.85107	-0.00638
786.92234	-0.00766
784.99361	-0.00935
783.06488	-0.01081
781.13614	-0.01196
779.20741	-0.01305
777.27868	-0.01417
775.34995	-0.01514
773.42122	-0.01580
771.49249	-0.01603
769.56376	-0.01605
767.63503	-0.01626
765.70629	-0.01563
763.77756	-0.01493
761.84883	-0.01421
759.92010	-0.01398
757.99137	-0.01424
756.06264	-0.01474
754.13391	-0.01526
752.20518	-0.01558
750.27644	-0.01552
748.34771	-0.01554
746.41898	-0.01620
744.49025	-0.01704
742.56152	-0.01749
740.63279	-0.01770
738.70406	-0.01769
736.77533	-0.01744
734.84659	-0.01709
732.91786	-0.01669
730.98913	-0.01630
729.06040	-0.01613
727.13167	-0.01604
725.20294	-0.01616
723.27421	-0.01843
721.34548	-0.01887
719.41674	-0.01818
717.48801	-0.01713
715.55928	-0.01618
713.63055	-0.01594
711.70182	-0.01578
709.77309	-0.01540
707.84436	-0.01524
705.91563	-0.01532
703.98690	-0.01522
702.05816	-0.01463
700.12943	-0.01400
698.20070	-0.01353
696.27197	-0.01331
694.34324	-0.01341
692.41451	-0.01387
690.48578	-0.01459
688.55705	-0.01542
686.62831	-0.01629
684.69958	-0.01723
682.77085	-0.01823
680.84212	-0.01913
678.91339	-0.01995
676.98466	-0.02055
675.05593	-0.02103
673.12720	-0.02164
671.19846	-0.02313
669.26973	-0.02503
667.34100	-0.02538
665.41227	-0.02474
663.48354	-0.02499
661.55481	-0.02583
659.62608	-0.02638
657.69735	-0.02671
655.76861	-0.02664
653.83988	-0.02595
651.91115	-0.02513
649.98242	-0.02470
648.05369	-0.02436
646.12496	-0.02367
644.19623	-0.02287
642.26750	-0.02217
640.33876	-0.02151
638.41003	-0.02097
636.48130	-0.02058
634.55257	-0.02032
632.62384	-0.02028
630.69511	-0.02102
628.76638	-0.02329
626.83765	-0.02511
624.90892	-0.02698
622.98018	-0.02891
621.05145	-0.03089
619.12272	-0.03262
617.19399	-0.03262
615.26526	-0.02989
613.33653	-0.02567
611.40780	-0.02217
609.47907	-0.02028
607.55033	-0.01909
605.62160	-0.01811
603.69287	-0.01749
601.76414	-0.01718
599.83541	-0.01691
597.90668	-0.01668
595.97795	-0.01640
594.04922	-0.01573
592.12048	-0.01494
590.19175	-0.01465
588.26302	-0.01468
586.33429	-0.01454
584.40556	-0.01422
582.47683	-0.01404
580.54810	-0.01417
578.61937	-0.01433
576.69063	-0.01467
574.76190	-0.01541
572.83317	-0.01546
570.90444	-0.01462
568.97571	-0.01573
567.04698	-0.01726
565.11825	-0.01864
563.18952	-0.02021
561.26078	-0.02237
559.33205	-0.02470
557.40332	-0.02603
555.47459	-0.02627
553.54586	-0.02633
551.61713	-0.02643
549.68840	-0.02615
547.75967	-0.02561
545.83094	-0.02537
543.90220	-0.02538
541.97347	-0.02518
540.04474	-0.02468
538.11601	-0.02419
536.18728	-0.02441
534.25855	-0.02625
532.32982	-0.02924
530.40109	-0.03175
528.47235	-0.03288
526.54362	-0.03328
524.61489	-0.03398
522.68616	-0.03557
520.75743	-0.03782
518.82870	-0.03985
516.89997	-0.04092
514.97124	-0.04093
513.04250	-0.04044
511.11377	-0.04043
509.18504	-0.04159
507.25631	-0.04327
505.32758	-0.04398
503.39885	-0.04329
501.47012	-0.04207
499.54139	-0.04082
497.61265	-0.03920
495.68392	-0.03723
493.75519	-0.03550
491.82646	-0.03432
489.89773	-0.03316
487.96900	-0.03134
486.04027	-0.02855
484.11154	-0.02515
482.18280	-0.02240
480.25407	-0.01998
478.32534	-0.01627
476.39661	-0.01223
474.46788	-0.01016
472.53915	-0.00939
470.61042	-0.00759
468.68169	-0.00522
466.75296	-0.00404
464.82422	-0.00431
462.89549	-0.00569
460.96676	-0.00837
459.03803	-0.01205
457.10930	-0.01450
455.18057	-0.01319
453.25184	-0.00952
451.32311	-0.00701
449.39437	-0.00690
447.46564	-0.00683
445.53691	-0.00426
443.60818	-0.00016
441.67945	0.00259
439.75072	0.00310
437.82199	0.00198
435.89326	0.00007
433.96452	-0.00175
432.03579	-0.00381
430.10706	-0.00630
428.17833	-0.00918
426.24960	-0.01196
424.32087	-0.01191
422.39214	-0.00797
420.46341	-0.00520
418.53467	-0.00815
416.60594	-0.01030
414.67721	-0.00562
412.74848	0.00058
410.81975	0.00259
408.89102	0.00184
406.96229	0.00121
405.03356	-0.00075
403.10482	-0.00299
401.17609	-0.00256
399.24736	0.00038
397.31863	0.00238
395.38990	0.00141
393.46117	-0.00217
391.53244	-0.00972
389.60371	-0.01698
387.67498	-0.01049
385.74624	0.01211
383.81751	0.02901
381.88878	0.02625
379.96005	0.02044
378.03132	0.02045
376.10259	0.02191
374.17386	0.03730
372.24513	0.06561
370.31639	0.05861
368.38766	0.00612
