7496.97825	0.00029
7495.04952	0.00190
7493.12079	0.00260
7491.19206	0.00507
7489.26333	0.00706
7487.33459	0.00627
7485.40586	0.00589
7483.47713	0.00776
7481.54840	0.00853
7479.61967	0.00576
7477.69094	0.00139
7475.76221	-0.00168
7473.83348	-0.00222
7471.90474	-0.00066
7469.97601	0.00182
7468.04728	0.00424
7466.11855	0.00540
7464.18982	0.00439
7462.26109	0.00339
7460.33236	0.00426
7458.40363	0.00490
7456.47489	0.00496
7454.54616	0.00655
7452.61743	0.00850
7450.68870	0.00802
7448.75997	0.00599
7446.83124	0.00499
7444.90251	0.00543
7442.97378	0.00708
7441.04504	0.00915
7439.11631	0.00969
7437.18758	0.00824
7435.25885	0.00610
7433.33012	0.00476
7431.40139	0.00564
7429.47266	0.00746
7427.54393	0.00683
7425.61520	0.00429
7423.68646	0.00310
7421.75773	0.00378
7419.82900	0.00527
7417.90027	0.00658
7415.97154	0.00812
7414.04281	0.01164
7412.11408	0.01504
7410.18535	0.01356
7408.25661	0.00807
7406.32788	0.00390
7404.39915	0.00224
7402.47042	0.00110
7400.54169	0.00090
7398.61296	0.00265
7396.68423	0.00438
7394.75550	0.00305
7392.82676	-0.00022
7390.89803	-0.00083
7388.96930	0.00286
7387.04057	0.00775
7385.11184	0.00907
7383.18311	0.00502
7381.25438	-0.00069
7379.32565	-0.00350
7377.39691	-0.00349
7375.46818	-0.00294
7373.53945	-0.00239
7371.61072	-0.00129
7369.68199	0.00073
7367.75326	0.00425
7365.82453	0.00905
7363.89580	0.01300
7361.96706	0.01343
7360.03833	0.01048
7358.10960	0.00749
7356.18087	0.00669
7354.25214	0.00703
7352.32341	0.00702
7350.39468	0.00642
7348.46595	0.00542
7346.53722	0.00490
7344.60848	0.00538
7342.67975	0.00532
7340.75102	0.00313
7338.82229	-0.00002
7336.89356	-0.00093
7334.96483	0.00241
7333.03610	0.00757
7331.10737	0.00920
7329.17863	0.00660
7327.24990	0.00454
7325.32117	0.00421
7323.39244	0.00291
7321.46371	0.00120
7319.53498	0.00156
7317.60625	0.00332
7315.67752	0.00394
7313.74878	0.00287
7311.82005	0.00246
7309.89132	0.00379
7307.96259	0.00527
7306.03386	0.00623
7304.10513	0.00696
7302.17640	0.00671
7300.24767	0.00567
7298.31893	0.00568
7296.39020	0.00719
7294.46147	0.00907
7292.53274	0.01037
7290.60401	0.00983
7288.67528	0.00754
7286.74655	0.00596
7284.81782	0.00557
7282.88908	0.00478
7280.96035	0.00362
7279.03162	0.00311
7277.10289	0.00252
7275.17416	0.00108
7273.24543	0.00055
7271.31670	0.00205
7269.38797	0.00397
7267.45924	0.00496
7265.53050	0.00539
7263.60177	0.00628
7261.67304	0.00812
7259.74431	0.01048
7257.81558	0.01143
7255.88685	0.00925
7253.95812	0.00506
7252.02939	0.00154
7250.10065	0.00054
7248.17192	0.00176
7246.24319	0.00336
7244.31446	0.00456
7242.38573	0.00594
7240.45700	0.00722
7238.52827	0.00784
7236.59954	0.00834
7234.67080	0.00807
7232.74207	0.00531
7230.81334	0.00259
7228.88461	0.00397
7226.95588	0.00725
7225.02715	0.00836
7223.09842	0.00791
7221.16969	0.00810
7219.24095	0.00835
7217.31222	0.00764
7215.38349	0.00698
7213.45476	0.00723
7211.52603	0.00823
7209.59730	0.00919
7207.66857	0.00861
7205.73984	0.00650
7203.81110	0.00545
7201.88237	0.00651
7199.95364	0.00795
7198.02491	0.00866
7196.09618	0.00841
7194.16745	0.00721
7192.23872	0.00647
7190.30999	0.00724
7188.38126	0.00884
7186.45252	0.01053
7184.52379	0.01105
7182.59506	0.00852
7180.66633	0.00403
7178.73760	0.00212
7176.80887	0.00454
7174.88014	0.00825
7172.95141	0.01040
7171.02267	0.01150
7169.09394	0.01190
7167.16521	0.00992
7165.23648	0.00581
7163.30775	0.00256
7161.37902	0.00244
7159.45029	0.00469
7157.52156	0.00674
7155.59282	0.00786
7153.66409	0.00841
7151.73536	0.00737
7149.80663	0.00604
7147.87790	0.00727
7145.94917	0.00945
7144.02044	0.00956
7142.09171	0.00786
7140.16297	0.00602
7138.23424	0.00506
7136.30551	0.00516
7134.37678	0.00705
7132.44805	0.01064
7130.51932	0.01285
7128.59059	0.01211
7126.66186	0.01105
7124.73312	0.01189
7122.80439	0.01279
7120.87566	0.01107
7118.94693	0.00807
7117.01820	0.00696
7115.08947	0.00752
7113.16074	0.00775
7111.23201	0.00761
7109.30328	0.00713
7107.37454	0.00568
7105.44581	0.00489
7103.51708	0.00742
7101.58835	0.01174
7099.65962	0.01295
7097.73089	0.00950
7095.80216	0.00581
7093.87343	0.00577
7091.94469	0.00740
7090.01596	0.00734
7088.08723	0.00570
7086.15850	0.00439
7084.22977	0.00519
7082.30104	0.00882
7080.37231	0.01355
7078.44358	0.01633
7076.51484	0.01536
7074.58611	0.01109
7072.65738	0.00632
7070.72865	0.00418
7068.79992	0.00451
7066.87119	0.00541
7064.94246	0.00666
7063.01373	0.00819
7061.08499	0.00888
7059.15626	0.00846
7057.22753	0.00842
7055.29880	0.00992
7053.37007	0.01129
7051.44134	0.01107
7049.51261	0.01044
7047.58388	0.01085
7045.65514	0.01173
7043.72641	0.01056
7041.79768	0.00681
7039.86895	0.00411
7037.94022	0.00489
7036.01149	0.00703
7034.08276	0.00805
7032.15403	0.00788
7030.22530	0.00728
7028.29656	0.00652
7026.36783	0.00577
7024.43910	0.00577
7022.51037	0.00758
7020.58164	0.01016
7018.65291	0.01060
7016.72418	0.00945
7014.79545	0.00976
7012.86671	0.01062
7010.93798	0.01087
7009.00925	0.01144
7007.08052	0.01068
7005.15179	0.00877
7003.22306	0.00931
7001.29433	0.01188
6999.36560	0.01326
6997.43686	0.01302
6995.50813	0.01254
6993.57940	0.01189
6991.65067	0.01075
6989.72194	0.00958
6987.79321	0.00837
6985.86448	0.00779
6983.93575	0.00873
6982.00701	0.00935
6980.07828	0.00860
6978.14955	0.00867
6976.22082	0.01033
6974.29209	0.01148
6972.36336	0.01040
6970.43463	0.00813
6968.50590	0.00685
6966.57716	0.00722
6964.64843	0.00856
6962.71970	0.00895
6960.79097	0.00781
6958.86224	0.00739
6956.93351	0.00797
6955.00478	0.00756
6953.07605	0.00654
6951.14732	0.00618
6949.21858	0.00626
6947.28985	0.00584
6945.36112	0.00469
6943.43239	0.00414
6941.50366	0.00467
6939.57493	0.00495
6937.64620	0.00510
6935.71747	0.00607
6933.78873	0.00645
6931.86000	0.00542
6929.93127	0.00505
6928.00254	0.00634
6926.07381	0.00762
6924.14508	0.00765
6922.21635	0.00768
6920.28762	0.00930
6918.35888	0.01100
6916.43015	0.01082
6914.50142	0.00979
6912.57269	0.00854
6910.64396	0.00669
6908.71523	0.00579
6906.78650	0.00681
6904.85777	0.00796
6902.92903	0.00755
6901.00030	0.00586
6899.07157	0.00424
6897.14284	0.00431
6895.21411	0.00687
6893.28538	0.01035
6891.35665	0.01199
6889.42792	0.01103
6887.49918	0.00868
6885.57045	0.00654
6883.64172	0.00611
6881.71299	0.00712
6879.78426	0.00800
6877.85553	0.00836
6875.92680	0.00816
6873.99807	0.00766
6872.06934	0.00807
6870.14060	0.00885
6868.21187	0.00842
6866.28314	0.00826
6864.35441	0.00982
6862.42568	0.01120
6860.49695	0.01105
6858.56822	0.01045
6856.63949	0.00986
6854.71075	0.00873
6852.78202	0.00780
6850.85329	0.00782
6848.92456	0.00731
6846.99583	0.00672
6845.06710	0.00697
6843.13837	0.00884
6841.20964	0.01050
6839.28090	0.01007
6837.35217	0.00881
6835.42344	0.00922
6833.49471	0.01032
6831.56598	0.00942
6829.63725	0.00770
6827.70852	0.00809
6825.77979	0.00979
6823.85105	0.01055
6821.92232	0.01062
6819.99359	0.01097
6818.06486	0.01099
6816.13613	0.01014
6814.20740	0.00886
6812.27867	0.00788
6810.34994	0.00863
6808.42120	0.00990
6806.49247	0.00892
6804.56374	0.00742
6802.63501	0.00720
6800.70628	0.00711
6798.77755	0.00710
6796.84882	0.00686
6794.92009	0.00572
6792.99136	0.00527
6791.06262	0.00652
6789.13389	0.00742
6787.20516	0.00689
6785.27643	0.00618
6783.34770	0.00608
6781.41897	0.00684
6779.49024	0.00804
6777.56151	0.00875
6775.63277	0.00854
6773.70404	0.00831
6771.77531	0.00951
6769.84658	0.01089
6767.91785	0.01038
6765.98912	0.00871
6764.06039	0.00745
6762.13166	0.00713
6760.20292	0.00778
6758.27419	0.00860
6756.34546	0.00831
6754.41673	0.00794
6752.48800	0.00868
6750.55927	0.00895
6748.63054	0.00791
6746.70181	0.00639
6744.77307	0.00568
6742.84434	0.00652
6740.91561	0.00814
6738.98688	0.00952
6737.05815	0.00960
6735.12942	0.00892
6733.20069	0.00888
6731.27196	0.00850
6729.34322	0.00702
6727.41449	0.00518
6725.48576	0.00432
6723.55703	0.00614
6721.62830	0.00909
6719.69957	0.00976
6717.77084	0.00905
6715.84211	0.00899
6713.91338	0.00862
6711.98464	0.00803
6710.05591	0.00842
6708.12718	0.00893
6706.19845	0.00898
6704.26972	0.00894
6702.34099	0.00829
6700.41226	0.00773
6698.48353	0.00823
6696.55479	0.00824
6694.62606	0.00764
6692.69733	0.00797
6690.76860	0.00813
6688.83987	0.00757
6686.91114	0.00742
6684.98241	0.00702
6683.05368	0.00610
6681.12494	0.00633
6679.19621	0.00763
6677.26748	0.00807
6675.33875	0.00682
6673.41002	0.00597
6671.48129	0.00780
6669.55256	0.01018
6667.62383	0.00993
6665.69509	0.00787
6663.76636	0.00694
6661.83763	0.00835
6659.90890	0.00986
6657.98017	0.00964
6656.05144	0.00880
6654.12271	0.00776
6652.19398	0.00655
6650.26524	0.00565
6648.33651	0.00475
6646.40778	0.00473
6644.47905	0.00675
6642.55032	0.00884
6640.62159	0.00822
6638.69286	0.00591
6636.76413	0.00535
6634.83540	0.00758
6632.90666	0.01025
6630.97793	0.01173
6629.04920	0.01242
6627.12047	0.01184
6625.19174	0.00988
6623.26301	0.00823
6621.33428	0.00794
6619.40555	0.00831
6617.47681	0.00832
6615.54808	0.00745
6613.61935	0.00590
6611.69062	0.00438
6609.76189	0.00387
6607.83316	0.00467
6605.90443	0.00606
6603.97570	0.00713
6602.04696	0.00721
6600.11823	0.00694
6598.18950	0.00745
6596.26077	0.00732
6594.33204	0.00578
6592.40331	0.00525
6590.47458	0.00695
6588.54585	0.00838
6586.61711	0.00692
6584.68838	0.00412
6582.75965	0.00322
6580.83092	0.00524
6578.90219	0.00844
6576.97346	0.00970
6575.04473	0.00875
6573.11600	0.00752
6571.18726	0.00716
6569.25853	0.00808
6567.32980	0.00870
6565.40107	0.00751
6563.47234	0.00601
6561.54361	0.00555
6559.61488	0.00539
6557.68615	0.00486
6555.75742	0.00474
6553.82868	0.00558
6551.89995	0.00609
6549.97122	0.00572
6548.04249	0.00612
6546.11376	0.00685
6544.18503	0.00637
6542.25630	0.00591
6540.32757	0.00632
6538.39883	0.00641
6536.47010	0.00561
6534.54137	0.00502
6532.61264	0.00582
6530.68391	0.00661
6528.75518	0.00603
6526.82645	0.00571
6524.89772	0.00655
6522.96898	0.00715
6521.04025	0.00712
6519.11152	0.00693
6517.18279	0.00659
6515.25406	0.00632
6513.32533	0.00564
6511.39660	0.00456
6509.46787	0.00434
6507.53913	0.00528
6505.61040	0.00682
6503.68167	0.00852
6501.75294	0.00962
6499.82421	0.00910
6497.89548	0.00727
6495.96675	0.00574
6494.03802	0.00500
6492.10928	0.00439
6490.18055	0.00410
6488.25182	0.00518
6486.32309	0.00704
6484.39436	0.00760
6482.46563	0.00627
6480.53690	0.00498
6478.60817	0.00537
6476.67944	0.00624
6474.75070	0.00633
6472.82197	0.00674
6470.89324	0.00761
6468.96451	0.00718
6467.03578	0.00563
6465.10705	0.00493
6463.17832	0.00533
6461.24959	0.00597
6459.32085	0.00667
6457.39212	0.00718
6455.46339	0.00731
6453.53466	0.00699
6451.60593	0.00578
6449.67720	0.00443
6447.74847	0.00513
6445.81974	0.00739
6443.89100	0.00813
6441.96227	0.00685
6440.03354	0.00565
6438.10481	0.00563
6436.17608	0.00558
6434.24735	0.00486
6432.31862	0.00496
6430.38989	0.00595
6428.46115	0.00634
6426.53242	0.00592
6424.60369	0.00508
6422.67496	0.00425
6420.74623	0.00413
6418.81750	0.00472
6416.88877	0.00470
6414.96004	0.00382
6413.03130	0.00406
6411.10257	0.00595
6409.17384	0.00753
6407.24511	0.00788
6405.31638	0.00750
6403.38765	0.00727
6401.45892	0.00736
6399.53019	0.00715
6397.60146	0.00688
6395.67272	0.00687
6393.74399	0.00661
6391.81526	0.00607
6389.88653	0.00528
6387.95780	0.00419
6386.02907	0.00306
6384.10034	0.00218
6382.17161	0.00207
6380.24287	0.00300
6378.31414	0.00412
6376.38541	0.00455
6374.45668	0.00424
6372.52795	0.00400
6370.59922	0.00450
6368.67049	0.00536
6366.74176	0.00555
6364.81302	0.00469
6362.88429	0.00425
6360.95556	0.00526
6359.02683	0.00565
6357.09810	0.00434
6355.16937	0.00363
6353.24064	0.00412
6351.31191	0.00455
6349.38317	0.00498
6347.45444	0.00541
6345.52571	0.00486
6343.59698	0.00321
6341.66825	0.00200
6339.73952	0.00235
6337.81079	0.00359
6335.88206	0.00448
6333.95332	0.00448
6332.02459	0.00398
6330.09586	0.00435
6328.16713	0.00566
6326.23840	0.00575
6324.30967	0.00488
6322.38094	0.00532
6320.45221	0.00617
6318.52348	0.00602
6316.59474	0.00569
6314.66601	0.00576
6312.73728	0.00593
6310.80855	0.00583
6308.87982	0.00596
6306.95109	0.00613
6305.02236	0.00519
6303.09363	0.00396
6301.16489	0.00404
6299.23616	0.00503
6297.30743	0.00580
6295.37870	0.00631
6293.44997	0.00711
6291.52124	0.00769
6289.59251	0.00669
6287.66378	0.00475
6285.73504	0.00394
6283.80631	0.00438
6281.87758	0.00493
6279.94885	0.00493
6278.02012	0.00452
6276.09139	0.00469
6274.16266	0.00514
6272.23393	0.00447
6270.30519	0.00352
6268.37646	0.00383
6266.44773	0.00485
6264.51900	0.00595
6262.59027	0.00714
6260.66154	0.00758
6258.73281	0.00712
6256.80408	0.00674
6254.87534	0.00655
6252.94661	0.00607
6251.01788	0.00550
6249.08915	0.00532
6247.16042	0.00543
6245.23169	0.00527
6243.30296	0.00493
6241.37423	0.00503
6239.44550	0.00549
6237.51676	0.00551
6235.58803	0.00521
6233.65930	0.00550
6231.73057	0.00642
6229.80184	0.00689
6227.87311	0.00604
6225.94438	0.00503
6224.01565	0.00533
6222.08691	0.00571
6220.15818	0.00486
6218.22945	0.00402
6216.30072	0.00415
6214.37199	0.00444
6212.44326	0.00429
6210.51453	0.00390
6208.58580	0.00387
6206.65706	0.00489
6204.72833	0.00615
6202.79960	0.00592
6200.87087	0.00441
6198.94214	0.00365
6197.01341	0.00456
6195.08468	0.00588
6193.15595	0.00667
6191.22721	0.00757
6189.29848	0.00844
6187.36975	0.00784
6185.44102	0.00611
6183.51229	0.00529
6181.58356	0.00595
6179.65483	0.00645
6177.72610	0.00577
6175.79736	0.00482
6173.86863	0.00453
6171.93990	0.00465
6170.01117	0.00484
6168.08244	0.00532
6166.15371	0.00610
6164.22498	0.00653
6162.29625	0.00649
6160.36752	0.00641
6158.43878	0.00623
6156.51005	0.00612
6154.58132	0.00619
6152.65259	0.00594
6150.72386	0.00560
6148.79513	0.00555
6146.86640	0.00526
6144.93767	0.00436
6143.00893	0.00383
6141.08020	0.00482
6139.15147	0.00660
6137.22274	0.00742
6135.29401	0.00730
6133.36528	0.00720
6131.43655	0.00709
6129.50782	0.00686
6127.57908	0.00652
6125.65035	0.00575
6123.72162	0.00509
6121.79289	0.00526
6119.86416	0.00574
6117.93543	0.00590
6116.00670	0.00597
6114.07797	0.00625
6112.14923	0.00649
6110.22050	0.00633
6108.29177	0.00597
6106.36304	0.00628
6104.43431	0.00734
6102.50558	0.00834
6100.57685	0.00892
6098.64812	0.00853
6096.71938	0.00706
6094.79065	0.00589
6092.86192	0.00557
6090.93319	0.00547
6089.00446	0.00540
6087.07573	0.00555
6085.14700	0.00596
6083.21827	0.00631
6081.28954	0.00644
6079.36080	0.00644
6077.43207	0.00646
6075.50334	0.00694
6073.57461	0.00743
6071.64588	0.00699
6069.71715	0.00611
6067.78842	0.00563
6065.85969	0.00533
6063.93095	0.00502
6062.00222	0.00507
6060.07349	0.00530
6058.14476	0.00559
6056.21603	0.00646
6054.28730	0.00741
6052.35857	0.00750
6050.42984	0.00696
6048.50110	0.00661
6046.57237	0.00683
6044.64364	0.00724
6042.71491	0.00747
6040.78618	0.00778
6038.85745	0.00791
6036.92872	0.00730
6034.99999	0.00630
6033.07125	0.00551
6031.14252	0.00558
6029.21379	0.00650
6027.28506	0.00700
6025.35633	0.00626
6023.42760	0.00524
6021.49887	0.00511
6019.57014	0.00550
6017.64140	0.00581
6015.71267	0.00619
6013.78394	0.00628
6011.85521	0.00569
6009.92648	0.00504
6007.99775	0.00505
6006.06902	0.00554
6004.14029	0.00616
6002.21156	0.00687
6000.28282	0.00686
5998.35409	0.00585
5996.42536	0.00533
5994.49663	0.00597
5992.56790	0.00658
5990.63917	0.00650
5988.71044	0.00629
5986.78171	0.00637
5984.85297	0.00658
5982.92424	0.00644
5980.99551	0.00610
5979.06678	0.00599
5977.13805	0.00564
5975.20932	0.00446
5973.28059	0.00313
5971.35186	0.00291
5969.42312	0.00382
5967.49439	0.00480
5965.56566	0.00543
5963.63693	0.00587
5961.70820	0.00623
5959.77947	0.00646
5957.85074	0.00665
5955.92201	0.00705
5953.99327	0.00725
5952.06454	0.00681
5950.13581	0.00626
5948.20708	0.00607
5946.27835	0.00608
5944.34962	0.00609
5942.42089	0.00632
5940.49216	0.00660
5938.56342	0.00644
5936.63469	0.00625
5934.70596	0.00644
5932.77723	0.00667
5930.84850	0.00690
5928.91977	0.00692
5926.99104	0.00623
5925.06231	0.00511
5923.13358	0.00436
5921.20484	0.00426
5919.27611	0.00450
5917.34738	0.00496
5915.41865	0.00531
5913.48992	0.00508
5911.56119	0.00456
5909.63246	0.00418
5907.70373	0.00397
5905.77499	0.00417
5903.84626	0.00519
5901.91753	0.00670
5899.98880	0.00734
5898.06007	0.00624
5896.13134	0.00463
5894.20261	0.00426
5892.27388	0.00491
5890.34514	0.00556
5888.41641	0.00606
5886.48768	0.00660
5884.55895	0.00710
5882.63022	0.00739
5880.70149	0.00743
5878.77276	0.00737
5876.84403	0.00717
5874.91529	0.00661
5872.98656	0.00603
5871.05783	0.00594
5869.12910	0.00639
5867.20037	0.00682
5865.27164	0.00663
5863.34291	0.00623
5861.41418	0.00632
5859.48544	0.00655
5857.55671	0.00627
5855.62798	0.00570
5853.69925	0.00535
5851.77052	0.00509
5849.84179	0.00489
5847.91306	0.00510
5845.98433	0.00552
5844.05560	0.00588
5842.12686	0.00621
5840.19813	0.00632
5838.26940	0.00600
5836.34067	0.00532
5834.41194	0.00460
5832.48321	0.00421
5830.55448	0.00431
5828.62575	0.00460
5826.69701	0.00488
5824.76828	0.00500
5822.83955	0.00487
5820.91082	0.00483
5818.98209	0.00482
5817.05336	0.00477
5815.12463	0.00532
5813.19590	0.00624
5811.26716	0.00640
5809.33843	0.00582
5807.40970	0.00541
5805.48097	0.00523
5803.55224	0.00495
5801.62351	0.00480
5799.69478	0.00464
5797.76605	0.00426
5795.83731	0.00435
5793.90858	0.00508
5791.97985	0.00552
5790.05112	0.00531
5788.12239	0.00502
5786.19366	0.00502
5784.26493	0.00497
5782.33620	0.00470
5780.40746	0.00470
5778.47873	0.00481
5776.55000	0.00452
5774.62127	0.00412
5772.69254	0.00419
5770.76381	0.00491
5768.83508	0.00593
5766.90635	0.00651
5764.97762	0.00629
5763.04888	0.00571
5761.12015	0.00535
5759.19142	0.00524
5757.26269	0.00507
5755.33396	0.00478
5753.40523	0.00460
5751.47650	0.00455
5749.54777	0.00462
5747.61903	0.00507
5745.69030	0.00594
5743.76157	0.00657
5741.83284	0.00615
5739.90411	0.00507
5737.97538	0.00436
5736.04665	0.00427
5734.11792	0.00451
5732.18918	0.00452
5730.26045	0.00431
5728.33172	0.00457
5726.40299	0.00492
5724.47426	0.00453
5722.54553	0.00406
5720.61680	0.00417
5718.68807	0.00446
5716.75933	0.00463
5714.83060	0.00464
5712.90187	0.00465
5710.97314	0.00485
5709.04441	0.00515
5707.11568	0.00538
5705.18695	0.00563
5703.25822	0.00582
5701.32948	0.00571
5699.40075	0.00536
5697.47202	0.00490
5695.54329	0.00440
5693.61456	0.00424
5691.68583	0.00472
5689.75710	0.00552
5687.82837	0.00627
5685.89964	0.00655
5683.97090	0.00614
5682.04217	0.00570
5680.11344	0.00541
5678.18471	0.00476
5676.25598	0.00434
5674.32725	0.00472
5672.39852	0.00520
5670.46979	0.00518
5668.54105	0.00503
5666.61232	0.00499
5664.68359	0.00494
5662.75486	0.00481
5660.82613	0.00480
5658.89740	0.00504
5656.96867	0.00535
5655.03994	0.00538
5653.11120	0.00515
5651.18247	0.00514
5649.25374	0.00538
5647.32501	0.00536
5645.39628	0.00525
5643.46755	0.00523
5641.53882	0.00523
5639.61009	0.00537
5637.68135	0.00550
5635.75262	0.00539
5633.82389	0.00514
5631.89516	0.00494
5629.96643	0.00471
5628.03770	0.00458
5626.10897	0.00511
5624.18024	0.00593
5622.25150	0.00603
5620.32277	0.00556
5618.39404	0.00556
5616.46531	0.00601
5614.53658	0.00609
5612.60785	0.00570
5610.67912	0.00506
5608.75039	0.00465
5606.82166	0.00472
5604.89292	0.00486
5602.96419	0.00493
5601.03546	0.00492
5599.10673	0.00452
5597.17800	0.00443
5595.24927	0.00446
5593.32054	0.00478
5591.39181	0.00546
5589.46307	0.00616
5587.53434	0.00652
5585.60561	0.00643
5583.67688	0.00623
5581.74815	0.00601
5579.81942	0.00581
5577.89069	0.00558
5575.96196	0.00506
5574.03322	0.00434
5572.10449	0.00416
5570.17576	0.00464
5568.24703	0.00485
5566.31830	0.00441
5564.38957	0.00406
5562.46084	0.00432
5560.53211	0.00481
5558.60337	0.00507
5556.67464	0.00497
5554.74591	0.00470
5552.81718	0.00460
5550.88845	0.00468
5548.95972	0.00458
5547.03099	0.00428
5545.10226	0.00410
5543.17352	0.00425
5541.24479	0.00450
5539.31606	0.00440
5537.38733	0.00397
5535.45860	0.00393
5533.52987	0.00450
5531.60114	0.00492
5529.67241	0.00476
5527.74368	0.00441
5525.81494	0.00406
5523.88621	0.00380
5521.95748	0.00388
5520.02875	0.00408
5518.10002	0.00400
5516.17129	0.00387
5514.24256	0.00406
5512.31383	0.00430
5510.38509	0.00418
5508.45636	0.00377
5506.52763	0.00338
5504.59890	0.00324
5502.67017	0.00351
5500.74144	0.00408
5498.81271	0.00454
5496.88398	0.00447
5494.95524	0.00368
5493.02651	0.00236
5491.09778	0.00137
5489.16905	0.00142
5487.24032	0.00214
5485.31159	0.00296
5483.38286	0.00363
5481.45413	0.00401
5479.52539	0.00385
5477.59666	0.00291
5475.66793	0.00188
5473.73920	0.00197
5471.81047	0.00281
5469.88174	0.00292
5467.95301	0.00245
5466.02428	0.00233
5464.09554	0.00228
5462.16681	0.00169
5460.23808	0.00111
5458.30935	0.00135
5456.38062	0.00212
5454.45189	0.00279
5452.52316	0.00297
5450.59443	0.00239
5448.66570	0.00113
5446.73696	-0.00023
5444.80823	-0.00104
5442.87950	-0.00120
5440.95077	-0.00079
5439.02204	0.00022
5437.09331	0.00097
5435.16458	0.00097
5433.23585	0.00085
5431.30711	0.00053
5429.37838	-0.00011
5427.44965	0.00018
5425.52092	0.00164
5423.59219	0.00302
5421.66346	0.00381
5419.73473	0.00414
5417.80600	0.00348
5415.87726	0.00131
5413.94853	-0.00130
5412.01980	-0.00246
5410.09107	-0.00170
5408.16234	-0.00003
5406.23361	0.00135
5404.30488	0.00194
5402.37615	0.00232
5400.44741	0.00279
5398.51868	0.00273
5396.58995	0.00168
5394.66122	0.00038
5392.73249	0.00024
5390.80376	0.00120
5388.87503	0.00172
5386.94630	0.00114
5385.01756	0.00067
5383.08883	0.00136
5381.16010	0.00228
5379.23137	0.00184
5377.30264	0.00032
5375.37391	-0.00038
5373.44518	0.00054
5371.51645	0.00185
5369.58772	0.00225
5367.65898	0.00168
5365.73025	0.00090
5363.80152	0.00073
5361.87279	0.00142
5359.94406	0.00227
5358.01533	0.00209
5356.08660	0.00030
5354.15787	-0.00198
5352.22913	-0.00257
5350.30040	-0.00149
5348.37167	-0.00109
5346.44294	-0.00226
5344.51421	-0.00317
5342.58548	-0.00258
5340.65675	-0.00198
5338.72802	-0.00217
5336.79928	-0.00173
5334.87055	-0.00038
5332.94182	0.00062
5331.01309	0.00078
5329.08436	0.00036
5327.15563	0.00017
5325.22690	0.00092
5323.29817	0.00209
5321.36943	0.00276
5319.44070	0.00277
5317.51197	0.00238
5315.58324	0.00210
5313.65451	0.00230
5311.72578	0.00255
5309.79705	0.00218
5307.86832	0.00146
5305.93958	0.00139
5304.01085	0.00192
5302.08212	0.00213
5300.15339	0.00184
5298.22466	0.00170
5296.29593	0.00201
5294.36720	0.00234
5292.43847	0.00199
5290.50974	0.00125
5288.58100	0.00109
5286.65227	0.00143
5284.72354	0.00150
5282.79481	0.00136
5280.86608	0.00143
5278.93735	0.00184
5277.00862	0.00242
5275.07989	0.00287
5273.15115	0.00297
5271.22242	0.00261
5269.29369	0.00190
5267.36496	0.00099
5265.43623	-0.00030
5263.50750	-0.00159
5261.57877	-0.00154
5259.65004	-0.00010
5257.72130	0.00098
5255.79257	0.00074
5253.86384	0.00030
5251.93511	0.00032
5250.00638	-0.00024
5248.07765	-0.00128
5246.14892	-0.00152
5244.22019	-0.00075
5242.29145	0.00051
5240.36272	0.00165
5238.43399	0.00192
5236.50526	0.00140
5234.57653	0.00084
5232.64780	0.00058
5230.71907	0.00030
5228.79034	-0.00044
5226.86160	-0.00151
5224.93287	-0.00207
5223.00414	-0.00157
5221.07541	-0.00081
5219.14668	-0.00053
5217.21795	-0.00036
5215.28922	0.00005
5213.36049	0.00045
5211.43176	0.00026
5209.50302	-0.00105
5207.57429	-0.00287
5205.64556	-0.00328
5203.71683	-0.00176
5201.78810	-0.00039
5199.85937	-0.00044
5197.93064	-0.00111
5196.00191	-0.00127
5194.07317	-0.00085
5192.14444	-0.00045
5190.21571	-0.00056
5188.28698	-0.00117
5186.35825	-0.00181
5184.42952	-0.00188
5182.50079	-0.00129
5180.57206	-0.00047
5178.64332	0.00011
5176.71459	0.00020
5174.78586	-0.00008
5172.85713	-0.00040
5170.92840	-0.00051
5168.99967	-0.00045
5167.07094	-0.00049
5165.14221	-0.00084
5163.21347	-0.00122
5161.28474	-0.00120
5159.35601	-0.00084
5157.42728	-0.00052
5155.49855	-0.00030
5153.56982	-0.00003
5151.64109	0.00018
5149.71236	0.00015
5147.78362	-0.00004
5145.85489	-0.00020
5143.92616	-0.00035
5141.99743	-0.00047
5140.06870	-0.00037
5138.13997	-0.00012
5136.21124	0.00013
5134.28251	0.00041
5132.35378	0.00064
5130.42504	0.00068
5128.49631	0.00061
5126.56758	0.00062
5124.63885	0.00070
5122.71012	0.00072
5120.78139	0.00070
5118.85266	0.00070
5116.92393	0.00053
5114.99519	0.00027
5113.06646	0.00028
5111.13773	0.00051
5109.20900	0.00070
5107.28027	0.00091
5105.35154	0.00104
5103.42281	0.00092
5101.49408	0.00075
5099.56534	0.00069
5097.63661	0.00076
5095.70788	0.00080
5093.77915	0.00062
5091.85042	0.00035
5089.92169	0.00039
5087.99296	0.00076
5086.06423	0.00108
5084.13549	0.00127
5082.20676	0.00142
5080.27803	0.00154
5078.34930	0.00163
5076.42057	0.00172
5074.49184	0.00181
5072.56311	0.00186
5070.63438	0.00170
5068.70564	0.00127
5066.77691	0.00090
5064.84818	0.00093
5062.91945	0.00130
5060.99072	0.00170
5059.06199	0.00190
5057.13326	0.00185
5055.20453	0.00176
5053.27580	0.00168
5051.34706	0.00159
5049.41833	0.00154
5047.48960	0.00150
5045.56087	0.00147
5043.63214	0.00157
5041.70341	0.00179
5039.77468	0.00185
5037.84595	0.00179
5035.91721	0.00180
5033.98848	0.00175
5032.05975	0.00160
5030.13102	0.00157
5028.20229	0.00159
5026.27356	0.00161
5024.34483	0.00168
5022.41610	0.00181
5020.48736	0.00201
5018.55863	0.00229
5016.62990	0.00251
5014.70117	0.00254
5012.77244	0.00242
5010.84371	0.00229
5008.91498	0.00226
5006.98625	0.00241
5005.05751	0.00257
5003.12878	0.00253
5001.20005	0.00247
4999.27132	0.00241
4997.34259	0.00225
4995.41386	0.00180
4993.48513	0.00135
4991.55640	0.00134
4989.62766	0.00176
4987.69893	0.00226
4985.77020	0.00269
4983.84147	0.00284
4981.91274	0.00263
4979.98401	0.00249
4978.05528	0.00261
4976.12655	0.00273
4974.19782	0.00270
4972.26908	0.00261
4970.34035	0.00263
4968.41162	0.00276
4966.48289	0.00278
4964.55416	0.00264
4962.62543	0.00254
4960.69670	0.00262
4958.76797	0.00271
4956.83923	0.00260
4954.91050	0.00246
4952.98177	0.00241
4951.05304	0.00226
4949.12431	0.00219
4947.19558	0.00244
4945.26685	0.00272
4943.33812	0.00275
4941.40938	0.00259
4939.48065	0.00243
4937.55192	0.00246
4935.62319	0.00252
4933.69446	0.00247
4931.76573	0.00246
4929.83700	0.00246
4927.90827	0.00230
4925.97953	0.00206
4924.05080	0.00198
4922.12207	0.00212
4920.19334	0.00229
4918.26461	0.00240
4916.33588	0.00264
4914.40715	0.00294
4912.47842	0.00295
4910.54968	0.00275
4908.62095	0.00278
4906.69222	0.00300
4904.76349	0.00301
4902.83476	0.00278
4900.90603	0.00264
4898.97730	0.00277
4897.04857	0.00315
4895.11984	0.00351
4893.19110	0.00354
4891.26237	0.00324
4889.33364	0.00297
4887.40491	0.00281
4885.47618	0.00265
4883.54745	0.00262
4881.61872	0.00261
4879.68999	0.00255
4877.76125	0.00272
4875.83252	0.00295
4873.90379	0.00280
4871.97506	0.00241
4870.04633	0.00216
4868.11760	0.00216
4866.18887	0.00241
4864.26014	0.00264
4862.33140	0.00258
4860.40267	0.00228
4858.47394	0.00201
4856.54521	0.00198
4854.61648	0.00208
4852.68775	0.00204
4850.75902	0.00187
4848.83029	0.00180
4846.90155	0.00186
4844.97282	0.00191
4843.04409	0.00192
4841.11536	0.00189
4839.18663	0.00181
4837.25790	0.00184
4835.32917	0.00208
4833.40044	0.00233
4831.47170	0.00226
4829.54297	0.00194
4827.61424	0.00181
4825.68551	0.00189
4823.75678	0.00178
4821.82805	0.00158
4819.89932	0.00179
4817.97059	0.00220
4816.04186	0.00225
4814.11312	0.00202
4812.18439	0.00187
4810.25566	0.00185
4808.32693	0.00185
4806.39820	0.00173
4804.46947	0.00148
4802.54074	0.00135
4800.61201	0.00155
4798.68327	0.00182
4796.75454	0.00183
4794.82581	0.00171
4792.89708	0.00177
4790.96835	0.00187
4789.03962	0.00169
4787.11089	0.00123
4785.18216	0.00091
4783.25342	0.00106
4781.32469	0.00136
4779.39596	0.00142
4777.46723	0.00122
4775.53850	0.00091
4773.60977	0.00079
4771.68104	0.00108
4769.75231	0.00149
4767.82357	0.00168
4765.89484	0.00157
4763.96611	0.00131
4762.03738	0.00110
4760.10865	0.00092
4758.17992	0.00070
4756.25119	0.00048
4754.32246	0.00025
4752.39372	0.00019
4750.46499	0.00048
4748.53626	0.00080
4746.60753	0.00077
4744.67880	0.00059
4742.75007	0.00063
4740.82134	0.00080
4738.89261	0.00087
4736.96388	0.00091
4735.03514	0.00088
4733.10641	0.00060
4731.17768	0.00031
4729.24895	0.00021
4727.32022	0.00030
4725.39149	0.00048
4723.46276	0.00057
4721.53403	0.00053
4719.60529	0.00061
4717.67656	0.00073
4715.74783	0.00062
4713.81910	0.00032
4711.89037	0.00007
4709.96164	0.00008
4708.03291	0.00028
4706.10418	0.00039
4704.17544	0.00039
4702.24671	0.00048
4700.31798	0.00062
4698.38925	0.00064
4696.46052	0.00053
4694.53179	0.00035
4692.60306	0.00029
4690.67433	0.00060
4688.74559	0.00105
4686.81686	0.00117
4684.88813	0.00096
4682.95940	0.00074
4681.03067	0.00063
4679.10194	0.00061
4677.17321	0.00071
4675.24448	0.00086
4673.31574	0.00091
4671.38701	0.00095
4669.45828	0.00109
4667.52955	0.00125
4665.60082	0.00128
4663.67209	0.00116
4661.74336	0.00100
4659.81463	0.00097
4657.88590	0.00114
4655.95716	0.00124
4654.02843	0.00104
4652.09970	0.00092
4650.17097	0.00106
4648.24224	0.00114
4646.31351	0.00109
4644.38478	0.00106
4642.45605	0.00108
4640.52731	0.00117
4638.59858	0.00132
4636.66985	0.00151
4634.74112	0.00156
4632.81239	0.00133
4630.88366	0.00111
4628.95493	0.00098
4627.02620	0.00077
4625.09746	0.00063
4623.16873	0.00079
4621.24000	0.00101
4619.31127	0.00106
4617.38254	0.00102
4615.45381	0.00106
4613.52508	0.00109
4611.59635	0.00105
4609.66761	0.00116
4607.73888	0.00149
4605.81015	0.00174
4603.88142	0.00182
4601.95269	0.00194
4600.02396	0.00205
4598.09523	0.00194
4596.16650	0.00171
4594.23776	0.00152
4592.30903	0.00134
4590.38030	0.00118
4588.45157	0.00104
4586.52284	0.00093
4584.59411	0.00084
4582.66538	0.00077
4580.73665	0.00079
4578.80792	0.00092
4576.87918	0.00112
4574.95045	0.00133
4573.02172	0.00149
4571.09299	0.00162
4569.16426	0.00174
4567.23553	0.00157
4565.30680	0.00117
4563.37807	0.00097
4561.44933	0.00107
4559.52060	0.00120
4557.59187	0.00122
4555.66314	0.00114
4553.73441	0.00104
4551.80568	0.00097
4549.87695	0.00114
4547.94822	0.00155
4546.01948	0.00176
4544.09075	0.00159
4542.16202	0.00128
4540.23329	0.00120
4538.30456	0.00139
4536.37583	0.00145
4534.44710	0.00129
4532.51837	0.00121
4530.58963	0.00123
4528.66090	0.00123
4526.73217	0.00127
4524.80344	0.00129
4522.87471	0.00127
4520.94598	0.00125
4519.01725	0.00120
4517.08852	0.00115
4515.15978	0.00118
4513.23105	0.00130
4511.30232	0.00136
4509.37359	0.00126
4507.44486	0.00109
4505.51613	0.00097
4503.58740	0.00094
4501.65867	0.00098
4499.72994	0.00103
4497.80120	0.00101
4495.87247	0.00090
4493.94374	0.00079
4492.01501	0.00075
4490.08628	0.00072
4488.15755	0.00076
4486.22882	0.00082
4484.30009	0.00073
4482.37135	0.00061
4480.44262	0.00069
4478.51389	0.00089
4476.58516	0.00098
4474.65643	0.00083
4472.72770	0.00060
4470.79897	0.00052
4468.87024	0.00053
4466.94150	0.00056
4465.01277	0.00068
4463.08404	0.00088
4461.15531	0.00109
4459.22658	0.00122
4457.29785	0.00117
4455.36912	0.00101
4453.44039	0.00098
4451.51165	0.00109
4449.58292	0.00104
4447.65419	0.00081
4445.72546	0.00072
4443.79673	0.00071
4441.86800	0.00053
4439.93927	0.00048
4438.01054	0.00081
4436.08180	0.00115
4434.15307	0.00122
4432.22434	0.00121
4430.29561	0.00126
4428.36688	0.00118
4426.43815	0.00100
4424.50942	0.00095
4422.58069	0.00096
4420.65196	0.00088
4418.72322	0.00074
4416.79449	0.00067
4414.86576	0.00083
4412.93703	0.00106
4411.00830	0.00113
4409.07957	0.00105
4407.15084	0.00104
4405.22211	0.00113
4403.29337	0.00109
4401.36464	0.00103
4399.43591	0.00110
4397.50718	0.00114
4395.57845	0.00105
4393.64972	0.00093
4391.72099	0.00094
4389.79226	0.00101
4387.86352	0.00098
4385.93479	0.00099
4384.00606	0.00108
4382.07733	0.00115
4380.14860	0.00128
4378.21987	0.00130
4376.29114	0.00104
4374.36241	0.00077
4372.43367	0.00068
4370.50494	0.00065
4368.57621	0.00068
4366.64748	0.00080
4364.71875	0.00098
4362.79002	0.00114
4360.86129	0.00129
4358.93256	0.00131
4357.00382	0.00114
4355.07509	0.00107
4353.14636	0.00128
4351.21763	0.00145
4349.28890	0.00137
4347.36017	0.00136
4345.43144	0.00157
4343.50271	0.00168
4341.57398	0.00153
4339.64524	0.00135
4337.71651	0.00131
4335.78778	0.00132
4333.85905	0.00135
4331.93032	0.00142
4330.00159	0.00153
4328.07286	0.00154
4326.14413	0.00137
4324.21539	0.00110
4322.28666	0.00086
4320.35793	0.00083
4318.42920	0.00099
4316.50047	0.00111
4314.57174	0.00106
4312.64301	0.00083
4310.71428	0.00054
4308.78554	0.00045
4306.85681	0.00052
4304.92808	0.00065
4302.99935	0.00075
4301.07062	0.00075
4299.14189	0.00069
4297.21316	0.00066
4295.28443	0.00061
4293.35569	0.00060
4291.42696	0.00063
4289.49823	0.00069
4287.56950	0.00072
4285.64077	0.00062
4283.71204	0.00054
4281.78331	0.00059
4279.85458	0.00065
4277.92584	0.00062
4275.99711	0.00059
4274.06838	0.00052
4272.13965	0.00037
4270.21092	0.00029
4268.28219	0.00038
4266.35346	0.00048
4264.42473	0.00048
4262.49600	0.00045
4260.56726	0.00041
4258.63853	0.00034
4256.70980	0.00043
4254.78107	0.00064
4252.85234	0.00070
4250.92361	0.00061
4248.99488	0.00050
4247.06615	0.00047
4245.13741	0.00048
4243.20868	0.00044
4241.27995	0.00036
4239.35122	0.00027
4237.42249	0.00014
4235.49376	-0.00001
4233.56503	-0.00007
4231.63630	-0.00001
4229.70756	0.00018
4227.77883	0.00041
4225.85010	0.00061
4223.92137	0.00068
4221.99264	0.00044
4220.06391	-0.00000
4218.13518	-0.00027
4216.20645	-0.00013
4214.27771	0.00016
4212.34898	0.00025
4210.42025	0.00019
4208.49152	0.00017
4206.56279	0.00011
4204.63406	-0.00001
4202.70533	-0.00001
4200.77660	0.00019
4198.84786	0.00035
4196.91913	0.00034
4194.99040	0.00019
4193.06167	-0.00002
4191.13294	-0.00026
4189.20421	-0.00049
4187.27548	-0.00050
4185.34675	-0.00031
4183.41802	-0.00026
4181.48928	-0.00035
4179.56055	-0.00032
4177.63182	-0.00024
4175.70309	-0.00029
4173.77436	-0.00032
4171.84563	-0.00024
4169.91690	-0.00023
4167.98817	-0.00037
4166.05943	-0.00052
4164.13070	-0.00061
4162.20197	-0.00070
4160.27324	-0.00071
4158.34451	-0.00064
4156.41578	-0.00072
4154.48705	-0.00091
4152.55832	-0.00098
4150.62958	-0.00100
4148.70085	-0.00104
4146.77212	-0.00108
4144.84339	-0.00118
4142.91466	-0.00142
4140.98593	-0.00166
4139.05720	-0.00173
4137.12847	-0.00178
4135.19973	-0.00198
4133.27100	-0.00203
4131.34227	-0.00178
4129.41354	-0.00154
4127.48481	-0.00141
4125.55608	-0.00135
4123.62735	-0.00137
4121.69862	-0.00146
4119.76988	-0.00153
4117.84115	-0.00149
4115.91242	-0.00140
4113.98369	-0.00143
4112.05496	-0.00166
4110.12623	-0.00201
4108.19750	-0.00254
4106.26877	-0.00307
4104.34004	-0.00299
4102.41130	-0.00240
4100.48257	-0.00200
4098.55384	-0.00194
4096.62511	-0.00195
4094.69638	-0.00188
4092.76765	-0.00186
4090.83892	-0.00214
4088.91019	-0.00262
4086.98145	-0.00276
4085.05272	-0.00251
4083.12399	-0.00251
4081.19526	-0.00295
4079.26653	-0.00320
4077.33780	-0.00290
4075.40907	-0.00251
4073.48034	-0.00233
4071.55160	-0.00223
4069.62287	-0.00219
4067.69414	-0.00218
4065.76541	-0.00221
4063.83668	-0.00239
4061.90795	-0.00273
4059.97922	-0.00293
4058.05049	-0.00280
4056.12175	-0.00259
4054.19302	-0.00259
4052.26429	-0.00269
4050.33556	-0.00270
4048.40683	-0.00304
4046.47810	-0.00430
4044.54937	-0.00522
4042.62064	-0.00443
4040.69190	-0.00310
4038.76317	-0.00264
4036.83444	-0.00275
4034.90571	-0.00296
4032.97698	-0.00327
4031.04825	-0.00362
4029.11952	-0.00398
4027.19079	-0.00454
4025.26206	-0.00485
4023.33332	-0.00453
4021.40459	-0.00452
4019.47586	-0.00500
4017.54713	-0.00492
4015.61840	-0.00436
4013.68967	-0.00418
4011.76094	-0.00475
4009.83221	-0.00576
4007.90347	-0.00600
4005.97474	-0.00502
4004.04601	-0.00402
4002.11728	-0.00365
4000.18855	-0.00369
3998.25982	-0.00456
3996.33109	-0.00494
3994.40236	-0.00509
3992.47362	-0.00520
3990.54489	-0.00529
3988.61616	-0.00538
3986.68743	-0.00538
3984.75870	-0.00540
3982.82997	-0.00556
3980.90124	-0.00567
3978.97251	-0.00552
3977.04377	-0.00528
3975.11504	-0.00531
3973.18631	-0.00553
3971.25758	-0.00562
3969.32885	-0.00560
3967.40012	-0.00561
3965.47139	-0.00571
3963.54266	-0.00592
3961.61392	-0.00607
3959.68519	-0.00600
3957.75646	-0.00589
3955.82773	-0.00592
3953.89900	-0.00598
3951.97027	-0.00628
3950.04154	-0.00718
3948.11281	-0.00814
3946.18408	-0.00811
3944.25534	-0.00740
3942.32661	-0.00705
3940.39788	-0.00706
3938.46915	-0.00706
3936.54042	-0.00734
3934.61169	-0.00818
3932.68296	-0.00913
3930.75423	-0.00924
3928.82549	-0.00846
3926.89676	-0.00763
3924.96803	-0.00749
3923.03930	-0.00792
3921.11057	-0.00835
3919.18184	-0.00898
3917.25311	-0.00960
3915.32438	-0.00941
3913.39564	-0.00867
3911.46691	-0.00822
3909.53818	-0.00807
3907.60945	-0.00796
3905.68072	-0.00845
3903.75199	-0.00994
3901.82326	-0.01111
3899.89453	-0.01122
3897.96579	-0.01137
3896.03706	-0.01166
3894.10833	-0.01173
3892.17960	-0.01205
3890.25087	-0.01262
3888.32214	-0.01281
3886.39341	-0.01291
3884.46468	-0.01326
3882.53594	-0.01385
3880.60721	-0.01454
3878.67848	-0.01492
3876.74975	-0.01476
3874.82102	-0.01469
3872.89229	-0.01512
3870.96356	-0.01588
3869.03483	-0.01656
3867.10610	-0.01670
3865.17736	-0.01656
3863.24863	-0.01696
3861.31990	-0.01771
3859.39117	-0.01814
3857.46244	-0.01822
3855.53371	-0.01801
3853.60498	-0.01752
3851.67625	-0.01744
3849.74751	-0.01772
3847.81878	-0.01783
3845.89005	-0.01730
3843.96132	-0.01682
3842.03259	-0.01695
3840.10386	-0.01733
3838.17513	-0.01769
3836.24640	-0.01782
3834.31766	-0.01784
3832.38893	-0.01802
3830.46020	-0.01814
3828.53147	-0.01807
3826.60274	-0.01789
3824.67401	-0.01758
3822.74528	-0.01734
3820.81655	-0.01781
3818.88781	-0.01842
3816.95908	-0.01831
3815.03035	-0.01790
3813.10162	-0.01733
3811.17289	-0.01652
3809.24416	-0.01578
3807.31543	-0.01581
3805.38670	-0.01618
3803.45796	-0.01611
3801.52923	-0.01599
3799.60050	-0.01609
3797.67177	-0.01583
3795.74304	-0.01518
3793.81431	-0.01420
3791.88558	-0.01330
3789.95685	-0.01280
3788.02812	-0.01265
3786.09938	-0.01266
3784.17065	-0.01271
3782.24192	-0.01250
3780.31319	-0.01228
3778.38446	-0.01259
3776.45573	-0.01300
3774.52700	-0.01296
3772.59827	-0.01283
3770.66953	-0.01340
3768.74080	-0.01457
3766.81207	-0.01550
3764.88334	-0.01609
3762.95461	-0.01662
3761.02588	-0.01727
3759.09715	-0.01846
3757.16842	-0.01988
3755.23968	-0.02053
3753.31095	-0.02093
3751.38222	-0.02276
3749.45349	-0.02543
3747.52476	-0.02639
3745.59603	-0.02621
3743.66730	-0.02511
3741.73857	-0.02334
3739.80983	-0.02178
3737.88110	-0.02070
3735.95237	-0.02031
3734.02364	-0.02019
3732.09491	-0.01929
3730.16618	-0.01772
3728.23745	-0.01630
3726.30872	-0.01527
3724.37998	-0.01421
3722.45125	-0.01262
3720.52252	-0.01054
3718.59379	-0.00855
3716.66506	-0.00667
3714.73633	-0.00456
3712.80760	-0.00239
3710.87887	-0.00100
3708.95014	0.00006
3707.02140	0.00204
3705.09267	0.00482
3703.16394	0.00757
3701.23521	0.00957
3699.30648	0.01092
3697.37775	0.01216
3695.44902	0.01356
3693.52029	0.01532
3691.59155	0.01732
3689.66282	0.01873
3687.73409	0.01946
3685.80536	0.02038
3683.87663	0.02170
3681.94790	0.02347
3680.01917	0.02585
3678.09044	0.02874
3676.16170	0.03194
3674.23297	0.03481
3672.30424	0.03728
3670.37551	0.03921
3668.44678	0.04049
3666.51805	0.04189
3664.58932	0.04407
3662.66059	0.04689
3660.73185	0.04959
3658.80312	0.05159
3656.87439	0.05270
3654.94566	0.05371
3653.01693	0.05569
3651.08820	0.05797
3649.15947	0.05856
3647.23074	0.05849
3645.30200	0.05945
3643.37327	0.06106
3641.44454	0.06272
3639.51581	0.06421
3637.58708	0.06546
3635.65835	0.06670
3633.72962	0.06831
3631.80089	0.07016
3629.87216	0.07153
3627.94342	0.07213
3626.01469	0.07266
3624.08596	0.07380
3622.15723	0.07558
3620.22850	0.07712
3618.29977	0.07730
3616.37104	0.07677
3614.44231	0.07677
3612.51357	0.07734
3610.58484	0.07803
3608.65611	0.07895
3606.72738	0.08025
3604.79865	0.08189
3602.86992	0.08338
3600.94119	0.08432
3599.01246	0.08492
3597.08372	0.08565
3595.15499	0.08645
3593.22626	0.08721
3591.29753	0.08819
3589.36880	0.08933
3587.44007	0.09017
3585.51134	0.09092
3583.58261	0.09203
3581.65387	0.09326
3579.72514	0.09437
3577.79641	0.09532
3575.86768	0.09614
3573.93895	0.09693
3572.01022	0.09785
3570.08149	0.09860
3568.15276	0.09860
3566.22402	0.09840
3564.29529	0.09908
3562.36656	0.10042
3560.43783	0.10157
3558.50910	0.10233
3556.58037	0.10298
3554.65164	0.10364
3552.72291	0.10409
3550.79418	0.10415
3548.86544	0.10390
3546.93671	0.10388
3545.00798	0.10468
3543.07925	0.10595
3541.15052	0.10704
3539.22179	0.10782
3537.29306	0.10840
3535.36433	0.10884
3533.43559	0.10922
3531.50686	0.10948
3529.57813	0.10936
3527.64940	0.10889
3525.72067	0.10871
3523.79194	0.10919
3521.86321	0.11001
3519.93448	0.11083
3518.00574	0.11147
3516.07701	0.11187
3514.14828	0.11215
3512.21955	0.11238
3510.29082	0.11246
3508.36209	0.11246
3506.43336	0.11259
3504.50463	0.11280
3502.57589	0.11290
3500.64716	0.11318
3498.71843	0.11397
3496.78970	0.11479
3494.86097	0.11523
3492.93224	0.11548
3491.00351	0.11587
3489.07478	0.11641
3487.14604	0.11687
3485.21731	0.11726
3483.28858	0.11763
3481.35985	0.11788
3479.43112	0.11818
3477.50239	0.11855
3475.57366	0.11874
3473.64493	0.11885
3471.71620	0.11917
3469.78746	0.11952
3467.85873	0.11963
3465.93000	0.11962
3464.00127	0.11971
3462.07254	0.12001
3460.14381	0.12038
3458.21508	0.12067
3456.28635	0.12079
3454.35761	0.12089
3452.42888	0.12098
3450.50015	0.12105
3448.57142	0.12121
3446.64269	0.12135
3444.71396	0.12145
3442.78523	0.12152
3440.85650	0.12161
3438.92776	0.12176
3436.99903	0.12185
3435.07030	0.12175
3433.14157	0.12164
3431.21284	0.12165
3429.28411	0.12156
3427.35538	0.12138
3425.42665	0.12136
3423.49791	0.12144
3421.56918	0.12133
3419.64045	0.12118
3417.71172	0.12134
3415.78299	0.12171
3413.85426	0.12199
3411.92553	0.12203
3409.99680	0.12187
3408.06806	0.12161
3406.13933	0.12136
3404.21060	0.12112
3402.28187	0.12103
3400.35314	0.12096
3398.42441	0.12006
3396.49568	0.11972
3394.56695	0.11949
3392.63822	0.11921
3390.70948	0.11930
3388.78075	0.11957
3386.85202	0.11942
3384.92329	0.11901
3382.99456	0.11876
3381.06583	0.11859
3379.13710	0.11843
3377.20837	0.11844
3375.27963	0.11848
3373.35090	0.11829
3371.42217	0.11781
3369.49344	0.11721
3367.56471	0.11658
3365.63598	0.11600
3363.70725	0.11560
3361.77852	0.11540
3359.84978	0.11521
3357.92105	0.11489
3355.99232	0.11460
3354.06359	0.11454
3352.13486	0.11453
3350.20613	0.11429
3348.27740	0.11383
3346.34867	0.11330
3344.41993	0.11278
3342.49120	0.11223
3340.56247	0.11165
3338.63374	0.11099
3336.70501	0.11029
3334.77628	0.10967
3332.84755	0.10918
3330.91882	0.10872
3328.99008	0.10827
3327.06135	0.10780
3325.13262	0.10727
3323.20389	0.10669
3321.27516	0.10612
3319.34643	0.10548
3317.41770	0.10476
3315.48897	0.10403
3313.56024	0.10327
3311.63150	0.10240
3309.70277	0.10154
3307.77404	0.10094
3305.84531	0.10056
3303.91658	0.10002
3301.98785	0.09919
3300.05912	0.09825
3298.13039	0.09738
3296.20165	0.09653
3294.27292	0.09556
3292.34419	0.09451
3290.41546	0.09361
3288.48673	0.09289
3286.55800	0.09211
3284.62927	0.09125
3282.70054	0.09033
3280.77180	0.08925
3278.84307	0.08793
3276.91434	0.08651
3274.98561	0.08526
3273.05688	0.08432
3271.12815	0.08364
3269.19942	0.08296
3267.27069	0.08210
3265.34195	0.08115
3263.41322	0.08021
3261.48449	0.07907
3259.55576	0.07771
3257.62703	0.07633
3255.69830	0.07500
3253.76957	0.07381
3251.84084	0.07288
3249.91210	0.07190
3247.98337	0.07048
3246.05464	0.06890
3244.12591	0.06772
3242.19718	0.06682
3240.26845	0.06583
3238.33972	0.06472
3236.41099	0.06350
3234.48226	0.06214
3232.55352	0.06078
3230.62479	0.05938
3228.69606	0.05796
3226.76733	0.05675
3224.83860	0.05575
3222.90987	0.05460
3220.98114	0.05321
3219.05241	0.05192
3217.12367	0.05086
3215.19494	0.04985
3213.26621	0.04888
3211.33748	0.04786
3209.40875	0.04672
3207.48002	0.04570
3205.55129	0.04482
3203.62256	0.04385
3201.69382	0.04272
3199.76509	0.04142
3197.83636	0.04012
3195.90763	0.03916
3193.97890	0.03844
3192.05017	0.03760
3190.12144	0.03661
3188.19271	0.03553
3186.26397	0.03434
3184.33524	0.03317
3182.40651	0.03215
3180.47778	0.03100
3178.54905	0.02975
3176.62032	0.02879
3174.69159	0.02814
3172.76286	0.02750
3170.83412	0.02683
3168.90539	0.02607
3166.97666	0.02518
3165.04793	0.02423
3163.11920	0.02335
3161.19047	0.02259
3159.26174	0.02191
3157.33301	0.02125
3155.40428	0.02045
3153.47554	0.01947
3151.54681	0.01849
3149.61808	0.01762
3147.68935	0.01695
3145.76062	0.01638
3143.83189	0.01579
3141.90316	0.01512
3139.97443	0.01440
3138.04569	0.01371
3136.11696	0.01292
3134.18823	0.01198
3132.25950	0.01118
3130.33077	0.01073
3128.40204	0.01041
3126.47331	0.00996
3124.54458	0.00935
3122.61584	0.00878
3120.68711	0.00846
3118.75838	0.00837
3116.82965	0.00844
3114.90092	0.00870
3112.97219	0.00911
3111.04346	0.00966
3109.11473	0.01033
3107.18599	0.01098
3105.25726	0.01150
3103.32853	0.01190
3101.39980	0.01247
3099.47107	0.01347
3097.54234	0.01459
3095.61361	0.01566
3093.68488	0.01691
3091.75614	0.01829
3089.82741	0.01951
3087.89868	0.02053
3085.96995	0.02152
3084.04122	0.02254
3082.11249	0.02347
3080.18376	0.02432
3078.25503	0.02532
3076.32630	0.02657
3074.39756	0.02783
3072.46883	0.02883
3070.54010	0.02946
3068.61137	0.02987
3066.68264	0.03029
3064.75391	0.03095
3062.82518	0.03182
3060.89645	0.03255
3058.96771	0.03294
3057.03898	0.03323
3055.11025	0.03371
3053.18152	0.03421
3051.25279	0.03443
3049.32406	0.03450
3047.39533	0.03470
3045.46660	0.03492
3043.53786	0.03491
3041.60913	0.03483
3039.68040	0.03479
3037.75167	0.03456
3035.82294	0.03409
3033.89421	0.03347
3031.96548	0.03294
3030.03675	0.03271
3028.10801	0.03261
3026.17928	0.03237
3024.25055	0.03204
3022.32182	0.03171
3020.39309	0.03123
3018.46436	0.03055
3016.53563	0.03000
3014.60690	0.02975
3012.67816	0.02972
3010.74943	0.02992
3008.82070	0.03028
3006.89197	0.03057
3004.96324	0.03074
3003.03451	0.03094
3001.10578	0.03126
2999.17705	0.03180
2997.24832	0.03213
2995.31958	0.03241
2993.39085	0.03299
2991.46212	0.03382
2989.53339	0.03452
2987.60466	0.03525
2985.67593	0.03625
2983.74720	0.03725
2981.81847	0.03813
2979.88973	0.03898
2977.96100	0.03985
2976.03227	0.04078
2974.10354	0.04192
2972.17481	0.04336
2970.24608	0.04496
2968.31735	0.04653
2966.38862	0.04797
2964.45988	0.04921
2962.53115	0.05031
2960.60242	0.05130
2958.67369	0.05207
2956.74496	0.05263
2954.81623	0.05308
2952.88750	0.05352
2950.95877	0.05402
2949.03003	0.05463
2947.10130	0.05545
2945.17257	0.05658
2943.24384	0.05803
2941.31511	0.05974
2939.38638	0.06146
2937.45765	0.06310
2935.52892	0.06485
2933.60018	0.06676
2931.67145	0.06858
2929.74272	0.07006
2927.81399	0.07112
2925.88526	0.07175
2923.95653	0.07178
2922.02780	0.07103
2920.09907	0.06958
2918.17034	0.06773
2916.24160	0.06577
2914.31287	0.06390
2912.38414	0.06224
2910.45541	0.06081
2908.52668	0.05953
2906.59795	0.05839
2904.66922	0.05737
2902.74049	0.05642
2900.81175	0.05551
2898.88302	0.05472
2896.95429	0.05396
2895.02556	0.05317
2893.09683	0.05238
2891.16810	0.05167
2889.23937	0.05108
2887.31064	0.05057
2885.38190	0.05013
2883.45317	0.04987
2881.52444	0.04980
2879.59571	0.04978
2877.66698	0.04972
2875.73825	0.04969
2873.80952	0.04974
2871.88079	0.04981
2869.95205	0.04990
2868.02332	0.05002
2866.09459	0.05026
2864.16586	0.05078
2862.23713	0.05169
2860.30840	0.05280
2858.37967	0.05375
2856.45094	0.05433
2854.52220	0.05437
2852.59347	0.05369
2850.66474	0.05215
2848.73601	0.04990
2846.80728	0.04733
2844.87855	0.04482
2842.94982	0.04264
2841.02109	0.04087
2839.09236	0.03945
2837.16362	0.03826
2835.23489	0.03727
2833.30616	0.03650
2831.37743	0.03587
2829.44870	0.03525
2827.51997	0.03465
2825.59124	0.03413
2823.66251	0.03364
2821.73377	0.03312
2819.80504	0.03265
2817.87631	0.03225
2815.94758	0.03185
2814.01885	0.03145
2812.09012	0.03106
2810.16139	0.03067
2808.23266	0.03025
2806.30392	0.02982
2804.37519	0.02942
2802.44646	0.02901
2800.51773	0.02855
2798.58900	0.02816
2796.66027	0.02789
2794.73154	0.02762
2792.80281	0.02726
2790.87407	0.02685
2788.94534	0.02651
2787.01661	0.02628
2785.08788	0.02603
2783.15915	0.02574
2781.23042	0.02549
2779.30169	0.02526
2777.37296	0.02497
2775.44422	0.02473
2773.51549	0.02461
2771.58676	0.02452
2769.65803	0.02433
2767.72930	0.02400
2765.80057	0.02373
2763.87184	0.02360
2761.94311	0.02356
2760.01438	0.02355
2758.08564	0.02348
2756.15691	0.02334
2754.22818	0.02319
2752.29945	0.02307
2750.37072	0.02298
2748.44199	0.02289
2746.51326	0.02273
2744.58453	0.02246
2742.65579	0.02215
2740.72706	0.02190
2738.79833	0.02169
2736.86960	0.02152
2734.94087	0.02136
2733.01214	0.02111
2731.08341	0.02081
2729.15468	0.02055
2727.22594	0.02030
2725.29721	0.02002
2723.36848	0.01972
2721.43975	0.01944
2719.51102	0.01920
2717.58229	0.01900
2715.65356	0.01876
2713.72483	0.01854
2711.79609	0.01833
2709.86736	0.01808
2707.93863	0.01781
2706.00990	0.01756
2704.08117	0.01727
2702.15244	0.01693
2700.22371	0.01664
2698.29498	0.01645
2696.36624	0.01627
2694.43751	0.01603
2692.50878	0.01577
2690.58005	0.01552
2688.65132	0.01526
2686.72259	0.01504
2684.79386	0.01482
2682.86513	0.01456
2680.93640	0.01430
2679.00766	0.01412
2677.07893	0.01394
2675.15020	0.01371
2673.22147	0.01342
2671.29274	0.01309
2669.36401	0.01275
2667.43528	0.01242
2665.50655	0.01213
2663.57781	0.01189
2661.64908	0.01164
2659.72035	0.01136
2657.79162	0.01108
2655.86289	0.01082
2653.93416	0.01056
2652.00543	0.01033
2650.07670	0.01015
2648.14796	0.00998
2646.21923	0.00982
2644.29050	0.00967
2642.36177	0.00948
2640.43304	0.00926
2638.50431	0.00905
2636.57558	0.00886
2634.64685	0.00870
2632.71811	0.00848
2630.78938	0.00815
2628.86065	0.00779
2626.93192	0.00750
2625.00319	0.00729
2623.07446	0.00710
2621.14573	0.00689
2619.21700	0.00670
2617.28826	0.00656
2615.35953	0.00639
2613.43080	0.00612
2611.50207	0.00586
2609.57334	0.00569
2607.64461	0.00548
2605.71588	0.00520
2603.78715	0.00492
2601.85842	0.00468
2599.92968	0.00449
2598.00095	0.00432
2596.07222	0.00414
2594.14349	0.00394
2592.21476	0.00372
2590.28603	0.00350
2588.35730	0.00327
2586.42857	0.00295
2584.49983	0.00262
2582.57110	0.00240
2580.64237	0.00228
2578.71364	0.00214
2576.78491	0.00194
2574.85618	0.00167
2572.92745	0.00143
2570.99872	0.00130
2569.06998	0.00115
2567.14125	0.00092
2565.21252	0.00073
2563.28379	0.00059
2561.35506	0.00044
2559.42633	0.00029
2557.49760	0.00014
2555.56887	-0.00009
2553.64013	-0.00034
2551.71140	-0.00047
2549.78267	-0.00042
2547.85394	-0.00043
2545.92521	-0.00051
2543.99648	-0.00062
2542.06775	-0.00080
2540.13902	-0.00101
2538.21028	-0.00109
2536.28155	-0.00107
2534.35282	-0.00111
2532.42409	-0.00125
2530.49536	-0.00146
2528.56663	-0.00164
2526.63790	-0.00179
2524.70917	-0.00191
2522.78044	-0.00204
2520.85170	-0.00214
2518.92297	-0.00220
2516.99424	-0.00225
2515.06551	-0.00234
2513.13678	-0.00241
2511.20805	-0.00247
2509.27932	-0.00255
2507.35059	-0.00265
2505.42185	-0.00278
2503.49312	-0.00289
2501.56439	-0.00296
2499.63566	-0.00299
2497.70693	-0.00300
2495.77820	-0.00306
2493.84947	-0.00314
2491.92074	-0.00319
2489.99200	-0.00322
2488.06327	-0.00328
2486.13454	-0.00340
2484.20581	-0.00350
2482.27708	-0.00355
2480.34835	-0.00363
2478.41962	-0.00371
2476.49089	-0.00375
2474.56215	-0.00382
2472.63342	-0.00394
2470.70469	-0.00402
2468.77596	-0.00411
2466.84723	-0.00425
2464.91850	-0.00440
2462.98977	-0.00446
2461.06104	-0.00451
2459.13230	-0.00462
2457.20357	-0.00472
2455.27484	-0.00476
2453.34611	-0.00478
2451.41738	-0.00483
2449.48865	-0.00493
2447.55992	-0.00506
2445.63119	-0.00521
2443.70246	-0.00531
2441.77372	-0.00538
2439.84499	-0.00547
2437.91626	-0.00557
2435.98753	-0.00563
2434.05880	-0.00570
2432.13007	-0.00588
2430.20134	-0.00618
2428.27261	-0.00655
2426.34387	-0.00671
2424.41514	-0.00657
2422.48641	-0.00636
2420.55768	-0.00625
2418.62895	-0.00617
2416.70022	-0.00608
2414.77149	-0.00604
2412.84276	-0.00600
2410.91402	-0.00596
2408.98529	-0.00597
2407.05656	-0.00603
2405.12783	-0.00604
2403.19910	-0.00604
2401.27037	-0.00607
2399.34164	-0.00598
2397.41291	-0.00592
2395.48417	-0.00593
2393.55544	-0.00602
2391.62671	-0.00612
2389.69798	-0.00620
2387.76925	-0.00622
2385.84052	-0.00621
2383.91179	-0.00628
2381.98306	-0.00656
2380.05432	-0.00708
2378.12559	-0.00766
2376.19686	-0.00792
2374.26813	-0.00750
2372.33940	-0.00658
2370.41067	-0.00577
2368.48194	-0.00533
2366.55321	-0.00513
2364.62448	-0.00518
2362.69574	-0.00535
2360.76701	-0.00544
2358.83828	-0.00575
2356.90955	-0.00650
2354.98082	-0.00743
2353.05209	-0.00788
2351.12336	-0.00735
2349.19463	-0.00674
2347.26589	-0.00704
2345.33716	-0.00749
2343.40843	-0.00733
2341.47970	-0.00703
2339.55097	-0.00678
2337.62224	-0.00660
2335.69351	-0.00667
2333.76478	-0.00694
2331.83604	-0.00732
2329.90731	-0.00773
2327.97858	-0.00808
2326.04985	-0.00838
2324.12112	-0.00864
2322.19239	-0.00877
2320.26366	-0.00879
2318.33493	-0.00884
2316.40619	-0.00908
2314.47746	-0.00941
2312.54873	-0.00955
2310.62000	-0.00946
2308.69127	-0.00924
2306.76254	-0.00897
2304.83381	-0.00871
2302.90508	-0.00856
2300.97634	-0.00850
2299.04761	-0.00843
2297.11888	-0.00836
2295.19015	-0.00834
2293.26142	-0.00832
2291.33269	-0.00829
2289.40396	-0.00825
2287.47523	-0.00817
2285.54650	-0.00806
2283.61776	-0.00797
2281.68903	-0.00793
2279.76030	-0.00791
2277.83157	-0.00788
2275.90284	-0.00785
2273.97411	-0.00781
2272.04538	-0.00774
2270.11665	-0.00765
2268.18791	-0.00760
2266.25918	-0.00762
2264.33045	-0.00765
2262.40172	-0.00764
2260.47299	-0.00761
2258.54426	-0.00761
2256.61553	-0.00762
2254.68680	-0.00762
2252.75806	-0.00757
2250.82933	-0.00775
2248.90060	-0.00853
2246.97187	-0.00824
2245.04314	-0.00800
2243.11441	-0.00790
2241.18568	-0.00781
2239.25695	-0.00766
2237.32821	-0.00747
2235.39948	-0.00733
2233.47075	-0.00729
2231.54202	-0.00728
2229.61329	-0.00718
2227.68456	-0.00704
2225.75583	-0.00690
2223.82710	-0.00680
2221.89836	-0.00682
2219.96963	-0.00704
2218.04090	-0.00725
2216.11217	-0.00742
2214.18344	-0.00759
2212.25471	-0.00771
2210.32598	-0.00781
2208.39725	-0.00791
2206.46852	-0.00800
2204.53978	-0.00806
2202.61105	-0.00812
2200.68232	-0.00820
2198.75359	-0.00828
2196.82486	-0.00832
2194.89613	-0.00837
2192.96740	-0.00846
2191.03867	-0.00858
2189.10993	-0.00874
2187.18120	-0.00890
2185.25247	-0.00895
2183.32374	-0.00893
2181.39501	-0.00897
2179.46628	-0.00906
2177.53755	-0.00917
2175.60882	-0.00926
2173.68008	-0.00939
2171.75135	-0.00954
2169.82262	-0.00963
2167.89389	-0.00964
2165.96516	-0.00968
2164.03643	-0.00977
2162.10770	-0.00985
2160.17897	-0.00985
2158.25023	-0.00980
2156.32150	-0.00976
2154.39277	-0.00974
2152.46404	-0.00975
2150.53531	-0.00982
2148.60658	-0.00995
2146.67785	-0.01007
2144.74912	-0.01005
2142.82038	-0.01001
2140.89165	-0.01013
2138.96292	-0.01041
2137.03419	-0.01063
2135.10546	-0.01057
2133.17673	-0.01039
2131.24800	-0.01038
2129.31927	-0.01048
2127.39054	-0.01055
2125.46180	-0.01063
2123.53307	-0.01073
2121.60434	-0.01076
2119.67561	-0.01080
2117.74688	-0.01103
2115.81815	-0.01136
2113.88942	-0.01144
2111.96069	-0.01123
2110.03195	-0.01111
2108.10322	-0.01120
2106.17449	-0.01141
2104.24576	-0.01163
2102.31703	-0.01181
2100.38830	-0.01195
2098.45957	-0.01203
2096.53084	-0.01228
2094.60210	-0.01260
2092.67337	-0.01296
2090.74464	-0.01336
2088.81591	-0.01375
2086.88718	-0.01409
2084.95845	-0.01440
2083.02972	-0.01478
2081.10099	-0.01526
2079.17225	-0.01581
2077.24352	-0.01634
2075.31479	-0.01676
2073.38606	-0.01705
2071.45733	-0.01729
2069.52860	-0.01754
2067.59987	-0.01770
2065.67114	-0.01776
2063.74240	-0.01773
2061.81367	-0.01761
2059.88494	-0.01732
2057.95621	-0.01687
2056.02748	-0.01636
2054.09875	-0.01589
2052.17002	-0.01546
2050.24129	-0.01505
2048.31256	-0.01460
2046.38382	-0.01411
2044.45509	-0.01357
2042.52636	-0.01292
2040.59763	-0.01232
2038.66890	-0.01183
2036.74017	-0.01131
2034.81144	-0.01081
2032.88271	-0.01036
2030.95397	-0.01001
2029.02524	-0.00982
2027.09651	-0.00973
2025.16778	-0.00961
2023.23905	-0.00933
2021.31032	-0.00888
2019.38159	-0.00831
2017.45286	-0.00789
2015.52412	-0.00768
2013.59539	-0.00746
2011.66666	-0.00715
2009.73793	-0.00695
2007.80920	-0.00681
2005.88047	-0.00663
2003.95174	-0.00642
2002.02301	-0.00623
2000.09427	-0.00606
1998.16554	-0.00595
1996.23681	-0.00589
1994.30808	-0.00586
1992.37935	-0.00583
1990.45062	-0.00574
1988.52189	-0.00553
1986.59316	-0.00534
1984.66442	-0.00515
1982.73569	-0.00500
1980.80696	-0.00495
1978.87823	-0.00491
1976.94950	-0.00478
1975.02077	-0.00461
1973.09204	-0.00456
1971.16331	-0.00464
1969.23458	-0.00473
1967.30584	-0.00481
1965.37711	-0.00495
1963.44838	-0.00496
1961.51965	-0.00488
1959.59092	-0.00486
1957.66219	-0.00486
1955.73346	-0.00485
1953.80473	-0.00488
1951.87599	-0.00495
1949.94726	-0.00500
1948.01853	-0.00500
1946.08980	-0.00497
1944.16107	-0.00506
1942.23234	-0.00517
1940.30361	-0.00514
1938.37488	-0.00499
1936.44614	-0.00486
1934.51741	-0.00485
1932.58868	-0.00487
1930.65995	-0.00487
1928.73122	-0.00489
1926.80249	-0.00502
1924.87376	-0.00509
1922.94503	-0.00526
1921.01629	-0.00535
1919.08756	-0.00519
1917.15883	-0.00517
1915.23010	-0.00549
1913.30137	-0.00559
1911.37264	-0.00524
1909.44391	-0.00489
1907.51518	-0.00473
1905.58644	-0.00456
1903.65771	-0.00423
1901.72898	-0.00388
1899.80025	-0.00359
1897.87152	-0.00332
1895.94279	-0.00314
1894.01406	-0.00299
1892.08533	-0.00265
1890.15660	-0.00225
1888.22786	-0.00220
1886.29913	-0.00233
1884.37040	-0.00229
1882.44167	-0.00214
1880.51294	-0.00204
1878.58421	-0.00211
1876.65548	-0.00236
1874.72675	-0.00254
1872.79801	-0.00236
1870.86928	-0.00195
1868.94055	-0.00200
1867.01182	-0.00279
1865.08309	-0.00373
1863.15436	-0.00427
1861.22563	-0.00464
1859.29690	-0.00515
1857.36816	-0.00580
1855.43943	-0.00650
1853.51070	-0.00719
1851.58197	-0.00778
1849.65324	-0.00817
1847.72451	-0.00847
1845.79578	-0.00892
1843.86705	-0.00968
1841.93831	-0.01063
1840.00958	-0.01128
1838.08085	-0.01149
1836.15212	-0.01162
1834.22339	-0.01156
1832.29466	-0.01095
1830.36593	-0.01041
1828.43720	-0.01064
1826.50846	-0.01107
1824.57973	-0.01120
1822.65100	-0.01125
1820.72227	-0.01143
1818.79354	-0.01167
1816.86481	-0.01159
1814.93608	-0.01103
1813.00735	-0.01040
1811.07862	-0.01017
1809.14988	-0.01034
1807.22115	-0.01060
1805.29242	-0.01096
1803.36369	-0.01152
1801.43496	-0.01197
1799.50623	-0.01196
1797.57750	-0.01162
1795.64877	-0.01094
1793.72003	-0.01003
1791.79130	-0.00979
1789.86257	-0.01056
1787.93384	-0.01150
1786.00511	-0.01191
1784.07638	-0.01158
1782.14765	-0.01077
1780.21892	-0.01030
1778.29018	-0.01031
1776.36145	-0.00981
1774.43272	-0.00848
1772.50399	-0.00765
1770.57526	-0.00848
1768.64653	-0.00983
1766.71780	-0.01028
1764.78907	-0.00970
1762.86033	-0.00892
1760.93160	-0.00864
1759.00287	-0.00870
1757.07414	-0.00869
1755.14541	-0.00845
1753.21668	-0.00779
1751.28795	-0.00704
1749.35922	-0.00707
1747.43048	-0.00757
1745.50175	-0.00759
1743.57302	-0.00687
1741.64429	-0.00587
1739.71556	-0.00514
1737.78683	-0.00431
1735.85810	-0.00283
1733.92937	-0.00165
1732.00064	-0.00182
1730.07190	-0.00234
1728.14317	-0.00252
1726.21444	-0.00223
1724.28571	-0.00162
1722.35698	-0.00051
1720.42825	0.00171
1718.49952	0.00407
1716.57079	0.00409
1714.64205	0.00222
1712.71332	0.00046
1710.78459	-0.00006
1708.85586	0.00055
1706.92713	0.00128
1704.99840	0.00139
1703.06967	0.00180
1701.14094	0.00310
1699.21220	0.00415
1697.28347	0.00443
1695.35474	0.00421
1693.42601	0.00398
1691.49728	0.00445
1689.56855	0.00613
1687.63982	0.00945
1685.71109	0.01363
1683.78235	0.01557
1681.85362	0.01440
1679.92489	0.01362
1677.99616	0.01500
1676.06743	0.01766
1674.13870	0.01995
1672.20997	0.02178
1670.28124	0.02345
1668.35250	0.02432
1666.42377	0.02467
1664.49504	0.02536
1662.56631	0.02584
1660.63758	0.02527
1658.70885	0.02496
1656.78012	0.02659
1654.85139	0.02923
1652.92266	0.02904
1650.99392	0.02612
1649.06519	0.02444
1647.13646	0.02450
1645.20773	0.02367
1643.27900	0.02175
1641.35027	0.02070
1639.42154	0.02139
1637.49281	0.02256
1635.56407	0.02172
1633.63534	0.01864
1631.70661	0.01586
1629.77788	0.01442
1627.84915	0.01344
1625.92042	0.01214
1623.99169	0.01016
1622.06296	0.00752
1620.13422	0.00567
1618.20549	0.00479
1616.27676	0.00274
1614.34803	-0.00090
1612.41930	-0.00419
1610.49057	-0.00642
1608.56184	-0.00830
1606.63311	-0.01024
1604.70437	-0.01206
1602.77564	-0.01370
1600.84691	-0.01514
1598.91818	-0.01616
1596.98945	-0.01672
1595.06072	-0.01704
1593.13199	-0.01725
1591.20326	-0.01727
1589.27452	-0.01705
1587.34579	-0.01670
1585.41706	-0.01643
1583.48833	-0.01638
1581.55960	-0.01613
1579.63087	-0.01491
1577.70214	-0.01318
1575.77341	-0.01266
1573.84468	-0.01340
1571.91594	-0.01338
1569.98721	-0.01229
1568.05848	-0.01161
1566.12975	-0.01128
1564.20102	-0.00984
1562.27229	-0.00611
1560.34356	-0.00096
1558.41483	0.00084
1556.48609	-0.00179
1554.55736	-0.00428
1552.62863	-0.00511
1550.69990	-0.00498
1548.77117	-0.00461
1546.84244	-0.00362
1544.91371	-0.00160
1542.98498	0.00098
1541.05624	0.00261
1539.12751	0.00110
1537.19878	-0.00226
1535.27005	-0.00392
1533.34132	-0.00392
1531.41259	-0.00425
1529.48386	-0.00478
1527.55513	-0.00498
1525.62639	-0.00518
1523.69766	-0.00523
1521.76893	-0.00579
1519.84020	-0.00771
1517.91147	-0.00976
1515.98274	-0.01142
1514.05401	-0.01307
1512.12528	-0.01411
1510.19654	-0.01365
1508.26781	-0.01266
1506.33908	-0.01383
1504.41035	-0.01751
1502.48162	-0.02047
1500.55289	-0.02110
1498.62416	-0.02020
1496.69543	-0.01996
1494.76670	-0.02064
1492.83796	-0.02077
1490.90923	-0.02016
1488.98050	-0.02018
1487.05177	-0.02111
1485.12304	-0.02199
1483.19431	-0.02227
1481.26558	-0.02203
1479.33685	-0.02136
1477.40811	-0.02002
1475.47938	-0.01797
1473.55065	-0.01600
1471.62192	-0.01532
1469.69319	-0.01586
1467.76446	-0.01600
1465.83573	-0.01558
1463.90700	-0.01578
1461.97826	-0.01587
1460.04953	-0.01446
1458.12080	-0.01304
1456.19207	-0.01417
1454.26334	-0.01668
1452.33461	-0.01836
1450.40588	-0.01850
1448.47715	-0.01831
1446.54841	-0.01903
1444.61968	-0.02037
1442.69095	-0.02155
1440.76222	-0.02229
1438.83349	-0.02293
1436.90476	-0.02427
1434.97603	-0.02649
1433.04730	-0.02892
1431.11856	-0.03136
1429.18983	-0.03443
1427.26110	-0.03826
1425.33237	-0.04256
1423.40364	-0.04726
1421.47491	-0.05251
1419.54618	-0.05899
1417.61745	-0.06677
1415.68872	-0.07407
1413.75998	-0.08074
1411.83125	-0.08777
1409.90252	-0.09531
1407.97379	-0.10258
1406.04506	-0.10929
1404.11633	-0.11527
1402.18760	-0.11935
1400.25887	-0.12072
1398.33013	-0.11948
1396.40140	-0.11559
1394.47267	-0.10970
1392.54394	-0.10368
1390.61521	-0.09895
1388.68648	-0.09678
1386.75775	-0.09738
1384.82902	-0.09592
1382.90028	-0.08712
1380.97155	-0.07294
1379.04282	-0.05950
1377.11409	-0.04964
1375.18536	-0.04233
1373.25663	-0.03662
1371.32790	-0.03211
1369.39917	-0.02834
1367.47043	-0.02515
1365.54170	-0.02258
1363.61297	-0.02056
1361.68424	-0.01892
1359.75551	-0.01736
1357.82678	-0.01586
1355.89805	-0.01460
1353.96932	-0.01361
1352.04058	-0.01267
1350.11185	-0.01171
1348.18312	-0.01099
1346.25439	-0.01065
1344.32566	-0.01057
1342.39693	-0.01057
1340.46820	-0.01068
1338.53947	-0.01078
1336.61074	-0.01049
1334.68200	-0.00979
1332.75327	-0.00898
1330.82454	-0.00863
1328.89581	-0.00905
1326.96708	-0.00955
1325.03835	-0.00966
1323.10962	-0.00933
1321.18089	-0.00873
1319.25215	-0.00816
1317.32342	-0.00753
1315.39469	-0.00653
1313.46596	-0.00517
1311.53723	-0.00372
1309.60850	-0.00229
1307.67977	-0.00094
1305.75104	0.00040
1303.82230	0.00195
1301.89357	0.00360
1299.96484	0.00489
1298.03611	0.00570
1296.10738	0.00640
1294.17865	0.00719
1292.24992	0.00788
1290.32119	0.00833
1288.39245	0.00866
1286.46372	0.00907
1284.53499	0.00972
1282.60626	0.01068
1280.67753	0.01199
1278.74880	0.01365
1276.82007	0.01552
1274.89134	0.01748
1272.96260	0.01964
1271.03387	0.02229
1269.10514	0.02564
1267.17641	0.02966
1265.24768	0.03432
1263.31895	0.03951
1261.39022	0.04516
1259.46149	0.05125
1257.53276	0.05792
1255.60402	0.06516
1253.67529	0.07285
1251.74656	0.08080
1249.81783	0.08872
1247.88910	0.09637
1245.96037	0.10353
1244.03164	0.11013
1242.10291	0.11617
1240.17417	0.12157
1238.24544	0.12639
1236.31671	0.13080
1234.38798	0.13477
1232.45925	0.13814
1230.53052	0.14100
1228.60179	0.14348
1226.67306	0.14582
1224.74432	0.14818
1222.81559	0.15047
1220.88686	0.15256
1218.95813	0.15456
1217.02940	0.15649
1215.10067	0.15822
1213.17194	0.15979
1211.24321	0.16141
1209.31447	0.16311
1207.38574	0.16477
1205.45701	0.16628
1203.52828	0.16771
1201.59955	0.16934
1199.67082	0.17140
1197.74209	0.17315
1195.81336	0.17505
1193.88462	0.17716
1191.95589	0.17907
1190.02716	0.18048
1188.09843	0.18173
1186.16970	0.18340
1184.24097	0.18539
1182.31224	0.18720
1180.38351	0.18871
1178.45478	0.18991
1176.52604	0.19077
1174.59731	0.19172
1172.66858	0.19309
1170.73985	0.19449
1168.81112	0.19566
1166.88239	0.19687
1164.95366	0.19836
1163.02493	0.20000
1161.09619	0.20147
1159.16746	0.20241
1157.23873	0.20288
1155.31000	0.20337
1153.38127	0.20407
1151.45254	0.20471
1149.52381	0.20539
1147.59508	0.20647
1145.66634	0.20776
1143.73761	0.20882
1141.80888	0.20964
1139.88015	0.21031
1137.95142	0.21079
1136.02269	0.21134
1134.09396	0.21234
1132.16523	0.21388
1130.23649	0.21589
1128.30776	0.21800
1126.37903	0.21977
1124.45030	0.22122
1122.52157	0.22265
1120.59284	0.22445
1118.66411	0.22698
1116.73538	0.23019
1114.80664	0.23373
1112.87791	0.23751
1110.94918	0.24160
1109.02045	0.24593
1107.09172	0.25059
1105.16299	0.25537
1103.23426	0.25982
1101.30553	0.26377
1099.37680	0.26714
1097.44806	0.26996
1095.51933	0.27232
1093.59060	0.27434
1091.66187	0.27608
1089.73314	0.27727
1087.80441	0.27789
1085.87568	0.27853
1083.94695	0.27936
1082.01821	0.28010
1080.08948	0.28067
1078.16075	0.28093
1076.23202	0.28087
1074.30329	0.28069
1072.37456	0.28040
1070.44583	0.28020
1068.51710	0.28039
1066.58836	0.28058
1064.65963	0.28020
1062.73090	0.27930
1060.80217	0.27801
1058.87344	0.27641
1056.94471	0.27455
1055.01598	0.27246
1053.08725	0.27028
1051.15851	0.26808
1049.22978	0.26569
1047.30105	0.26317
1045.37232	0.26088
1043.44359	0.25871
1041.51486	0.25609
1039.58613	0.25303
1037.65740	0.24988
1035.72866	0.24668
1033.79993	0.24340
1031.87120	0.24018
1029.94247	0.23707
1028.01374	0.23409
1026.08501	0.23125
1024.15628	0.22860
1022.22755	0.22616
1020.29882	0.22372
1018.37008	0.22106
1016.44135	0.21825
1014.51262	0.21550
1012.58389	0.21274
1010.65516	0.20959
1008.72643	0.20598
1006.79770	0.20226
1004.86897	0.19864
1002.94023	0.19523
1001.01150	0.19192
999.08277	0.18848
997.15404	0.18459
995.22531	0.17999
993.29658	0.17487
991.36785	0.16972
989.43912	0.16481
987.51038	0.16025
985.58165	0.15616
983.65292	0.15257
981.72419	0.14921
979.79546	0.14585
977.86673	0.14256
975.93800	0.13930
974.00927	0.13674
972.08053	0.13444
970.15180	0.13232
968.22307	0.13006
966.29434	0.12764
964.36561	0.12532
962.43688	0.12324
960.50815	0.12126
958.57942	0.11932
956.65068	0.11747
954.72195	0.11559
952.79322	0.11349
950.86449	0.11106
948.93576	0.10846
947.00703	0.10582
945.07830	0.10292
943.14957	0.09979
941.22084	0.09665
939.29210	0.09343
937.36337	0.09003
935.43464	0.08661
933.50591	0.08329
931.57718	0.08026
929.64845	0.07773
927.71972	0.07564
925.79099	0.07375
923.86225	0.07183
921.93352	0.06995
920.00479	0.06816
918.07606	0.06611
916.14733	0.06355
914.21860	0.06085
912.28987	0.05830
910.36114	0.05564
908.43240	0.05263
906.50367	0.04941
904.57494	0.04618
902.64621	0.04297
900.71748	0.03975
898.78875	0.03649
896.86002	0.03308
894.93129	0.02951
893.00255	0.02607
891.07382	0.02294
889.14509	0.01987
887.21636	0.01662
885.28763	0.01339
883.35890	0.01058
881.43017	0.00815
879.50144	0.00569
877.57270	0.00298
875.64397	0.00011
873.71524	-0.00268
871.78651	-0.00513
869.85778	-0.00738
867.92905	-0.00980
866.00032	-0.01236
864.07159	-0.01476
862.14286	-0.01692
860.21412	-0.01898
858.28539	-0.02098
856.35666	-0.02300
854.42793	-0.02491
852.49920	-0.02632
850.57047	-0.02729
848.64174	-0.02808
846.71301	-0.02869
844.78427	-0.02907
842.85554	-0.02929
840.92681	-0.02923
838.99808	-0.02860
837.06935	-0.02728
835.14062	-0.02557
833.21189	-0.02386
831.28316	-0.02249
829.35442	-0.02137
827.42569	-0.02014
825.49696	-0.01865
823.56823	-0.01686
821.63950	-0.01470
819.71077	-0.01225
817.78204	-0.00986
815.85331	-0.00797
813.92457	-0.00627
811.99584	-0.00390
810.06711	-0.00091
808.13838	0.00202
806.20965	0.00480
804.28092	0.00751
802.35219	0.00988
800.42346	0.01144
798.49472	0.01202
796.56599	0.01179
794.63726	0.01102
792.70853	0.01025
790.77980	0.00977
788.85107	0.00883
786.92234	0.00680
784.99361	0.00444
783.06488	0.00272
781.13614	0.00139
779.20741	-0.00038
777.27868	-0.00253
775.34995	-0.00445
773.42122	-0.00613
771.49249	-0.00796
769.56376	-0.00975
767.63503	-0.01068
765.70629	-0.01013
763.77756	-0.00920
761.84883	-0.00879
759.92010	-0.00898
757.99137	-0.00932
756.06264	-0.00956
754.13391	-0.00972
752.20518	-0.00996
750.27644	-0.01036
748.34771	-0.01079
746.41898	-0.01124
744.49025	-0.01180
742.56152	-0.01231
740.63279	-0.01266
738.70406	-0.01270
736.77533	-0.01237
734.84659	-0.01206
732.91786	-0.01189
730.98913	-0.01133
729.06040	-0.01058
727.13167	-0.01017
725.20294	-0.01013
723.27421	-0.01218
721.34548	-0.01255
719.41674	-0.01186
717.48801	-0.01099
715.55928	-0.01041
713.63055	-0.01025
711.70182	-0.00995
709.77309	-0.00952
707.84436	-0.00933
705.91563	-0.00924
703.98690	-0.00892
702.05816	-0.00836
700.12943	-0.00794
698.20070	-0.00755
696.27197	-0.00714
694.34324	-0.00697
692.41451	-0.00732
690.48578	-0.00796
688.55705	-0.00845
686.62831	-0.00894
684.69958	-0.00980
682.77085	-0.01092
680.84212	-0.01215
678.91339	-0.01356
676.98466	-0.01472
675.05593	-0.01548
673.12720	-0.01615
671.19846	-0.01795
669.26973	-0.02063
667.34100	-0.02123
665.41227	-0.01999
663.48354	-0.01989
661.55481	-0.02099
659.62608	-0.02185
657.69735	-0.02215
655.76861	-0.02193
653.83988	-0.02120
651.91115	-0.02024
649.98242	-0.01957
648.05369	-0.01934
646.12496	-0.01912
644.19623	-0.01847
642.26750	-0.01756
640.33876	-0.01693
638.41003	-0.01670
636.48130	-0.01657
634.55257	-0.01658
632.62384	-0.01695
630.69511	-0.01821
628.76638	-0.02089
626.83765	-0.02290
624.90892	-0.02467
622.98018	-0.02589
621.05145	-0.02692
619.12272	-0.02808
617.19399	-0.02782
615.26526	-0.02508
613.33653	-0.02125
611.40780	-0.01800
609.47907	-0.01576
607.55033	-0.01407
605.62160	-0.01291
603.69287	-0.01218
601.76414	-0.01137
599.83541	-0.01018
597.90668	-0.00893
595.97795	-0.00789
594.04922	-0.00701
592.12048	-0.00646
590.19175	-0.00655
588.26302	-0.00696
586.33429	-0.00717
584.40556	-0.00707
582.47683	-0.00697
580.54810	-0.00742
578.61937	-0.00822
576.69063	-0.00889
574.76190	-0.00906
572.83317	-0.00808
570.90444	-0.00699
568.97571	-0.00923
567.04698	-0.01210
565.11825	-0.01408
563.18952	-0.01539
561.26078	-0.01670
559.33205	-0.01830
557.40332	-0.01992
555.47459	-0.02115
553.54586	-0.02175
551.61713	-0.02162
549.68840	-0.02102
547.75967	-0.02069
545.83094	-0.02088
543.90220	-0.02108
541.97347	-0.02088
540.04474	-0.02040
538.11601	-0.02015
536.18728	-0.02099
534.25855	-0.02323
532.32982	-0.02597
530.40109	-0.02837
528.47235	-0.03079
526.54362	-0.03371
524.61489	-0.03629
522.68616	-0.03810
520.75743	-0.03947
518.82870	-0.04043
516.89997	-0.04121
514.97124	-0.04202
513.04250	-0.04293
511.11377	-0.04437
509.18504	-0.04591
507.25631	-0.04583
505.32758	-0.04348
503.39885	-0.04074
501.47012	-0.03973
499.54139	-0.03979
497.61265	-0.03848
495.68392	-0.03533
493.75519	-0.03192
491.82646	-0.02896
489.89773	-0.02590
487.96900	-0.02249
486.04027	-0.01900
484.11154	-0.01572
482.18280	-0.01254
480.25407	-0.00879
478.32534	-0.00450
476.39661	-0.00091
474.46788	0.00121
472.53915	0.00233
470.61042	0.00353
468.68169	0.00532
466.75296	0.00650
464.82422	0.00528
462.89549	0.00242
460.96676	0.00001
459.03803	-0.00133
457.10930	-0.00200
455.18057	-0.00132
453.25184	0.00004
451.32311	0.00181
449.39437	0.00423
447.46564	0.00735
445.53691	0.01090
443.60818	0.01295
441.67945	0.01159
439.75072	0.00897
437.82199	0.00924
435.89326	0.01347
433.96452	0.01819
432.03579	0.01922
430.10706	0.01689
428.17833	0.01384
426.24960	0.01082
424.32087	0.00924
422.39214	0.01238
420.46341	0.01852
418.53467	0.01876
416.60594	0.01107
414.67721	0.00339
412.74848	0.00070
410.81975	0.00500
408.89102	0.01769
406.96229	0.03115
405.03356	0.03927
403.10482	0.03863
401.17609	0.03864
399.24736	0.04336
397.31863	0.05144
395.38990	0.05834
393.46117	0.05967
391.53244	0.05456
389.60371	0.04686
387.67498	0.04639
385.74624	0.05577
383.81751	0.06217
381.88878	0.05772
379.96005	0.04531
378.03132	0.02730
376.10259	0.01937
374.17386	0.04130
372.24513	0.06796
370.31639	0.05097
368.38766	0.00369
