7496.97825	0.00149
7495.04952	0.00277
7493.12079	0.00137
7491.19206	-0.00125
7489.26333	-0.00296
7487.33459	-0.00163
7485.40586	0.00266
7483.47713	0.00564
7481.54840	0.00390
7479.61967	-0.00101
7477.69094	-0.00496
7475.76221	-0.00437
7473.83348	0.00033
7471.90474	0.00486
7469.97601	0.00545
7468.04728	0.00336
7466.11855	0.00298
7464.18982	0.00480
7462.26109	0.00622
7460.33236	0.00525
7458.40363	0.00251
7456.47489	0.00082
7454.54616	0.00107
7452.61743	0.00219
7450.68870	0.00309
7448.75997	0.00360
7446.83124	0.00472
7444.90251	0.00601
7442.97378	0.00693
7441.04504	0.00756
7439.11631	0.00669
7437.18758	0.00430
7435.25885	0.00169
7433.33012	0.00023
7431.40139	0.00206
7429.47266	0.00523
7427.54393	0.00484
7425.61520	0.00237
7423.68646	0.00158
7421.75773	0.00148
7419.82900	0.00077
7417.90027	0.00006
7415.97154	0.00007
7414.04281	0.00123
7412.11408	0.00314
7410.18535	0.00494
7408.25661	0.00469
7406.32788	0.00096
7404.39915	-0.00264
7402.47042	-0.00236
7400.54169	-0.00109
7398.61296	-0.00156
7396.68423	-0.00167
7394.75550	-0.00076
7392.82676	-0.00035
7390.89803	0.00031
7388.96930	0.00269
7387.04057	0.00611
7385.11184	0.00865
7383.18311	0.00815
7381.25438	0.00440
7379.32565	0.00133
7377.39691	0.00154
7375.46818	0.00227
7373.53945	0.00157
7371.61072	0.00077
7369.68199	0.00029
7367.75326	0.00011
7365.82453	0.00073
7363.89580	0.00192
7361.96706	0.00294
7360.03833	0.00247
7358.10960	0.00054
7356.18087	-0.00013
7354.25214	0.00135
7352.32341	0.00276
7350.39468	0.00281
7348.46595	0.00178
7346.53722	0.00095
7344.60848	0.00143
7342.67975	0.00172
7340.75102	0.00021
7338.82229	-0.00136
7336.89356	-0.00040
7334.96483	0.00271
7333.03610	0.00426
7331.10737	0.00103
7329.17863	-0.00353
7327.24990	-0.00218
7325.32117	0.00435
7323.39244	0.00810
7321.46371	0.00626
7319.53498	0.00343
7317.60625	0.00284
7315.67752	0.00285
7313.74878	0.00184
7311.82005	0.00132
7309.89132	0.00167
7307.96259	0.00067
7306.03386	-0.00109
7304.10513	-0.00069
7302.17640	0.00090
7300.24767	0.00080
7298.31893	-0.00084
7296.39020	-0.00187
7294.46147	-0.00059
7292.53274	0.00228
7290.60401	0.00381
7288.67528	0.00346
7286.74655	0.00363
7284.81782	0.00511
7282.88908	0.00674
7280.96035	0.00819
7279.03162	0.00849
7277.10289	0.00561
7275.17416	0.00155
7273.24543	0.00148
7271.31670	0.00456
7269.38797	0.00504
7267.45924	0.00248
7265.53050	0.00142
7263.60177	0.00318
7261.67304	0.00535
7259.74431	0.00656
7257.81558	0.00730
7255.88685	0.00847
7253.95812	0.00914
7252.02939	0.00709
7250.10065	0.00388
7248.17192	0.00262
7246.24319	0.00257
7244.31446	0.00261
7242.38573	0.00351
7240.45700	0.00473
7238.52827	0.00469
7236.59954	0.00306
7234.67080	0.00073
7232.74207	-0.00193
7230.81334	-0.00396
7228.88461	-0.00287
7226.95588	0.00070
7225.02715	0.00334
7223.09842	0.00424
7221.16969	0.00503
7219.24095	0.00581
7217.31222	0.00518
7215.38349	0.00366
7213.45476	0.00364
7211.52603	0.00546
7209.59730	0.00662
7207.66857	0.00566
7205.73984	0.00393
7203.81110	0.00371
7201.88237	0.00595
7199.95364	0.00933
7198.02491	0.01169
7196.09618	0.01170
7194.16745	0.00977
7192.23872	0.00805
7190.30999	0.00824
7188.38126	0.01021
7186.45252	0.01226
7184.52379	0.01172
7182.59506	0.00835
7180.66633	0.00577
7178.73760	0.00586
7176.80887	0.00729
7174.88014	0.00923
7172.95141	0.00999
7171.02267	0.00913
7169.09394	0.00940
7167.16521	0.01038
7165.23648	0.00866
7163.30775	0.00463
7161.37902	0.00244
7159.45029	0.00461
7157.52156	0.00829
7155.59282	0.00963
7153.66409	0.00915
7151.73536	0.00827
7149.80663	0.00717
7147.87790	0.00663
7145.94917	0.00658
7144.02044	0.00563
7142.09171	0.00349
7140.16297	0.00186
7138.23424	0.00271
7136.30551	0.00508
7134.37678	0.00661
7132.44805	0.00669
7130.51932	0.00618
7128.59059	0.00644
7126.66186	0.00842
7124.73312	0.01149
7122.80439	0.01348
7120.87566	0.01242
7118.94693	0.00886
7117.01820	0.00665
7115.08947	0.00813
7113.16074	0.01001
7111.23201	0.00879
7109.30328	0.00554
7107.37454	0.00394
7105.44581	0.00617
7103.51708	0.01102
7101.58835	0.01556
7099.65962	0.01630
7097.73089	0.01229
7095.80216	0.00758
7093.87343	0.00631
7091.94469	0.00789
7090.01596	0.00946
7088.08723	0.00949
7086.15850	0.00830
7084.22977	0.00776
7082.30104	0.00960
7080.37231	0.01246
7078.44358	0.01318
7076.51484	0.01127
7074.58611	0.00939
7072.65738	0.00906
7070.72865	0.00939
7068.79992	0.00969
7066.87119	0.00963
7064.94246	0.00897
7063.01373	0.00820
7061.08499	0.00823
7059.15626	0.00934
7057.22753	0.01087
7055.29880	0.01165
7053.37007	0.01143
7051.44134	0.01072
7049.51261	0.01010
7047.58388	0.01041
7045.65514	0.01130
7043.72641	0.01056
7041.79768	0.00817
7039.86895	0.00695
7037.94022	0.00790
7036.01149	0.00911
7034.08276	0.00927
7032.15403	0.00970
7030.22530	0.01127
7028.29656	0.01151
7026.36783	0.00923
7024.43910	0.00726
7022.51037	0.00789
7020.58164	0.00967
7018.65291	0.00968
7016.72418	0.00863
7014.79545	0.00922
7012.86671	0.01037
7010.93798	0.01063
7009.00925	0.01087
7007.08052	0.01073
7005.15179	0.01022
7003.22306	0.01095
7001.29433	0.01226
6999.36560	0.01234
6997.43686	0.01218
6995.50813	0.01330
6993.57940	0.01463
6991.65067	0.01474
6989.72194	0.01366
6987.79321	0.01194
6985.86448	0.01097
6983.93575	0.01147
6982.00701	0.01198
6980.07828	0.01146
6978.14955	0.01077
6976.22082	0.01120
6974.29209	0.01233
6972.36336	0.01197
6970.43463	0.00989
6968.50590	0.00851
6966.57716	0.00855
6964.64843	0.00907
6962.71970	0.00928
6960.79097	0.00855
6958.86224	0.00772
6956.93351	0.00768
6955.00478	0.00772
6953.07605	0.00761
6951.14732	0.00784
6949.21858	0.00811
6947.28985	0.00824
6945.36112	0.00863
6943.43239	0.00930
6941.50366	0.00966
6939.57493	0.00901
6937.64620	0.00781
6935.71747	0.00727
6933.78873	0.00740
6931.86000	0.00783
6929.93127	0.00817
6928.00254	0.00771
6926.07381	0.00756
6924.14508	0.00892
6922.21635	0.01064
6920.28762	0.01182
6918.35888	0.01266
6916.43015	0.01282
6914.50142	0.01142
6912.57269	0.00879
6910.64396	0.00664
6908.71523	0.00594
6906.78650	0.00680
6904.85777	0.00842
6902.92903	0.00913
6901.00030	0.00859
6899.07157	0.00751
6897.14284	0.00621
6895.21411	0.00555
6893.28538	0.00681
6891.35665	0.00935
6889.42792	0.01030
6887.49918	0.00911
6885.57045	0.00890
6883.64172	0.01049
6881.71299	0.01118
6879.78426	0.01037
6877.85553	0.00986
6875.92680	0.01013
6873.99807	0.01045
6872.06934	0.01094
6870.14060	0.01168
6868.21187	0.01167
6866.28314	0.01085
6864.35441	0.01019
6862.42568	0.01004
6860.49695	0.01062
6858.56822	0.01152
6856.63949	0.01108
6854.71075	0.00922
6852.78202	0.00776
6850.85329	0.00697
6848.92456	0.00580
6846.99583	0.00580
6845.06710	0.00721
6843.13837	0.00896
6841.20964	0.00948
6839.28090	0.00912
6837.35217	0.00859
6835.42344	0.00812
6833.49471	0.00762
6831.56598	0.00676
6829.63725	0.00674
6827.70852	0.00799
6825.77979	0.00900
6823.85105	0.00974
6821.92232	0.01055
6819.99359	0.01091
6818.06486	0.01079
6816.13613	0.01023
6814.20740	0.00959
6812.27867	0.00918
6810.34994	0.00852
6808.42120	0.00700
6806.49247	0.00487
6804.56374	0.00395
6802.63501	0.00499
6800.70628	0.00630
6798.77755	0.00718
6796.84882	0.00792
6794.92009	0.00770
6792.99136	0.00697
6791.06262	0.00717
6789.13389	0.00744
6787.20516	0.00677
6785.27643	0.00594
6783.34770	0.00550
6781.41897	0.00545
6779.49024	0.00598
6777.56151	0.00669
6775.63277	0.00637
6773.70404	0.00547
6771.77531	0.00585
6769.84658	0.00713
6767.91785	0.00768
6765.98912	0.00736
6764.06039	0.00682
6762.13166	0.00643
6760.20292	0.00608
6758.27419	0.00581
6756.34546	0.00565
6754.41673	0.00598
6752.48800	0.00692
6750.55927	0.00688
6748.63054	0.00513
6746.70181	0.00350
6744.77307	0.00383
6742.84434	0.00542
6740.91561	0.00642
6738.98688	0.00669
6737.05815	0.00662
6735.12942	0.00645
6733.20069	0.00734
6731.27196	0.00910
6729.34322	0.00970
6727.41449	0.00767
6725.48576	0.00457
6723.55703	0.00437
6721.62830	0.00721
6719.69957	0.00901
6717.77084	0.00800
6715.84211	0.00619
6713.91338	0.00577
6711.98464	0.00625
6710.05591	0.00647
6708.12718	0.00691
6706.19845	0.00792
6704.26972	0.00854
6702.34099	0.00813
6700.41226	0.00744
6698.48353	0.00713
6696.55479	0.00699
6694.62606	0.00728
6692.69733	0.00783
6690.76860	0.00753
6688.83987	0.00648
6686.91114	0.00588
6684.98241	0.00536
6683.05368	0.00437
6681.12494	0.00411
6679.19621	0.00469
6677.26748	0.00513
6675.33875	0.00559
6673.41002	0.00651
6671.48129	0.00739
6669.55256	0.00733
6667.62383	0.00674
6665.69509	0.00677
6663.76636	0.00753
6661.83763	0.00849
6659.90890	0.00893
6657.98017	0.00874
6656.05144	0.00845
6654.12271	0.00748
6652.19398	0.00590
6650.26524	0.00511
6648.33651	0.00446
6646.40778	0.00352
6644.47905	0.00355
6642.55032	0.00446
6640.62159	0.00570
6638.69286	0.00645
6636.76413	0.00616
6634.83540	0.00594
6632.90666	0.00616
6630.97793	0.00639
6629.04920	0.00717
6627.12047	0.00819
6625.19174	0.00831
6623.26301	0.00756
6621.33428	0.00673
6619.40555	0.00668
6617.47681	0.00741
6615.54808	0.00759
6613.61935	0.00692
6611.69062	0.00647
6609.76189	0.00661
6607.83316	0.00653
6605.90443	0.00628
6603.97570	0.00708
6602.04696	0.00809
6600.11823	0.00768
6598.18950	0.00682
6596.26077	0.00663
6594.33204	0.00656
6592.40331	0.00654
6590.47458	0.00710
6588.54585	0.00699
6586.61711	0.00525
6584.68838	0.00381
6582.75965	0.00380
6580.83092	0.00499
6578.90219	0.00742
6576.97346	0.00905
6575.04473	0.00811
6573.11600	0.00629
6571.18726	0.00563
6569.25853	0.00608
6567.32980	0.00631
6565.40107	0.00575
6563.47234	0.00527
6561.54361	0.00575
6559.61488	0.00676
6557.68615	0.00683
6555.75742	0.00619
6553.82868	0.00644
6551.89995	0.00711
6549.97122	0.00745
6548.04249	0.00793
6546.11376	0.00802
6544.18503	0.00760
6542.25630	0.00764
6540.32757	0.00759
6538.39883	0.00623
6536.47010	0.00427
6534.54137	0.00363
6532.61264	0.00436
6530.68391	0.00483
6528.75518	0.00499
6526.82645	0.00559
6524.89772	0.00619
6522.96898	0.00656
6521.04025	0.00674
6519.11152	0.00587
6517.18279	0.00433
6515.25406	0.00399
6513.32533	0.00447
6511.39660	0.00425
6509.46787	0.00387
6507.53913	0.00402
6505.61040	0.00444
6503.68167	0.00498
6501.75294	0.00535
6499.82421	0.00539
6497.89548	0.00552
6495.96675	0.00572
6494.03802	0.00540
6492.10928	0.00474
6490.18055	0.00424
6488.25182	0.00402
6486.32309	0.00445
6484.39436	0.00533
6482.46563	0.00566
6480.53690	0.00551
6478.60817	0.00555
6476.67944	0.00534
6474.75070	0.00470
6472.82197	0.00487
6470.89324	0.00583
6468.96451	0.00602
6467.03578	0.00546
6465.10705	0.00529
6463.17832	0.00525
6461.24959	0.00526
6459.32085	0.00592
6457.39212	0.00623
6455.46339	0.00562
6453.53466	0.00530
6451.60593	0.00529
6449.67720	0.00523
6447.74847	0.00551
6445.81974	0.00590
6443.89100	0.00599
6441.96227	0.00582
6440.03354	0.00530
6438.10481	0.00447
6436.17608	0.00383
6434.24735	0.00406
6432.31862	0.00506
6430.38989	0.00520
6428.46115	0.00398
6426.53242	0.00339
6424.60369	0.00408
6422.67496	0.00477
6420.74623	0.00473
6418.81750	0.00424
6416.88877	0.00395
6414.96004	0.00343
6413.03130	0.00279
6411.10257	0.00306
6409.17384	0.00322
6407.24511	0.00271
6405.31638	0.00311
6403.38765	0.00463
6401.45892	0.00556
6399.53019	0.00546
6397.60146	0.00526
6395.67272	0.00507
6393.74399	0.00479
6391.81526	0.00431
6389.88653	0.00362
6387.95780	0.00340
6386.02907	0.00316
6384.10034	0.00250
6382.17161	0.00244
6380.24287	0.00311
6378.31414	0.00398
6376.38541	0.00470
6374.45668	0.00462
6372.52795	0.00398
6370.59922	0.00405
6368.67049	0.00469
6366.74176	0.00456
6364.81302	0.00382
6362.88429	0.00381
6360.95556	0.00440
6359.02683	0.00415
6357.09810	0.00322
6355.16937	0.00293
6353.24064	0.00338
6351.31191	0.00416
6349.38317	0.00487
6347.45444	0.00508
6345.52571	0.00471
6343.59698	0.00362
6341.66825	0.00253
6339.73952	0.00252
6337.81079	0.00318
6335.88206	0.00331
6333.95332	0.00273
6332.02459	0.00240
6330.09586	0.00319
6328.16713	0.00433
6326.23840	0.00420
6324.30967	0.00365
6322.38094	0.00421
6320.45221	0.00436
6318.52348	0.00315
6316.59474	0.00257
6314.66601	0.00341
6312.73728	0.00426
6310.80855	0.00468
6308.87982	0.00535
6306.95109	0.00578
6305.02236	0.00545
6303.09363	0.00534
6301.16489	0.00598
6299.23616	0.00648
6297.30743	0.00594
6295.37870	0.00487
6293.44997	0.00475
6291.52124	0.00524
6289.59251	0.00448
6287.66378	0.00293
6285.73504	0.00218
6283.80631	0.00223
6281.87758	0.00283
6279.94885	0.00336
6278.02012	0.00292
6276.09139	0.00242
6274.16266	0.00278
6272.23393	0.00301
6270.30519	0.00271
6268.37646	0.00273
6266.44773	0.00337
6264.51900	0.00445
6262.59027	0.00523
6260.66154	0.00502
6258.73281	0.00472
6256.80408	0.00508
6254.87534	0.00545
6252.94661	0.00473
6251.01788	0.00285
6249.08915	0.00157
6247.16042	0.00201
6245.23169	0.00289
6243.30296	0.00303
6241.37423	0.00297
6239.44550	0.00339
6237.51676	0.00391
6235.58803	0.00417
6233.65930	0.00467
6231.73057	0.00542
6229.80184	0.00546
6227.87311	0.00441
6225.94438	0.00342
6224.01565	0.00370
6222.08691	0.00457
6220.15818	0.00456
6218.22945	0.00386
6216.30072	0.00348
6214.37199	0.00326
6212.44326	0.00268
6210.51453	0.00215
6208.58580	0.00255
6206.65706	0.00379
6204.72833	0.00452
6202.79960	0.00411
6200.87087	0.00342
6198.94214	0.00337
6197.01341	0.00418
6195.08468	0.00533
6193.15595	0.00587
6191.22721	0.00600
6189.29848	0.00608
6187.36975	0.00537
6185.44102	0.00399
6183.51229	0.00325
6181.58356	0.00358
6179.65483	0.00417
6177.72610	0.00399
6175.79736	0.00341
6173.86863	0.00352
6171.93990	0.00428
6170.01117	0.00475
6168.08244	0.00453
6166.15371	0.00429
6164.22498	0.00430
6162.29625	0.00437
6160.36752	0.00471
6158.43878	0.00486
6156.51005	0.00442
6154.58132	0.00393
6152.65259	0.00374
6150.72386	0.00361
6148.79513	0.00299
6146.86640	0.00199
6144.93767	0.00179
6143.00893	0.00284
6141.08020	0.00427
6139.15147	0.00513
6137.22274	0.00511
6135.29401	0.00459
6133.36528	0.00446
6131.43655	0.00473
6129.50782	0.00442
6127.57908	0.00362
6125.65035	0.00332
6123.72162	0.00368
6121.79289	0.00388
6119.86416	0.00357
6117.93543	0.00337
6116.00670	0.00356
6114.07797	0.00361
6112.14923	0.00340
6110.22050	0.00348
6108.29177	0.00374
6106.36304	0.00378
6104.43431	0.00398
6102.50558	0.00463
6100.57685	0.00518
6098.64812	0.00472
6096.71938	0.00325
6094.79065	0.00224
6092.86192	0.00240
6090.93319	0.00271
6089.00446	0.00264
6087.07573	0.00269
6085.14700	0.00331
6083.21827	0.00434
6081.28954	0.00474
6079.36080	0.00409
6077.43207	0.00359
6075.50334	0.00382
6073.57461	0.00383
6071.64588	0.00346
6069.71715	0.00362
6067.78842	0.00388
6065.85969	0.00333
6063.93095	0.00276
6062.00222	0.00301
6060.07349	0.00330
6058.14476	0.00325
6056.21603	0.00350
6054.28730	0.00387
6052.35857	0.00388
6050.42984	0.00376
6048.50110	0.00366
6046.57237	0.00339
6044.64364	0.00302
6042.71491	0.00301
6040.78618	0.00335
6038.85745	0.00339
6036.92872	0.00301
6034.99999	0.00281
6033.07125	0.00274
6031.14252	0.00253
6029.21379	0.00266
6027.28506	0.00307
6025.35633	0.00294
6023.42760	0.00237
6021.49887	0.00224
6019.57014	0.00261
6017.64140	0.00276
6015.71267	0.00256
6013.78394	0.00227
6011.85521	0.00185
6009.92648	0.00169
6007.99775	0.00240
6006.06902	0.00332
6004.14029	0.00329
6002.21156	0.00281
6000.28282	0.00278
5998.35409	0.00295
5996.42536	0.00323
5994.49663	0.00384
5992.56790	0.00414
5990.63917	0.00373
5988.71044	0.00304
5986.78171	0.00243
5984.85297	0.00235
5982.92424	0.00287
5980.99551	0.00353
5979.06678	0.00397
5977.13805	0.00368
5975.20932	0.00230
5973.28059	0.00079
5971.35186	0.00068
5969.42312	0.00187
5967.49439	0.00301
5965.56566	0.00371
5963.63693	0.00411
5961.70820	0.00420
5959.77947	0.00390
5957.85074	0.00338
5955.92201	0.00353
5953.99327	0.00436
5952.06454	0.00425
5950.13581	0.00309
5948.20708	0.00239
5946.27835	0.00232
5944.34962	0.00206
5942.42089	0.00188
5940.49216	0.00207
5938.56342	0.00217
5936.63469	0.00243
5934.70596	0.00296
5932.77723	0.00312
5930.84850	0.00316
5928.91977	0.00323
5926.99104	0.00289
5925.06231	0.00222
5923.13358	0.00161
5921.20484	0.00135
5919.27611	0.00152
5917.34738	0.00198
5915.41865	0.00246
5913.48992	0.00261
5911.56119	0.00244
5909.63246	0.00221
5907.70373	0.00186
5905.77499	0.00159
5903.84626	0.00195
5901.91753	0.00286
5899.98880	0.00332
5898.06007	0.00268
5896.13134	0.00167
5894.20261	0.00164
5892.27388	0.00243
5890.34514	0.00276
5888.41641	0.00272
5886.48768	0.00294
5884.55895	0.00319
5882.63022	0.00358
5880.70149	0.00413
5878.77276	0.00418
5876.84403	0.00367
5874.91529	0.00309
5872.98656	0.00284
5871.05783	0.00294
5869.12910	0.00318
5867.20037	0.00354
5865.27164	0.00364
5863.34291	0.00314
5861.41418	0.00259
5859.48544	0.00269
5857.55671	0.00300
5855.62798	0.00271
5853.69925	0.00227
5851.77052	0.00217
5849.84179	0.00187
5847.91306	0.00137
5845.98433	0.00149
5844.05560	0.00222
5842.12686	0.00273
5840.19813	0.00281
5838.26940	0.00261
5836.34067	0.00229
5834.41194	0.00215
5832.48321	0.00216
5830.55448	0.00207
5828.62575	0.00175
5826.69701	0.00127
5824.76828	0.00103
5822.83955	0.00127
5820.91082	0.00172
5818.98209	0.00164
5817.05336	0.00106
5815.12463	0.00117
5813.19590	0.00219
5811.26716	0.00276
5809.33843	0.00234
5807.40970	0.00184
5805.48097	0.00172
5803.55224	0.00173
5801.62351	0.00147
5799.69478	0.00082
5797.76605	0.00063
5795.83731	0.00114
5793.90858	0.00136
5791.97985	0.00137
5790.05112	0.00164
5788.12239	0.00173
5786.19366	0.00147
5784.26493	0.00115
5782.33620	0.00097
5780.40746	0.00113
5778.47873	0.00146
5776.55000	0.00137
5774.62127	0.00096
5772.69254	0.00098
5770.76381	0.00156
5768.83508	0.00215
5766.90635	0.00229
5764.97762	0.00200
5763.04888	0.00154
5761.12015	0.00112
5759.19142	0.00078
5757.26269	0.00039
5755.33396	-0.00001
5753.40523	0.00008
5751.47650	0.00060
5749.54777	0.00114
5747.61903	0.00181
5745.69030	0.00268
5743.76157	0.00318
5741.83284	0.00277
5739.90411	0.00179
5737.97538	0.00114
5736.04665	0.00120
5734.11792	0.00144
5732.18918	0.00120
5730.26045	0.00078
5728.33172	0.00066
5726.40299	0.00073
5724.47426	0.00061
5722.54553	0.00046
5720.61680	0.00064
5718.68807	0.00098
5716.75933	0.00126
5714.83060	0.00151
5712.90187	0.00169
5710.97314	0.00164
5709.04441	0.00135
5707.11568	0.00134
5705.18695	0.00194
5703.25822	0.00254
5701.32948	0.00269
5699.40075	0.00247
5697.47202	0.00189
5695.54329	0.00124
5693.61456	0.00108
5691.68583	0.00143
5689.75710	0.00193
5687.82837	0.00234
5685.89964	0.00221
5683.97090	0.00148
5682.04217	0.00091
5680.11344	0.00091
5678.18471	0.00089
5676.25598	0.00075
5674.32725	0.00108
5672.39852	0.00165
5670.46979	0.00187
5668.54105	0.00176
5666.61232	0.00150
5664.68359	0.00124
5662.75486	0.00116
5660.82613	0.00122
5658.89740	0.00130
5656.96867	0.00135
5655.03994	0.00143
5653.11120	0.00148
5651.18247	0.00146
5649.25374	0.00156
5647.32501	0.00176
5645.39628	0.00178
5643.46755	0.00148
5641.53882	0.00117
5639.61009	0.00118
5637.68135	0.00136
5635.75262	0.00142
5633.82389	0.00131
5631.89516	0.00120
5629.96643	0.00118
5628.03770	0.00124
5626.10897	0.00146
5624.18024	0.00168
5622.25150	0.00181
5620.32277	0.00197
5618.39404	0.00228
5616.46531	0.00256
5614.53658	0.00256
5612.60785	0.00239
5610.67912	0.00217
5608.75039	0.00177
5606.82166	0.00137
5604.89292	0.00128
5602.96419	0.00142
5601.03546	0.00138
5599.10673	0.00091
5597.17800	0.00084
5595.24927	0.00095
5593.32054	0.00107
5591.39181	0.00131
5589.46307	0.00175
5587.53434	0.00219
5585.60561	0.00235
5583.67688	0.00246
5581.74815	0.00253
5579.81942	0.00234
5577.89069	0.00201
5575.96196	0.00172
5574.03322	0.00133
5572.10449	0.00085
5570.17576	0.00051
5568.24703	0.00035
5566.31830	0.00034
5564.38957	0.00063
5562.46084	0.00104
5560.53211	0.00120
5558.60337	0.00113
5556.67464	0.00105
5554.74591	0.00105
5552.81718	0.00097
5550.88845	0.00067
5548.95972	0.00041
5547.03099	0.00028
5545.10226	0.00016
5543.17352	0.00026
5541.24479	0.00072
5539.31606	0.00106
5537.38733	0.00100
5535.45860	0.00085
5533.52987	0.00087
5531.60114	0.00092
5529.67241	0.00107
5527.74368	0.00142
5525.81494	0.00159
5523.88621	0.00117
5521.95748	0.00040
5520.02875	-0.00014
5518.10002	-0.00026
5516.17129	-0.00006
5514.24256	0.00027
5512.31383	0.00047
5510.38509	0.00031
5508.45636	-0.00027
5506.52763	-0.00079
5504.59890	-0.00065
5502.67017	0.00001
5500.74144	0.00052
5498.81271	0.00074
5496.88398	0.00086
5494.95524	0.00036
5493.02651	-0.00105
5491.09778	-0.00220
5489.16905	-0.00199
5487.24032	-0.00091
5485.31159	0.00003
5483.38286	0.00050
5481.45413	0.00078
5479.52539	0.00074
5477.59666	-0.00026
5475.66793	-0.00168
5473.73920	-0.00165
5471.81047	-0.00018
5469.88174	0.00069
5467.95301	0.00030
5466.02428	-0.00041
5464.09554	-0.00099
5462.16681	-0.00157
5460.23808	-0.00184
5458.30935	-0.00127
5456.38062	-0.00033
5454.45189	0.00019
5452.52316	-0.00009
5450.59443	-0.00120
5448.66570	-0.00270
5446.73696	-0.00384
5444.80823	-0.00426
5442.87950	-0.00435
5440.95077	-0.00423
5439.02204	-0.00337
5437.09331	-0.00233
5435.16458	-0.00199
5433.23585	-0.00212
5431.30711	-0.00269
5429.37838	-0.00355
5427.44965	-0.00332
5425.52092	-0.00184
5423.59219	-0.00062
5421.66346	-0.00018
5419.73473	0.00017
5417.80600	0.00016
5415.87726	-0.00132
5413.94853	-0.00384
5412.01980	-0.00545
5410.09107	-0.00525
5408.16234	-0.00393
5406.23361	-0.00242
5404.30488	-0.00131
5402.37615	-0.00060
5400.44741	-0.00029
5398.51868	-0.00075
5396.58995	-0.00205
5394.66122	-0.00333
5392.73249	-0.00341
5390.80376	-0.00238
5388.87503	-0.00178
5386.94630	-0.00228
5385.01756	-0.00277
5383.08883	-0.00221
5381.16010	-0.00143
5379.23137	-0.00186
5377.30264	-0.00325
5375.37391	-0.00390
5373.44518	-0.00296
5371.51645	-0.00150
5369.58772	-0.00086
5367.65898	-0.00125
5365.73025	-0.00197
5363.80152	-0.00222
5361.87279	-0.00171
5359.94406	-0.00087
5358.01533	-0.00077
5356.08660	-0.00223
5354.15787	-0.00428
5352.22913	-0.00481
5350.30040	-0.00377
5348.37167	-0.00341
5346.44294	-0.00471
5344.51421	-0.00601
5342.58548	-0.00583
5340.65675	-0.00535
5338.72802	-0.00561
5336.79928	-0.00542
5334.87055	-0.00405
5332.94182	-0.00271
5331.01309	-0.00248
5329.08436	-0.00326
5327.15563	-0.00388
5325.22690	-0.00329
5323.29817	-0.00195
5321.36943	-0.00102
5319.44070	-0.00084
5317.51197	-0.00110
5315.58324	-0.00141
5313.65451	-0.00155
5311.72578	-0.00161
5309.79705	-0.00197
5307.86832	-0.00259
5305.93958	-0.00274
5304.01085	-0.00233
5302.08212	-0.00215
5300.15339	-0.00233
5298.22466	-0.00230
5296.29593	-0.00199
5294.36720	-0.00190
5292.43847	-0.00246
5290.50974	-0.00328
5288.58100	-0.00342
5286.65227	-0.00294
5284.72354	-0.00279
5282.79481	-0.00296
5280.86608	-0.00284
5278.93735	-0.00234
5277.00862	-0.00193
5275.07989	-0.00186
5273.15115	-0.00199
5271.22242	-0.00228
5269.29369	-0.00285
5267.36496	-0.00369
5265.43623	-0.00484
5263.50750	-0.00582
5261.57877	-0.00561
5259.65004	-0.00446
5257.72130	-0.00386
5255.79257	-0.00438
5253.86384	-0.00492
5251.93511	-0.00494
5250.00638	-0.00539
5248.07765	-0.00629
5246.14892	-0.00663
5244.22019	-0.00615
5242.29145	-0.00519
5240.36272	-0.00424
5238.43399	-0.00392
5236.50526	-0.00414
5234.57653	-0.00442
5232.64780	-0.00472
5230.71907	-0.00515
5228.79034	-0.00575
5226.86160	-0.00658
5224.93287	-0.00712
5223.00414	-0.00677
5221.07541	-0.00622
5219.14668	-0.00617
5217.21795	-0.00596
5215.28922	-0.00510
5213.36049	-0.00422
5211.43176	-0.00430
5209.50302	-0.00571
5207.57429	-0.00766
5205.64556	-0.00826
5203.71683	-0.00692
5201.78810	-0.00549
5199.85937	-0.00537
5197.93064	-0.00602
5196.00191	-0.00642
5194.07317	-0.00625
5192.14444	-0.00595
5190.21571	-0.00596
5188.28698	-0.00639
5186.35825	-0.00696
5184.42952	-0.00708
5182.50079	-0.00647
5180.57206	-0.00570
5178.64332	-0.00528
5176.71459	-0.00509
5174.78586	-0.00506
5172.85713	-0.00525
5170.92840	-0.00543
5168.99967	-0.00537
5167.07094	-0.00530
5165.14221	-0.00554
5163.21347	-0.00594
5161.28474	-0.00614
5159.35601	-0.00611
5157.42728	-0.00602
5155.49855	-0.00586
5153.56982	-0.00549
5151.64109	-0.00511
5149.71236	-0.00506
5147.78362	-0.00519
5145.85489	-0.00517
5143.92616	-0.00519
5141.99743	-0.00533
5140.06870	-0.00527
5138.13997	-0.00496
5136.21124	-0.00471
5134.28251	-0.00452
5132.35378	-0.00436
5130.42504	-0.00441
5128.49631	-0.00456
5126.56758	-0.00451
5124.63885	-0.00440
5122.71012	-0.00447
5120.78139	-0.00462
5118.85266	-0.00462
5116.92393	-0.00451
5114.99519	-0.00448
5113.06646	-0.00467
5111.13773	-0.00489
5109.20900	-0.00485
5107.28027	-0.00461
5105.35154	-0.00439
5103.42281	-0.00427
5101.49408	-0.00430
5099.56534	-0.00443
5097.63661	-0.00436
5095.70788	-0.00420
5093.77915	-0.00440
5091.85042	-0.00478
5089.92169	-0.00472
5087.99296	-0.00420
5086.06423	-0.00374
5084.13549	-0.00352
5082.20676	-0.00340
5080.27803	-0.00333
5078.34930	-0.00335
5076.42057	-0.00339
5074.49184	-0.00343
5072.56311	-0.00355
5070.63438	-0.00385
5068.70564	-0.00411
5066.77691	-0.00399
5064.84818	-0.00370
5062.91945	-0.00366
5060.99072	-0.00368
5059.06199	-0.00353
5057.13326	-0.00338
5055.20453	-0.00333
5053.27580	-0.00330
5051.34706	-0.00321
5049.41833	-0.00311
5047.48960	-0.00317
5045.56087	-0.00323
5043.63214	-0.00304
5041.70341	-0.00296
5039.77468	-0.00322
5037.84595	-0.00335
5035.91721	-0.00317
5033.98848	-0.00306
5032.05975	-0.00314
5030.13102	-0.00322
5028.20229	-0.00327
5026.27356	-0.00339
5024.34483	-0.00345
5022.41610	-0.00324
5020.48736	-0.00293
5018.55863	-0.00270
5016.62990	-0.00258
5014.70117	-0.00253
5012.77244	-0.00262
5010.84371	-0.00282
5008.91498	-0.00288
5006.98625	-0.00275
5005.05751	-0.00274
5003.12878	-0.00281
5001.20005	-0.00273
4999.27132	-0.00272
4997.34259	-0.00293
4995.41386	-0.00341
4993.48513	-0.00380
4991.55640	-0.00371
4989.62766	-0.00334
4987.69893	-0.00305
4985.77020	-0.00294
4983.84147	-0.00291
4981.91274	-0.00293
4979.98401	-0.00288
4978.05528	-0.00266
4976.12655	-0.00243
4974.19782	-0.00244
4972.26908	-0.00257
4970.34035	-0.00249
4968.41162	-0.00237
4966.48289	-0.00250
4964.55416	-0.00270
4962.62543	-0.00270
4960.69670	-0.00259
4958.76797	-0.00246
4956.83923	-0.00237
4954.91050	-0.00251
4952.98177	-0.00279
4951.05304	-0.00297
4949.12431	-0.00291
4947.19558	-0.00275
4945.26685	-0.00264
4943.33812	-0.00256
4941.40938	-0.00248
4939.48065	-0.00250
4937.55192	-0.00254
4935.62319	-0.00255
4933.69446	-0.00263
4931.76573	-0.00272
4929.83700	-0.00273
4927.90827	-0.00265
4925.97953	-0.00262
4924.05080	-0.00280
4922.12207	-0.00306
4920.19334	-0.00318
4918.26461	-0.00305
4916.33588	-0.00257
4914.40715	-0.00205
4912.47842	-0.00213
4910.54968	-0.00248
4908.62095	-0.00232
4906.69222	-0.00204
4904.76349	-0.00229
4902.83476	-0.00274
4900.90603	-0.00296
4898.97730	-0.00304
4897.04857	-0.00301
4895.11984	-0.00277
4893.19110	-0.00243
4891.26237	-0.00215
4889.33364	-0.00202
4887.40491	-0.00214
4885.47618	-0.00241
4883.54745	-0.00254
4881.61872	-0.00249
4879.68999	-0.00242
4877.76125	-0.00231
4875.83252	-0.00227
4873.90379	-0.00256
4871.97506	-0.00301
4870.04633	-0.00327
4868.11760	-0.00329
4866.18887	-0.00318
4864.26014	-0.00307
4862.33140	-0.00303
4860.40267	-0.00310
4858.47394	-0.00335
4856.54521	-0.00351
4854.61648	-0.00325
4852.68775	-0.00294
4850.75902	-0.00296
4848.83029	-0.00307
4846.90155	-0.00322
4844.97282	-0.00347
4843.04409	-0.00354
4841.11536	-0.00332
4839.18663	-0.00322
4837.25790	-0.00330
4835.32917	-0.00320
4833.40044	-0.00307
4831.47170	-0.00329
4829.54297	-0.00367
4827.61424	-0.00378
4825.68551	-0.00360
4823.75678	-0.00340
4821.82805	-0.00331
4819.89932	-0.00321
4817.97059	-0.00308
4816.04186	-0.00318
4814.11312	-0.00353
4812.18439	-0.00379
4810.25566	-0.00381
4808.32693	-0.00373
4806.39820	-0.00373
4804.46947	-0.00389
4802.54074	-0.00409
4800.61201	-0.00407
4798.68327	-0.00386
4796.75454	-0.00379
4794.82581	-0.00392
4792.89708	-0.00399
4790.96835	-0.00400
4789.03962	-0.00412
4787.11089	-0.00436
4785.18216	-0.00446
4783.25342	-0.00428
4781.32469	-0.00412
4779.39596	-0.00409
4777.46723	-0.00414
4775.53850	-0.00423
4773.60977	-0.00425
4771.68104	-0.00415
4769.75231	-0.00408
4767.82357	-0.00408
4765.89484	-0.00414
4763.96611	-0.00431
4762.03738	-0.00450
4760.10865	-0.00466
4758.17992	-0.00487
4756.25119	-0.00505
4754.32246	-0.00516
4752.39372	-0.00523
4750.46499	-0.00504
4748.53626	-0.00468
4746.60753	-0.00455
4744.67880	-0.00464
4742.75007	-0.00463
4740.82134	-0.00454
4738.89261	-0.00455
4736.96388	-0.00459
4735.03514	-0.00465
4733.10641	-0.00471
4731.17768	-0.00468
4729.24895	-0.00463
4727.32022	-0.00459
4725.39149	-0.00446
4723.46276	-0.00439
4721.53403	-0.00447
4719.60529	-0.00454
4717.67656	-0.00466
4715.74783	-0.00489
4713.81910	-0.00510
4711.89037	-0.00524
4709.96164	-0.00520
4708.03291	-0.00502
4706.10418	-0.00497
4704.17544	-0.00494
4702.24671	-0.00485
4700.31798	-0.00492
4698.38925	-0.00507
4696.46052	-0.00512
4694.53179	-0.00518
4692.60306	-0.00525
4690.67433	-0.00513
4688.74559	-0.00477
4686.81686	-0.00449
4684.88813	-0.00450
4682.95940	-0.00459
4681.03067	-0.00460
4679.10194	-0.00466
4677.17321	-0.00479
4675.24448	-0.00490
4673.31574	-0.00485
4671.38701	-0.00465
4669.45828	-0.00447
4667.52955	-0.00446
4665.60082	-0.00446
4663.67209	-0.00442
4661.74336	-0.00448
4659.81463	-0.00466
4657.88590	-0.00482
4655.95716	-0.00493
4654.02843	-0.00508
4652.09970	-0.00515
4650.17097	-0.00502
4648.24224	-0.00473
4646.31351	-0.00449
4644.38478	-0.00452
4642.45605	-0.00470
4640.52731	-0.00473
4638.59858	-0.00453
4636.66985	-0.00421
4634.74112	-0.00406
4632.81239	-0.00421
4630.88366	-0.00446
4628.95493	-0.00468
4627.02620	-0.00491
4625.09746	-0.00500
4623.16873	-0.00488
4621.24000	-0.00477
4619.31127	-0.00475
4617.38254	-0.00468
4615.45381	-0.00447
4613.52508	-0.00441
4611.59635	-0.00463
4609.66761	-0.00476
4607.73888	-0.00460
4605.81015	-0.00439
4603.88142	-0.00431
4601.95269	-0.00432
4600.02396	-0.00426
4598.09523	-0.00413
4596.16650	-0.00412
4594.23776	-0.00438
4592.30903	-0.00469
4590.38030	-0.00486
4588.45157	-0.00489
4586.52284	-0.00493
4584.59411	-0.00501
4582.66538	-0.00508
4580.73665	-0.00508
4578.80792	-0.00502
4576.87918	-0.00496
4574.95045	-0.00479
4573.02172	-0.00460
4571.09299	-0.00453
4569.16426	-0.00445
4567.23553	-0.00439
4565.30680	-0.00447
4563.37807	-0.00454
4561.44933	-0.00457
4559.52060	-0.00463
4557.59187	-0.00475
4555.66314	-0.00480
4553.73441	-0.00477
4551.80568	-0.00480
4549.87695	-0.00486
4547.94822	-0.00478
4546.01948	-0.00464
4544.09075	-0.00467
4542.16202	-0.00485
4540.23329	-0.00493
4538.30456	-0.00491
4536.37583	-0.00495
4534.44710	-0.00502
4532.51837	-0.00499
4530.58963	-0.00494
4528.66090	-0.00494
4526.73217	-0.00503
4524.80344	-0.00515
4522.87471	-0.00514
4520.94598	-0.00503
4519.01725	-0.00504
4517.08852	-0.00520
4515.15978	-0.00521
4513.23105	-0.00500
4511.30232	-0.00494
4509.37359	-0.00508
4507.44486	-0.00520
4505.51613	-0.00535
4503.58740	-0.00552
4501.65867	-0.00546
4499.72994	-0.00521
4497.80120	-0.00519
4495.87247	-0.00540
4493.94374	-0.00547
4492.01501	-0.00542
4490.08628	-0.00547
4488.15755	-0.00565
4486.22882	-0.00577
4484.30009	-0.00577
4482.37135	-0.00571
4480.44262	-0.00568
4478.51389	-0.00573
4476.58516	-0.00580
4474.65643	-0.00585
4472.72770	-0.00587
4470.79897	-0.00575
4468.87024	-0.00556
4466.94150	-0.00547
4465.01277	-0.00546
4463.08404	-0.00545
4461.15531	-0.00540
4459.22658	-0.00527
4457.29785	-0.00523
4455.36912	-0.00533
4453.44039	-0.00537
4451.51165	-0.00532
4449.58292	-0.00532
4447.65419	-0.00542
4445.72546	-0.00547
4443.79673	-0.00557
4441.86800	-0.00587
4439.93927	-0.00600
4438.01054	-0.00565
4436.08180	-0.00530
4434.15307	-0.00526
4432.22434	-0.00523
4430.29561	-0.00514
4428.36688	-0.00527
4426.43815	-0.00546
4424.50942	-0.00552
4422.58069	-0.00553
4420.65196	-0.00555
4418.72322	-0.00559
4416.79449	-0.00560
4414.86576	-0.00550
4412.93703	-0.00533
4411.00830	-0.00520
4409.07957	-0.00520
4407.15084	-0.00519
4405.22211	-0.00514
4403.29337	-0.00529
4401.36464	-0.00552
4399.43591	-0.00553
4397.50718	-0.00540
4395.57845	-0.00542
4393.64972	-0.00557
4391.72099	-0.00565
4389.79226	-0.00561
4387.86352	-0.00551
4385.93479	-0.00539
4384.00606	-0.00539
4382.07733	-0.00543
4380.14860	-0.00537
4378.21987	-0.00531
4376.29114	-0.00543
4374.36241	-0.00563
4372.43367	-0.00574
4370.50494	-0.00575
4368.57621	-0.00574
4366.64748	-0.00569
4364.71875	-0.00552
4362.79002	-0.00528
4360.86129	-0.00518
4358.93256	-0.00522
4357.00382	-0.00532
4355.07509	-0.00536
4353.14636	-0.00522
4351.21763	-0.00509
4349.28890	-0.00521
4347.36017	-0.00527
4345.43144	-0.00506
4343.50271	-0.00493
4341.57398	-0.00509
4339.64524	-0.00531
4337.71651	-0.00533
4335.78778	-0.00526
4333.85905	-0.00533
4331.93032	-0.00545
4330.00159	-0.00542
4328.07286	-0.00531
4326.14413	-0.00532
4324.21539	-0.00549
4322.28666	-0.00574
4320.35793	-0.00583
4318.42920	-0.00571
4316.50047	-0.00557
4314.57174	-0.00562
4312.64301	-0.00586
4310.71428	-0.00616
4308.78554	-0.00628
4306.85681	-0.00626
4304.92808	-0.00620
4302.99935	-0.00621
4301.07062	-0.00630
4299.14189	-0.00631
4297.21316	-0.00612
4295.28443	-0.00593
4293.35569	-0.00590
4291.42696	-0.00599
4289.49823	-0.00600
4287.56950	-0.00587
4285.64077	-0.00587
4283.71204	-0.00598
4281.78331	-0.00597
4279.85458	-0.00582
4277.92584	-0.00565
4275.99711	-0.00565
4274.06838	-0.00581
4272.13965	-0.00597
4270.21092	-0.00603
4268.28219	-0.00599
4266.35346	-0.00596
4264.42473	-0.00607
4262.49600	-0.00625
4260.56726	-0.00642
4258.63853	-0.00652
4256.70980	-0.00648
4254.78107	-0.00639
4252.85234	-0.00638
4250.92361	-0.00640
4248.99488	-0.00637
4247.06615	-0.00637
4245.13741	-0.00639
4243.20868	-0.00640
4241.27995	-0.00639
4239.35122	-0.00639
4237.42249	-0.00649
4235.49376	-0.00661
4233.56503	-0.00653
4231.63630	-0.00645
4229.70756	-0.00660
4227.77883	-0.00673
4225.85010	-0.00661
4223.92137	-0.00644
4221.99264	-0.00652
4220.06391	-0.00688
4218.13518	-0.00717
4216.20645	-0.00710
4214.27771	-0.00680
4212.34898	-0.00660
4210.42025	-0.00655
4208.49152	-0.00655
4206.56279	-0.00663
4204.63406	-0.00676
4202.70533	-0.00682
4200.77660	-0.00677
4198.84786	-0.00666
4196.91913	-0.00664
4194.99040	-0.00685
4193.06167	-0.00708
4191.13294	-0.00712
4189.20421	-0.00709
4187.27548	-0.00703
4185.34675	-0.00696
4183.41802	-0.00711
4181.48928	-0.00738
4179.56055	-0.00731
4177.63182	-0.00706
4175.70309	-0.00706
4173.77436	-0.00714
4171.84563	-0.00702
4169.91690	-0.00689
4167.98817	-0.00705
4166.05943	-0.00734
4164.13070	-0.00741
4162.20197	-0.00738
4160.27324	-0.00742
4158.34451	-0.00752
4156.41578	-0.00771
4154.48705	-0.00787
4152.55832	-0.00786
4150.62958	-0.00789
4148.70085	-0.00799
4146.77212	-0.00799
4144.84339	-0.00805
4142.91466	-0.00830
4140.98593	-0.00853
4139.05720	-0.00866
4137.12847	-0.00879
4135.19973	-0.00888
4133.27100	-0.00879
4131.34227	-0.00855
4129.41354	-0.00836
4127.48481	-0.00833
4125.55608	-0.00844
4123.62735	-0.00863
4121.69862	-0.00882
4119.76988	-0.00894
4117.84115	-0.00892
4115.91242	-0.00872
4113.98369	-0.00850
4112.05496	-0.00851
4110.12623	-0.00883
4108.19750	-0.00939
4106.26877	-0.00984
4104.34004	-0.00968
4102.41130	-0.00915
4100.48257	-0.00884
4098.55384	-0.00876
4096.62511	-0.00876
4094.69638	-0.00884
4092.76765	-0.00902
4090.83892	-0.00936
4088.91019	-0.00975
4086.98145	-0.00981
4085.05272	-0.00959
4083.12399	-0.00958
4081.19526	-0.00994
4079.26653	-0.01018
4077.33780	-0.00998
4075.40907	-0.00963
4073.48034	-0.00950
4071.55160	-0.00950
4069.62287	-0.00953
4067.69414	-0.00951
4065.76541	-0.00942
4063.83668	-0.00951
4061.90795	-0.00995
4059.97922	-0.01029
4058.05049	-0.01013
4056.12175	-0.00980
4054.19302	-0.00978
4052.26429	-0.01004
4050.33556	-0.01026
4048.40683	-0.01064
4046.47810	-0.01157
4044.54937	-0.01215
4042.62064	-0.01141
4040.69190	-0.01036
4038.76317	-0.01009
4036.83444	-0.01026
4034.90571	-0.01051
4032.97698	-0.01081
4031.04825	-0.01108
4029.11952	-0.01136
4027.19079	-0.01189
4025.26206	-0.01225
4023.33332	-0.01205
4021.40459	-0.01207
4019.47586	-0.01239
4017.54713	-0.01214
4015.61840	-0.01158
4013.68967	-0.01148
4011.76094	-0.01201
4009.83221	-0.01286
4007.90347	-0.01308
4005.97474	-0.01235
4004.04601	-0.01167
4002.11728	-0.01148
4000.18855	-0.01149
3998.25982	-0.01212
3996.33109	-0.01234
3994.40236	-0.01247
3992.47362	-0.01262
3990.54489	-0.01276
3988.61616	-0.01287
3986.68743	-0.01291
3984.75870	-0.01289
3982.82997	-0.01292
3980.90124	-0.01294
3978.97251	-0.01280
3977.04377	-0.01258
3975.11504	-0.01265
3973.18631	-0.01295
3971.25758	-0.01315
3969.32885	-0.01317
3967.40012	-0.01316
3965.47139	-0.01329
3963.54266	-0.01361
3961.61392	-0.01389
3959.68519	-0.01387
3957.75646	-0.01365
3955.82773	-0.01349
3953.89900	-0.01349
3951.97027	-0.01380
3950.04154	-0.01463
3948.11281	-0.01550
3946.18408	-0.01546
3944.25534	-0.01480
3942.32661	-0.01451
3940.39788	-0.01458
3938.46915	-0.01458
3936.54042	-0.01476
3934.61169	-0.01546
3932.68296	-0.01630
3930.75423	-0.01646
3928.82549	-0.01584
3926.89676	-0.01509
3924.96803	-0.01489
3923.03930	-0.01536
3921.11057	-0.01597
3919.18184	-0.01667
3917.25311	-0.01721
3915.32438	-0.01699
3913.39564	-0.01627
3911.46691	-0.01576
3909.53818	-0.01549
3907.60945	-0.01522
3905.68072	-0.01556
3903.75199	-0.01703
3901.82326	-0.01838
3899.89453	-0.01864
3897.96579	-0.01871
3896.03706	-0.01881
3894.10833	-0.01879
3892.17960	-0.01909
3890.25087	-0.01961
3888.32214	-0.01972
3886.39341	-0.01982
3884.46468	-0.02022
3882.53594	-0.02074
3880.60721	-0.02131
3878.67848	-0.02160
3876.74975	-0.02138
3874.82102	-0.02133
3872.89229	-0.02177
3870.96356	-0.02243
3869.03483	-0.02301
3867.10610	-0.02312
3865.17736	-0.02311
3863.24863	-0.02373
3861.31990	-0.02456
3859.39117	-0.02478
3857.46244	-0.02439
3855.53371	-0.02371
3853.60498	-0.02331
3851.67625	-0.02385
3849.74751	-0.02445
3847.81878	-0.02439
3845.89005	-0.02359
3843.96132	-0.02293
3842.03259	-0.02303
3840.10386	-0.02348
3838.17513	-0.02397
3836.24640	-0.02423
3834.31766	-0.02441
3832.38893	-0.02474
3830.46020	-0.02495
3828.53147	-0.02490
3826.60274	-0.02473
3824.67401	-0.02439
3822.74528	-0.02416
3820.81655	-0.02475
3818.88781	-0.02542
3816.95908	-0.02531
3815.03035	-0.02493
3813.10162	-0.02433
3811.17289	-0.02340
3809.24416	-0.02262
3807.31543	-0.02270
3805.38670	-0.02307
3803.45796	-0.02291
3801.52923	-0.02284
3799.60050	-0.02313
3797.67177	-0.02297
3795.74304	-0.02236
3793.81431	-0.02142
3791.88558	-0.02053
3789.95685	-0.02007
3788.02812	-0.02002
3786.09938	-0.02014
3784.17065	-0.02022
3782.24192	-0.02002
3780.31319	-0.01991
3778.38446	-0.02033
3776.45573	-0.02067
3774.52700	-0.02047
3772.59827	-0.02028
3770.66953	-0.02094
3768.74080	-0.02226
3766.81207	-0.02322
3764.88334	-0.02365
3762.95461	-0.02390
3761.02588	-0.02443
3759.09715	-0.02580
3757.16842	-0.02741
3755.23968	-0.02798
3753.31095	-0.02821
3751.38222	-0.03007
3749.45349	-0.03298
3747.52476	-0.03418
3745.59603	-0.03433
3743.66730	-0.03379
3741.73857	-0.03239
3739.80983	-0.03076
3737.88110	-0.02946
3735.95237	-0.02912
3734.02364	-0.02944
3732.09491	-0.02903
3730.16618	-0.02769
3728.23745	-0.02632
3726.30872	-0.02542
3724.37998	-0.02469
3722.45125	-0.02354
3720.52252	-0.02189
3718.59379	-0.02025
3716.66506	-0.01862
3714.73633	-0.01671
3712.80760	-0.01487
3710.87887	-0.01405
3708.95014	-0.01357
3707.02140	-0.01206
3705.09267	-0.00973
3703.16394	-0.00758
3701.23521	-0.00632
3699.30648	-0.00555
3697.37775	-0.00468
3695.44902	-0.00362
3693.52029	-0.00230
3691.59155	-0.00098
3689.66282	-0.00069
3687.73409	-0.00119
3685.80536	-0.00099
3683.87663	0.00004
3681.94790	0.00151
3680.01917	0.00339
3678.09044	0.00541
3676.16170	0.00703
3674.23297	0.00818
3672.30424	0.00973
3670.37551	0.01114
3668.44678	0.01177
3666.51805	0.01263
3664.58932	0.01427
3662.66059	0.01630
3660.73185	0.01819
3658.80312	0.01955
3656.87439	0.02001
3654.94566	0.02036
3653.01693	0.02177
3651.08820	0.02326
3649.15947	0.02270
3647.23074	0.02176
3645.30200	0.02243
3643.37327	0.02391
3641.44454	0.02531
3639.51581	0.02644
3637.58708	0.02729
3635.65835	0.02803
3633.72962	0.02912
3631.80089	0.03053
3629.87216	0.03128
3627.94342	0.03111
3626.01469	0.03136
3624.08596	0.03263
3622.15723	0.03423
3620.22850	0.03507
3618.29977	0.03458
3616.37104	0.03380
3614.44231	0.03365
3612.51357	0.03386
3610.58484	0.03412
3608.65611	0.03465
3606.72738	0.03551
3604.79865	0.03680
3602.86992	0.03811
3600.94119	0.03885
3599.01246	0.03909
3597.08372	0.03935
3595.15499	0.03965
3593.22626	0.04007
3591.29753	0.04091
3589.36880	0.04176
3587.44007	0.04182
3585.51134	0.04163
3583.58261	0.04217
3581.65387	0.04322
3579.72514	0.04424
3577.79641	0.04501
3575.86768	0.04553
3573.93895	0.04603
3572.01022	0.04675
3570.08149	0.04733
3568.15276	0.04701
3566.22402	0.04626
3564.29529	0.04642
3562.36656	0.04748
3560.43783	0.04859
3558.50910	0.04948
3556.58037	0.05018
3554.65164	0.05065
3552.72291	0.05076
3550.79418	0.05053
3548.86544	0.05013
3546.93671	0.04983
3545.00798	0.05007
3543.07925	0.05084
3541.15052	0.05170
3539.22179	0.05238
3537.29306	0.05281
3535.36433	0.05309
3533.43559	0.05337
3531.50686	0.05357
3529.57813	0.05332
3527.64940	0.05265
3525.72067	0.05224
3523.79194	0.05249
3521.86321	0.05310
3519.93448	0.05376
3518.00574	0.05433
3516.07701	0.05464
3514.14828	0.05473
3512.21955	0.05461
3510.29082	0.05434
3508.36209	0.05418
3506.43336	0.05434
3504.50463	0.05459
3502.57589	0.05460
3500.64716	0.05462
3498.71843	0.05498
3496.78970	0.05539
3494.86097	0.05566
3492.93224	0.05590
3491.00351	0.05619
3489.07478	0.05643
3487.14604	0.05657
3485.21731	0.05669
3483.28858	0.05683
3481.35985	0.05692
3479.43112	0.05716
3477.50239	0.05760
3475.57366	0.05786
3473.64493	0.05787
3471.71620	0.05799
3469.78746	0.05830
3467.85873	0.05853
3465.93000	0.05855
3464.00127	0.05854
3462.07254	0.05854
3460.14381	0.05851
3458.21508	0.05852
3456.28635	0.05862
3454.35761	0.05880
3452.42888	0.05893
3450.50015	0.05902
3448.57142	0.05909
3446.64269	0.05890
3444.71396	0.05867
3442.78523	0.05866
3440.85650	0.05875
3438.92776	0.05885
3436.99903	0.05893
3435.07030	0.05886
3433.14157	0.05870
3431.21284	0.05859
3429.28411	0.05851
3427.35538	0.05847
3425.42665	0.05839
3423.49791	0.05812
3421.56918	0.05777
3419.64045	0.05770
3417.71172	0.05800
3415.78299	0.05834
3413.85426	0.05849
3411.92553	0.05828
3409.99680	0.05792
3408.06806	0.05768
3406.13933	0.05746
3404.21060	0.05719
3402.28187	0.05709
3400.35314	0.05694
3398.42441	0.05589
3396.49568	0.05539
3394.56695	0.05521
3392.63822	0.05502
3390.70948	0.05501
3388.78075	0.05507
3386.85202	0.05489
3384.92329	0.05470
3382.99456	0.05479
3381.06583	0.05483
3379.13710	0.05459
3377.20837	0.05426
3375.27963	0.05399
3373.35090	0.05375
3371.42217	0.05331
3369.49344	0.05255
3367.56471	0.05173
3365.63598	0.05123
3363.70725	0.05106
3361.77852	0.05098
3359.84978	0.05077
3357.92105	0.05042
3355.99232	0.05013
3354.06359	0.04995
3352.13486	0.04970
3350.20613	0.04938
3348.27740	0.04904
3346.34867	0.04863
3344.41993	0.04818
3342.49120	0.04770
3340.56247	0.04716
3338.63374	0.04647
3336.70501	0.04572
3334.77628	0.04522
3332.84755	0.04497
3330.91882	0.04459
3328.99008	0.04401
3327.06135	0.04345
3325.13262	0.04301
3323.20389	0.04256
3321.27516	0.04203
3319.34643	0.04149
3317.41770	0.04098
3315.48897	0.04039
3313.56024	0.03964
3311.63150	0.03876
3309.70277	0.03791
3307.77404	0.03727
3305.84531	0.03680
3303.91658	0.03631
3301.98785	0.03568
3300.05912	0.03485
3298.13039	0.03388
3296.20165	0.03296
3294.27292	0.03210
3292.34419	0.03122
3290.41546	0.03041
3288.48673	0.02971
3286.55800	0.02900
3284.62927	0.02816
3282.70054	0.02723
3280.77180	0.02627
3278.84307	0.02517
3276.91434	0.02392
3274.98561	0.02277
3273.05688	0.02197
3271.12815	0.02146
3269.19942	0.02096
3267.27069	0.02022
3265.34195	0.01919
3263.41322	0.01802
3261.48449	0.01683
3259.55576	0.01562
3257.62703	0.01439
3255.69830	0.01319
3253.76957	0.01213
3251.84084	0.01127
3249.91210	0.01038
3247.98337	0.00910
3246.05464	0.00762
3244.12591	0.00645
3242.19718	0.00563
3240.26845	0.00476
3238.33972	0.00376
3236.41099	0.00267
3234.48226	0.00155
3232.55352	0.00041
3230.62479	-0.00081
3228.69606	-0.00208
3226.76733	-0.00317
3224.83860	-0.00406
3222.90987	-0.00504
3220.98114	-0.00630
3219.05241	-0.00753
3217.12367	-0.00854
3215.19494	-0.00947
3213.26621	-0.01043
3211.33748	-0.01137
3209.40875	-0.01223
3207.48002	-0.01298
3205.55129	-0.01381
3203.62256	-0.01475
3201.69382	-0.01572
3199.76509	-0.01682
3197.83636	-0.01790
3195.90763	-0.01867
3193.97890	-0.01923
3192.05017	-0.01990
3190.12144	-0.02071
3188.19271	-0.02171
3186.26397	-0.02281
3184.33524	-0.02374
3182.40651	-0.02453
3180.47778	-0.02551
3178.54905	-0.02660
3176.62032	-0.02737
3174.69159	-0.02786
3172.76286	-0.02837
3170.83412	-0.02898
3168.90539	-0.02967
3166.97666	-0.03043
3165.04793	-0.03120
3163.11920	-0.03183
3161.19047	-0.03240
3159.26174	-0.03309
3157.33301	-0.03384
3155.40428	-0.03456
3153.47554	-0.03528
3151.54681	-0.03600
3149.61808	-0.03662
3147.68935	-0.03707
3145.76062	-0.03755
3143.83189	-0.03816
3141.90316	-0.03872
3139.97443	-0.03916
3138.04569	-0.03963
3136.11696	-0.04032
3134.18823	-0.04111
3132.25950	-0.04168
3130.33077	-0.04192
3128.40204	-0.04208
3126.47331	-0.04235
3124.54458	-0.04277
3122.61584	-0.04325
3120.68711	-0.04347
3118.75838	-0.04338
3116.82965	-0.04314
3114.90092	-0.04280
3112.97219	-0.04229
3111.04346	-0.04158
3109.11473	-0.04083
3107.18599	-0.04011
3105.25726	-0.03942
3103.32853	-0.03878
3101.39980	-0.03801
3099.47107	-0.03692
3097.54234	-0.03572
3095.61361	-0.03447
3093.68488	-0.03305
3091.75614	-0.03161
3089.82741	-0.03038
3087.89868	-0.02928
3085.96995	-0.02815
3084.04122	-0.02700
3082.11249	-0.02596
3080.18376	-0.02494
3078.25503	-0.02366
3076.32630	-0.02221
3074.39756	-0.02086
3072.46883	-0.01974
3070.54010	-0.01891
3068.61137	-0.01831
3066.68264	-0.01774
3064.75391	-0.01697
3062.82518	-0.01602
3060.89645	-0.01520
3058.96771	-0.01466
3057.03898	-0.01416
3055.11025	-0.01346
3053.18152	-0.01279
3051.25279	-0.01245
3049.32406	-0.01228
3047.39533	-0.01200
3045.46660	-0.01167
3043.53786	-0.01142
3041.60913	-0.01122
3039.68040	-0.01111
3037.75167	-0.01126
3035.82294	-0.01162
3033.89421	-0.01202
3031.96548	-0.01222
3030.03675	-0.01210
3028.10801	-0.01191
3026.17928	-0.01198
3024.25055	-0.01222
3022.32182	-0.01248
3020.39309	-0.01279
3018.46436	-0.01314
3016.53563	-0.01336
3014.60690	-0.01336
3012.67816	-0.01320
3010.74943	-0.01286
3008.82070	-0.01241
3006.89197	-0.01209
3004.96324	-0.01188
3003.03451	-0.01154
3001.10578	-0.01101
2999.17705	-0.01030
2997.24832	-0.00982
2995.31958	-0.00945
2993.39085	-0.00886
2991.46212	-0.00803
2989.53339	-0.00723
2987.60466	-0.00631
2985.67593	-0.00516
2983.74720	-0.00415
2981.81847	-0.00337
2979.88973	-0.00259
2977.96100	-0.00163
2976.03227	-0.00055
2974.10354	0.00060
2972.17481	0.00187
2970.24608	0.00327
2968.31735	0.00472
2966.38862	0.00614
2964.45988	0.00744
2962.53115	0.00863
2960.60242	0.00974
2958.67369	0.01063
2956.74496	0.01124
2954.81623	0.01173
2952.88750	0.01221
2950.95877	0.01272
2949.03003	0.01338
2947.10130	0.01432
2945.17257	0.01560
2943.24384	0.01721
2941.31511	0.01903
2939.38638	0.02083
2937.45765	0.02253
2935.52892	0.02434
2933.60018	0.02629
2931.67145	0.02821
2929.74272	0.02998
2927.81399	0.03142
2925.88526	0.03231
2923.95653	0.03255
2922.02780	0.03214
2920.09907	0.03105
2918.17034	0.02937
2916.24160	0.02747
2914.31287	0.02572
2912.38414	0.02425
2910.45541	0.02304
2908.52668	0.02201
2906.59795	0.02109
2904.66922	0.02031
2902.74049	0.01960
2900.81175	0.01895
2898.88302	0.01835
2896.95429	0.01780
2895.02556	0.01728
2893.09683	0.01675
2891.16810	0.01615
2889.23937	0.01559
2887.31064	0.01525
2885.38190	0.01508
2883.45317	0.01503
2881.52444	0.01509
2879.59571	0.01524
2877.66698	0.01539
2875.73825	0.01553
2873.80952	0.01572
2871.88079	0.01595
2869.95205	0.01616
2868.02332	0.01643
2866.09459	0.01690
2864.16586	0.01764
2862.23713	0.01871
2860.30840	0.01997
2858.37967	0.02121
2856.45094	0.02208
2854.52220	0.02224
2852.59347	0.02151
2850.66474	0.01999
2848.73601	0.01801
2846.80728	0.01588
2844.87855	0.01385
2842.94982	0.01209
2841.02109	0.01064
2839.09236	0.00952
2837.16362	0.00867
2835.23489	0.00798
2833.30616	0.00741
2831.37743	0.00695
2829.44870	0.00655
2827.51997	0.00623
2825.59124	0.00599
2823.66251	0.00571
2821.73377	0.00535
2819.80504	0.00503
2817.87631	0.00480
2815.94758	0.00462
2814.01885	0.00440
2812.09012	0.00412
2810.16139	0.00383
2808.23266	0.00359
2806.30392	0.00341
2804.37519	0.00321
2802.44646	0.00298
2800.51773	0.00276
2798.58900	0.00256
2796.66027	0.00238
2794.73154	0.00222
2792.80281	0.00207
2790.87407	0.00187
2788.94534	0.00167
2787.01661	0.00157
2785.08788	0.00152
2783.15915	0.00142
2781.23042	0.00127
2779.30169	0.00106
2777.37296	0.00083
2775.44422	0.00072
2773.51549	0.00074
2771.58676	0.00080
2769.65803	0.00079
2767.72930	0.00071
2765.80057	0.00069
2763.87184	0.00079
2761.94311	0.00094
2760.01438	0.00103
2758.08564	0.00104
2756.15691	0.00098
2754.22818	0.00095
2752.29945	0.00101
2750.37072	0.00106
2748.44199	0.00103
2746.51326	0.00088
2744.58453	0.00071
2742.65579	0.00062
2740.72706	0.00058
2738.79833	0.00055
2736.86960	0.00048
2734.94087	0.00036
2733.01214	0.00021
2731.08341	0.00004
2729.15468	-0.00011
2727.22594	-0.00026
2725.29721	-0.00039
2723.36848	-0.00047
2721.43975	-0.00057
2719.51102	-0.00074
2717.58229	-0.00091
2715.65356	-0.00109
2713.72483	-0.00122
2711.79609	-0.00128
2709.86736	-0.00138
2707.93863	-0.00153
2706.00990	-0.00165
2704.08117	-0.00179
2702.15244	-0.00204
2700.22371	-0.00229
2698.29498	-0.00242
2696.36624	-0.00249
2694.43751	-0.00261
2692.50878	-0.00275
2690.58005	-0.00288
2688.65132	-0.00302
2686.72259	-0.00313
2684.79386	-0.00324
2682.86513	-0.00340
2680.93640	-0.00353
2679.00766	-0.00358
2677.07893	-0.00365
2675.15020	-0.00385
2673.22147	-0.00412
2671.29274	-0.00436
2669.36401	-0.00454
2667.43528	-0.00471
2665.50655	-0.00487
2663.57781	-0.00499
2661.64908	-0.00512
2659.72035	-0.00530
2657.79162	-0.00552
2655.86289	-0.00576
2653.93416	-0.00601
2652.00543	-0.00621
2650.07670	-0.00631
2648.14796	-0.00638
2646.21923	-0.00647
2644.29050	-0.00654
2642.36177	-0.00661
2640.43304	-0.00675
2638.50431	-0.00695
2636.57558	-0.00713
2634.64685	-0.00730
2632.71811	-0.00746
2630.78938	-0.00763
2628.86065	-0.00779
2626.93192	-0.00793
2625.00319	-0.00805
2623.07446	-0.00818
2621.14573	-0.00829
2619.21700	-0.00841
2617.28826	-0.00856
2615.35953	-0.00875
2613.43080	-0.00896
2611.50207	-0.00913
2609.57334	-0.00929
2607.64461	-0.00950
2605.71588	-0.00969
2603.78715	-0.00986
2601.85842	-0.01001
2599.92968	-0.01013
2598.00095	-0.01024
2596.07222	-0.01037
2594.14349	-0.01048
2592.21476	-0.01058
2590.28603	-0.01074
2588.35730	-0.01099
2586.42857	-0.01123
2584.49983	-0.01139
2582.57110	-0.01143
2580.64237	-0.01148
2578.71364	-0.01162
2576.78491	-0.01182
2574.85618	-0.01202
2572.92745	-0.01218
2570.99872	-0.01228
2569.06998	-0.01240
2567.14125	-0.01255
2565.21252	-0.01269
2563.28379	-0.01285
2561.35506	-0.01301
2559.42633	-0.01311
2557.49760	-0.01318
2555.56887	-0.01333
2553.64013	-0.01353
2551.71140	-0.01367
2549.78267	-0.01368
2547.85394	-0.01369
2545.92521	-0.01365
2543.99648	-0.01362
2542.06775	-0.01369
2540.13902	-0.01381
2538.21028	-0.01387
2536.28155	-0.01388
2534.35282	-0.01392
2532.42409	-0.01405
2530.49536	-0.01422
2528.56663	-0.01436
2526.63790	-0.01447
2524.70917	-0.01456
2522.78044	-0.01462
2520.85170	-0.01459
2518.92297	-0.01452
2516.99424	-0.01452
2515.06551	-0.01464
2513.13678	-0.01479
2511.20805	-0.01485
2509.27932	-0.01489
2507.35059	-0.01497
2505.42185	-0.01507
2503.49312	-0.01511
2501.56439	-0.01511
2499.63566	-0.01509
2497.70693	-0.01505
2495.77820	-0.01505
2493.84947	-0.01509
2491.92074	-0.01512
2489.99200	-0.01514
2488.06327	-0.01518
2486.13454	-0.01527
2484.20581	-0.01533
2482.27708	-0.01531
2480.34835	-0.01530
2478.41962	-0.01535
2476.49089	-0.01544
2474.56215	-0.01553
2472.63342	-0.01561
2470.70469	-0.01562
2468.77596	-0.01560
2466.84723	-0.01565
2464.91850	-0.01577
2462.98977	-0.01585
2461.06104	-0.01592
2459.13230	-0.01600
2457.20357	-0.01603
2455.27484	-0.01603
2453.34611	-0.01606
2451.41738	-0.01611
2449.48865	-0.01618
2447.55992	-0.01628
2445.63119	-0.01641
2443.70246	-0.01649
2441.77372	-0.01655
2439.84499	-0.01661
2437.91626	-0.01670
2435.98753	-0.01676
2434.05880	-0.01680
2432.13007	-0.01690
2430.20134	-0.01718
2428.27261	-0.01755
2426.34387	-0.01770
2424.41514	-0.01753
2422.48641	-0.01727
2420.55768	-0.01715
2418.62895	-0.01710
2416.70022	-0.01708
2414.77149	-0.01706
2412.84276	-0.01700
2410.91402	-0.01690
2408.98529	-0.01687
2407.05656	-0.01689
2405.12783	-0.01689
2403.19910	-0.01687
2401.27037	-0.01688
2399.34164	-0.01685
2397.41291	-0.01686
2395.48417	-0.01692
2393.55544	-0.01699
2391.62671	-0.01702
2389.69798	-0.01704
2387.76925	-0.01703
2385.84052	-0.01703
2383.91179	-0.01716
2381.98306	-0.01749
2380.05432	-0.01796
2378.12559	-0.01834
2376.19686	-0.01837
2374.26813	-0.01781
2372.33940	-0.01687
2370.41067	-0.01608
2368.48194	-0.01569
2366.55321	-0.01557
2364.62448	-0.01572
2362.69574	-0.01603
2360.76701	-0.01636
2358.83828	-0.01683
2356.90955	-0.01761
2354.98082	-0.01856
2353.05209	-0.01912
2351.12336	-0.01876
2349.19463	-0.01813
2347.26589	-0.01808
2345.33716	-0.01819
2343.40843	-0.01792
2341.47970	-0.01762
2339.55097	-0.01741
2337.62224	-0.01727
2335.69351	-0.01730
2333.76478	-0.01752
2331.83604	-0.01793
2329.90731	-0.01844
2327.97858	-0.01888
2326.04985	-0.01922
2324.12112	-0.01947
2322.19239	-0.01963
2320.26366	-0.01969
2318.33493	-0.01979
2316.40619	-0.02006
2314.47746	-0.02039
2312.54873	-0.02054
2310.62000	-0.02046
2308.69127	-0.02029
2306.76254	-0.02009
2304.83381	-0.01987
2302.90508	-0.01969
2300.97634	-0.01958
2299.04761	-0.01949
2297.11888	-0.01940
2295.19015	-0.01934
2293.26142	-0.01929
2291.33269	-0.01924
2289.40396	-0.01919
2287.47523	-0.01917
2285.54650	-0.01914
2283.61776	-0.01909
2281.68903	-0.01908
2279.76030	-0.01909
2277.83157	-0.01908
2275.90284	-0.01901
2273.97411	-0.01890
2272.04538	-0.01880
2270.11665	-0.01876
2268.18791	-0.01877
2266.25918	-0.01877
2264.33045	-0.01875
2262.40172	-0.01872
2260.47299	-0.01872
2258.54426	-0.01876
2256.61553	-0.01884
2254.68680	-0.01886
2252.75806	-0.01879
2250.82933	-0.01888
2248.90060	-0.01946
2246.97187	-0.01930
2245.04314	-0.01918
2243.11441	-0.01913
2241.18568	-0.01912
2239.25695	-0.01907
2237.32821	-0.01891
2235.39948	-0.01875
2233.47075	-0.01872
2231.54202	-0.01871
2229.61329	-0.01860
2227.68456	-0.01846
2225.75583	-0.01838
2223.82710	-0.01841
2221.89836	-0.01851
2219.96963	-0.01872
2218.04090	-0.01889
2216.11217	-0.01904
2214.18344	-0.01920
2212.25471	-0.01934
2210.32598	-0.01944
2208.39725	-0.01951
2206.46852	-0.01956
2204.53978	-0.01963
2202.61105	-0.01972
2200.68232	-0.01981
2198.75359	-0.01988
2196.82486	-0.01993
2194.89613	-0.02002
2192.96740	-0.02014
2191.03867	-0.02026
2189.10993	-0.02039
2187.18120	-0.02055
2185.25247	-0.02065
2183.32374	-0.02069
2181.39501	-0.02076
2179.46628	-0.02084
2177.53755	-0.02089
2175.60882	-0.02095
2173.68008	-0.02106
2171.75135	-0.02120
2169.82262	-0.02129
2167.89389	-0.02131
2165.96516	-0.02136
2164.03643	-0.02148
2162.10770	-0.02158
2160.17897	-0.02159
2158.25023	-0.02157
2156.32150	-0.02154
2154.39277	-0.02151
2152.46404	-0.02146
2150.53531	-0.02146
2148.60658	-0.02157
2146.67785	-0.02170
2144.74912	-0.02175
2142.82038	-0.02176
2140.89165	-0.02186
2138.96292	-0.02208
2137.03419	-0.02226
2135.10546	-0.02223
2133.17673	-0.02210
2131.24800	-0.02213
2129.31927	-0.02226
2127.39054	-0.02239
2125.46180	-0.02248
2123.53307	-0.02257
2121.60434	-0.02265
2119.67561	-0.02273
2117.74688	-0.02295
2115.81815	-0.02329
2113.88942	-0.02339
2111.96069	-0.02318
2110.03195	-0.02304
2108.10322	-0.02311
2106.17449	-0.02327
2104.24576	-0.02345
2102.31703	-0.02362
2100.38830	-0.02375
2098.45957	-0.02380
2096.53084	-0.02401
2094.60210	-0.02432
2092.67337	-0.02467
2090.74464	-0.02504
2088.81591	-0.02544
2086.88718	-0.02581
2084.95845	-0.02614
2083.02972	-0.02650
2081.10099	-0.02695
2079.17225	-0.02751
2077.24352	-0.02810
2075.31479	-0.02861
2073.38606	-0.02896
2071.45733	-0.02920
2069.52860	-0.02940
2067.59987	-0.02955
2065.67114	-0.02963
2063.74240	-0.02962
2061.81367	-0.02949
2059.88494	-0.02919
2057.95621	-0.02877
2056.02748	-0.02836
2054.09875	-0.02795
2052.17002	-0.02747
2050.24129	-0.02695
2048.31256	-0.02648
2046.38382	-0.02608
2044.45509	-0.02563
2042.52636	-0.02503
2040.59763	-0.02442
2038.66890	-0.02394
2036.74017	-0.02349
2034.81144	-0.02303
2032.88271	-0.02258
2030.95397	-0.02226
2029.02524	-0.02217
2027.09651	-0.02220
2025.16778	-0.02215
2023.23905	-0.02193
2021.31032	-0.02153
2019.38159	-0.02096
2017.45286	-0.02054
2015.52412	-0.02035
2013.59539	-0.02020
2011.66666	-0.02002
2009.73793	-0.01991
2007.80920	-0.01979
2005.88047	-0.01957
2003.95174	-0.01928
2002.02301	-0.01905
2000.09427	-0.01899
1998.16554	-0.01902
1996.23681	-0.01910
1994.30808	-0.01925
1992.37935	-0.01942
1990.45062	-0.01945
1988.52189	-0.01928
1986.59316	-0.01915
1984.66442	-0.01906
1982.73569	-0.01897
1980.80696	-0.01893
1978.87823	-0.01896
1976.94950	-0.01900
1975.02077	-0.01903
1973.09204	-0.01908
1971.16331	-0.01918
1969.23458	-0.01929
1967.30584	-0.01944
1965.37711	-0.01964
1963.44838	-0.01968
1961.51965	-0.01965
1959.59092	-0.01971
1957.66219	-0.01979
1955.73346	-0.01985
1953.80473	-0.01992
1951.87599	-0.02001
1949.94726	-0.02007
1948.01853	-0.02012
1946.08980	-0.02018
1944.16107	-0.02038
1942.23234	-0.02061
1940.30361	-0.02065
1938.37488	-0.02053
1936.44614	-0.02040
1934.51741	-0.02039
1932.58868	-0.02046
1930.65995	-0.02052
1928.73122	-0.02054
1926.80249	-0.02054
1924.87376	-0.02053
1922.94503	-0.02067
1921.01629	-0.02070
1919.08756	-0.02043
1917.15883	-0.02029
1915.23010	-0.02047
1913.30137	-0.02047
1911.37264	-0.02013
1909.44391	-0.01983
1907.51518	-0.01965
1905.58644	-0.01942
1903.65771	-0.01903
1901.72898	-0.01864
1899.80025	-0.01832
1897.87152	-0.01805
1895.94279	-0.01793
1894.01406	-0.01783
1892.08533	-0.01748
1890.15660	-0.01708
1888.22786	-0.01703
1886.29913	-0.01712
1884.37040	-0.01704
1882.44167	-0.01687
1880.51294	-0.01672
1878.58421	-0.01669
1876.65548	-0.01679
1874.72675	-0.01685
1872.79801	-0.01659
1870.86928	-0.01618
1868.94055	-0.01623
1867.01182	-0.01690
1865.08309	-0.01761
1863.15436	-0.01795
1861.22563	-0.01821
1859.29690	-0.01860
1857.36816	-0.01901
1855.43943	-0.01938
1853.51070	-0.01979
1851.58197	-0.02021
1849.65324	-0.02053
1847.72451	-0.02073
1845.79578	-0.02109
1843.86705	-0.02175
1841.93831	-0.02249
1840.00958	-0.02283
1838.08085	-0.02282
1836.15212	-0.02288
1834.22339	-0.02276
1832.29466	-0.02209
1830.36593	-0.02155
1828.43720	-0.02178
1826.50846	-0.02213
1824.57973	-0.02220
1822.65100	-0.02221
1820.72227	-0.02232
1818.79354	-0.02248
1816.86481	-0.02235
1814.93608	-0.02178
1813.00735	-0.02115
1811.07862	-0.02096
1809.14988	-0.02119
1807.22115	-0.02142
1805.29242	-0.02165
1803.36369	-0.02206
1801.43496	-0.02248
1799.50623	-0.02255
1797.57750	-0.02227
1795.64877	-0.02161
1793.72003	-0.02080
1791.79130	-0.02072
1789.86257	-0.02149
1787.93384	-0.02231
1786.00511	-0.02271
1784.07638	-0.02255
1782.14765	-0.02196
1780.21892	-0.02162
1778.29018	-0.02161
1776.36145	-0.02104
1774.43272	-0.01979
1772.50399	-0.01923
1770.57526	-0.02033
1768.64653	-0.02184
1766.71780	-0.02239
1764.78907	-0.02195
1762.86033	-0.02134
1760.93160	-0.02125
1759.00287	-0.02149
1757.07414	-0.02166
1755.14541	-0.02164
1753.21668	-0.02124
1751.28795	-0.02086
1749.35922	-0.02127
1747.43048	-0.02207
1745.50175	-0.02230
1743.57302	-0.02185
1741.64429	-0.02124
1739.71556	-0.02093
1737.78683	-0.02047
1735.85810	-0.01942
1733.92937	-0.01891
1732.00064	-0.01962
1730.07190	-0.02037
1728.14317	-0.02072
1726.21444	-0.02073
1724.28571	-0.02053
1722.35698	-0.01982
1720.42825	-0.01806
1718.49952	-0.01646
1716.57079	-0.01733
1714.64205	-0.01975
1712.71332	-0.02168
1710.78459	-0.02238
1708.85586	-0.02214
1706.92713	-0.02193
1704.99840	-0.02228
1703.06967	-0.02222
1701.14094	-0.02146
1699.21220	-0.02131
1697.28347	-0.02194
1695.35474	-0.02294
1693.42601	-0.02375
1691.49728	-0.02367
1689.56855	-0.02244
1687.63982	-0.01975
1685.71109	-0.01655
1683.78235	-0.01581
1681.85362	-0.01773
1679.92489	-0.01872
1677.99616	-0.01757
1676.06743	-0.01545
1674.13870	-0.01381
1672.20997	-0.01248
1670.28124	-0.01127
1668.35250	-0.01092
1666.42377	-0.01094
1664.49504	-0.01043
1662.56631	-0.01012
1660.63758	-0.01080
1658.70885	-0.01116
1656.78012	-0.00961
1654.85139	-0.00735
1652.92266	-0.00827
1650.99392	-0.01156
1649.06519	-0.01319
1647.13646	-0.01325
1645.20773	-0.01435
1643.27900	-0.01634
1641.35027	-0.01734
1639.42154	-0.01665
1637.49281	-0.01572
1635.56407	-0.01696
1633.63534	-0.02011
1631.70661	-0.02249
1629.77788	-0.02345
1627.84915	-0.02403
1625.92042	-0.02499
1623.99169	-0.02661
1622.06296	-0.02875
1620.13422	-0.03001
1618.20549	-0.03032
1616.27676	-0.03171
1614.34803	-0.03452
1612.41930	-0.03695
1610.49057	-0.03839
1608.56184	-0.03953
1606.63311	-0.04079
1604.70437	-0.04201
1602.77564	-0.04310
1600.84691	-0.04394
1598.91818	-0.04433
1596.98945	-0.04433
1595.06072	-0.04419
1593.13199	-0.04397
1591.20326	-0.04356
1589.27452	-0.04297
1587.34579	-0.04232
1585.41706	-0.04177
1583.48833	-0.04136
1581.55960	-0.04072
1579.63087	-0.03921
1577.70214	-0.03731
1575.77341	-0.03663
1573.84468	-0.03707
1571.91594	-0.03676
1569.98721	-0.03554
1568.05848	-0.03474
1566.12975	-0.03417
1564.20102	-0.03245
1562.27229	-0.02858
1560.34356	-0.02359
1558.41483	-0.02202
1556.48609	-0.02446
1554.55736	-0.02652
1552.62863	-0.02702
1550.69990	-0.02667
1548.77117	-0.02607
1546.84244	-0.02484
1544.91371	-0.02266
1542.98498	-0.02012
1541.05624	-0.01875
1539.12751	-0.02028
1537.19878	-0.02309
1535.27005	-0.02406
1533.34132	-0.02366
1531.41259	-0.02377
1529.48386	-0.02404
1527.55513	-0.02397
1525.62639	-0.02389
1523.69766	-0.02370
1521.76893	-0.02404
1519.84020	-0.02565
1517.91147	-0.02724
1515.98274	-0.02839
1514.05401	-0.02954
1512.12528	-0.03001
1510.19654	-0.02900
1508.26781	-0.02761
1506.33908	-0.02853
1504.41035	-0.03174
1502.48162	-0.03406
1500.55289	-0.03426
1498.62416	-0.03327
1496.69543	-0.03298
1494.76670	-0.03341
1492.83796	-0.03325
1490.90923	-0.03253
1488.98050	-0.03257
1487.05177	-0.03346
1485.12304	-0.03420
1483.19431	-0.03441
1481.26558	-0.03421
1479.33685	-0.03366
1477.40811	-0.03257
1475.47938	-0.03104
1473.55065	-0.02984
1471.62192	-0.02983
1469.69319	-0.03064
1467.76446	-0.03084
1465.83573	-0.03056
1463.90700	-0.03096
1461.97826	-0.03117
1460.04953	-0.02993
1458.12080	-0.02895
1456.19207	-0.03055
1454.26334	-0.03318
1452.33461	-0.03486
1450.40588	-0.03519
1448.47715	-0.03528
1446.54841	-0.03611
1444.61968	-0.03734
1442.69095	-0.03832
1440.76222	-0.03887
1438.83349	-0.03942
1436.90476	-0.04086
1434.97603	-0.04318
1433.04730	-0.04549
1431.11856	-0.04761
1429.18983	-0.05031
1427.26110	-0.05398
1425.33237	-0.05830
1423.40364	-0.06299
1421.47491	-0.06810
1419.54618	-0.07453
1417.61745	-0.08237
1415.68872	-0.08961
1413.75998	-0.09610
1411.83125	-0.10298
1409.90252	-0.11042
1407.97379	-0.11760
1406.04506	-0.12421
1404.11633	-0.13004
1402.18760	-0.13386
1400.25887	-0.13501
1398.33013	-0.13373
1396.40140	-0.12989
1394.47267	-0.12397
1392.54394	-0.11784
1390.61521	-0.11309
1388.68648	-0.11114
1386.75775	-0.11215
1384.82902	-0.11099
1382.90028	-0.10220
1380.97155	-0.08783
1379.04282	-0.07418
1377.11409	-0.06421
1375.18536	-0.05687
1373.25663	-0.05108
1371.32790	-0.04646
1369.39917	-0.04259
1367.47043	-0.03935
1365.54170	-0.03673
1363.61297	-0.03463
1361.68424	-0.03298
1359.75551	-0.03145
1357.82678	-0.02993
1355.89805	-0.02858
1353.96932	-0.02748
1352.04058	-0.02650
1350.11185	-0.02562
1348.18312	-0.02496
1346.25439	-0.02457
1344.32566	-0.02437
1342.39693	-0.02426
1340.46820	-0.02431
1338.53947	-0.02441
1336.61074	-0.02415
1334.68200	-0.02347
1332.75327	-0.02274
1330.82454	-0.02247
1328.89581	-0.02288
1326.96708	-0.02331
1325.03835	-0.02345
1323.10962	-0.02321
1321.18089	-0.02263
1319.25215	-0.02194
1317.32342	-0.02111
1315.39469	-0.01981
1313.46596	-0.01796
1311.53723	-0.01588
1309.60850	-0.01375
1307.67977	-0.01149
1305.75104	-0.00873
1303.82230	-0.00530
1301.89357	-0.00211
1299.96484	-0.00043
1298.03611	0.00003
1296.10738	0.00043
1294.17865	0.00095
1292.24992	0.00094
1290.32119	0.00021
1288.39245	-0.00097
1286.46372	-0.00229
1284.53499	-0.00340
1282.60626	-0.00409
1280.67753	-0.00436
1278.74880	-0.00422
1276.82007	-0.00379
1274.89134	-0.00316
1272.96260	-0.00220
1271.03387	-0.00070
1269.10514	0.00134
1267.17641	0.00381
1265.24768	0.00679
1263.31895	0.01031
1261.39022	0.01427
1259.46149	0.01850
1257.53276	0.02307
1255.60402	0.02805
1253.67529	0.03350
1251.74656	0.03929
1249.81783	0.04508
1247.88910	0.05053
1245.96037	0.05552
1244.03164	0.06014
1242.10291	0.06447
1240.17417	0.06841
1238.24544	0.07190
1236.31671	0.07495
1234.38798	0.07757
1232.45925	0.07987
1230.53052	0.08197
1228.60179	0.08386
1226.67306	0.08558
1224.74432	0.08727
1222.81559	0.08900
1220.88686	0.09067
1218.95813	0.09228
1217.02940	0.09389
1215.10067	0.09545
1213.17194	0.09696
1211.24321	0.09851
1209.31447	0.10009
1207.38574	0.10162
1205.45701	0.10317
1203.52828	0.10488
1201.59955	0.10702
1199.67082	0.11006
1197.74209	0.11357
1195.81336	0.11774
1193.88462	0.12187
1191.95589	0.12480
1190.02716	0.12625
1188.09843	0.12740
1186.16970	0.12912
1184.24097	0.13076
1182.31224	0.13145
1180.38351	0.13132
1178.45478	0.13088
1176.52604	0.13039
1174.59731	0.13008
1172.66858	0.13012
1170.73985	0.13036
1168.81112	0.13055
1166.88239	0.13074
1164.95366	0.13118
1163.02493	0.13203
1161.09619	0.13284
1159.16746	0.13316
1157.23873	0.13323
1155.31000	0.13343
1153.38127	0.13384
1151.45254	0.13440
1149.52381	0.13499
1147.59508	0.13552
1145.66634	0.13611
1143.73761	0.13684
1141.80888	0.13753
1139.88015	0.13794
1137.95142	0.13811
1136.02269	0.13848
1134.09396	0.13925
1132.16523	0.14024
1130.23649	0.14141
1128.30776	0.14280
1126.37903	0.14419
1124.45030	0.14542
1122.52157	0.14679
1120.59284	0.14876
1118.66411	0.15146
1116.73538	0.15463
1114.80664	0.15807
1112.87791	0.16171
1110.94918	0.16557
1109.02045	0.17007
1107.09172	0.17539
1105.16299	0.18043
1103.23426	0.18426
1101.30553	0.18724
1099.37680	0.18987
1097.44806	0.19215
1095.51933	0.19404
1093.59060	0.19540
1091.66187	0.19621
1089.73314	0.19675
1087.80441	0.19721
1085.87568	0.19759
1083.94695	0.19786
1082.01821	0.19808
1080.08948	0.19824
1078.16075	0.19820
1076.23202	0.19807
1074.30329	0.19809
1072.37456	0.19822
1070.44583	0.19822
1068.51710	0.19789
1066.58836	0.19728
1064.65963	0.19676
1062.73090	0.19631
1060.80217	0.19557
1058.87344	0.19454
1056.94471	0.19310
1055.01598	0.19113
1053.08725	0.18908
1051.15851	0.18712
1049.22978	0.18499
1047.30105	0.18297
1045.37232	0.18134
1043.44359	0.17983
1041.51486	0.17816
1039.58613	0.17622
1037.65740	0.17407
1035.72866	0.17180
1033.79993	0.16945
1031.87120	0.16718
1029.94247	0.16512
1028.01374	0.16341
1026.08501	0.16217
1024.15628	0.16122
1022.22755	0.16017
1020.29882	0.15887
1018.37008	0.15746
1016.44135	0.15615
1014.51262	0.15498
1012.58389	0.15371
1010.65516	0.15205
1008.72643	0.15010
1006.79770	0.14821
1004.86897	0.14626
1002.94023	0.14415
1001.01150	0.14205
999.08277	0.13990
997.15404	0.13727
995.22531	0.13373
993.29658	0.12953
991.36785	0.12555
989.43912	0.12222
987.51038	0.11919
985.58165	0.11612
983.65292	0.11321
981.72419	0.11053
979.79546	0.10797
977.86673	0.10556
975.93800	0.10320
974.00927	0.10141
972.08053	0.09960
970.15180	0.09763
968.22307	0.09534
966.29434	0.09292
964.36561	0.09067
962.43688	0.08873
960.50815	0.08695
958.57942	0.08507
956.65068	0.08295
954.72195	0.08066
952.79322	0.07828
950.86449	0.07575
948.93576	0.07316
947.00703	0.07059
945.07830	0.06785
943.14957	0.06489
941.22084	0.06199
939.29210	0.05917
937.36337	0.05625
935.43464	0.05328
933.50591	0.05033
931.57718	0.04744
929.64845	0.04475
927.71972	0.04254
925.79099	0.04086
923.86225	0.03939
921.93352	0.03801
920.00479	0.03661
918.07606	0.03490
916.14733	0.03279
914.21860	0.03063
912.28987	0.02873
910.36114	0.02685
908.43240	0.02442
906.50367	0.02147
904.57494	0.01846
902.64621	0.01558
900.71748	0.01290
898.78875	0.01037
896.86002	0.00765
894.93129	0.00465
893.00255	0.00179
891.07382	-0.00069
889.14509	-0.00295
887.21636	-0.00525
885.28763	-0.00768
883.35890	-0.01007
881.43017	-0.01221
879.50144	-0.01404
877.57270	-0.01581
875.64397	-0.01779
873.71524	-0.01987
871.78651	-0.02176
869.85778	-0.02337
867.92905	-0.02496
866.00032	-0.02686
864.07159	-0.02902
862.14286	-0.03107
860.21412	-0.03287
858.28539	-0.03467
856.35666	-0.03643
854.42793	-0.03783
852.49920	-0.03877
850.57047	-0.03946
848.64174	-0.04009
846.71301	-0.04081
844.78427	-0.04151
842.85554	-0.04191
840.92681	-0.04185
838.99808	-0.04139
837.06935	-0.04073
835.14062	-0.03999
833.21189	-0.03913
831.28316	-0.03831
829.35442	-0.03760
827.42569	-0.03678
825.49696	-0.03576
823.56823	-0.03459
821.63950	-0.03325
819.71077	-0.03170
817.78204	-0.02999
815.85331	-0.02823
813.92457	-0.02637
811.99584	-0.02415
810.06711	-0.02166
808.13838	-0.01926
806.20965	-0.01692
804.28092	-0.01448
802.35219	-0.01226
800.42346	-0.01084
798.49472	-0.01028
796.56599	-0.01007
794.63726	-0.01004
792.70853	-0.01032
790.77980	-0.01083
788.85107	-0.01156
786.92234	-0.01273
784.99361	-0.01414
783.06488	-0.01521
781.13614	-0.01603
779.20741	-0.01722
777.27868	-0.01873
775.34995	-0.02023
773.42122	-0.02175
771.49249	-0.02300
769.56376	-0.02368
767.63503	-0.02400
765.70629	-0.02355
763.77756	-0.02356
761.84883	-0.02336
759.92010	-0.02311
757.99137	-0.02300
756.06264	-0.02316
754.13391	-0.02365
752.20518	-0.02435
750.27644	-0.02502
748.34771	-0.02573
746.41898	-0.02657
744.49025	-0.02733
742.56152	-0.02770
740.63279	-0.02776
738.70406	-0.02785
736.77533	-0.02801
734.84659	-0.02811
732.91786	-0.02798
730.98913	-0.02750
729.06040	-0.02700
727.13167	-0.02679
725.20294	-0.02696
723.27421	-0.02872
721.34548	-0.02939
719.41674	-0.02924
717.48801	-0.02880
715.55928	-0.02851
713.63055	-0.02854
711.70182	-0.02851
709.77309	-0.02842
707.84436	-0.02839
705.91563	-0.02819
703.98690	-0.02780
702.05816	-0.02753
700.12943	-0.02744
698.20070	-0.02702
696.27197	-0.02644
694.34324	-0.02649
692.41451	-0.02749
690.48578	-0.02875
688.55705	-0.02952
686.62831	-0.02977
684.69958	-0.02997
682.77085	-0.03039
680.84212	-0.03102
678.91339	-0.03176
676.98466	-0.03240
675.05593	-0.03294
673.12720	-0.03352
671.19846	-0.03479
669.26973	-0.03642
667.34100	-0.03652
665.41227	-0.03582
663.48354	-0.03637
661.55481	-0.03763
659.62608	-0.03833
657.69735	-0.03846
655.76861	-0.03793
653.83988	-0.03672
651.91115	-0.03551
649.98242	-0.03489
648.05369	-0.03459
646.12496	-0.03426
644.19623	-0.03388
642.26750	-0.03352
640.33876	-0.03336
638.41003	-0.03337
636.48130	-0.03318
634.55257	-0.03280
632.62384	-0.03279
630.69511	-0.03396
628.76638	-0.03674
626.83765	-0.03896
624.90892	-0.04085
622.98018	-0.04229
621.05145	-0.04332
619.12272	-0.04387
617.19399	-0.04308
615.26526	-0.04047
613.33653	-0.03706
611.40780	-0.03419
609.47907	-0.03202
607.55033	-0.02983
605.62160	-0.02769
603.69287	-0.02619
601.76414	-0.02559
599.83541	-0.02521
597.90668	-0.02443
595.97795	-0.02350
594.04922	-0.02283
592.12048	-0.02255
590.19175	-0.02258
588.26302	-0.02258
586.33429	-0.02248
584.40556	-0.02253
582.47683	-0.02269
580.54810	-0.02292
578.61937	-0.02314
576.69063	-0.02346
574.76190	-0.02395
572.83317	-0.02376
570.90444	-0.02300
568.97571	-0.02446
567.04698	-0.02673
565.11825	-0.02910
563.18952	-0.03078
561.26078	-0.03147
559.33205	-0.03201
557.40332	-0.03306
555.47459	-0.03432
553.54586	-0.03531
551.61713	-0.03559
549.68840	-0.03495
547.75967	-0.03394
545.83094	-0.03329
543.90220	-0.03286
541.97347	-0.03211
540.04474	-0.03156
538.11601	-0.03211
536.18728	-0.03368
534.25855	-0.03561
532.32982	-0.03749
530.40109	-0.03928
528.47235	-0.04099
526.54362	-0.04282
524.61489	-0.04491
522.68616	-0.04715
520.75743	-0.04955
518.82870	-0.05211
516.89997	-0.05436
514.97124	-0.05536
513.04250	-0.05476
511.11377	-0.05366
509.18504	-0.05371
507.25631	-0.05505
505.32758	-0.05602
503.39885	-0.05539
501.47012	-0.05346
499.54139	-0.05127
497.61265	-0.04995
495.68392	-0.04910
493.75519	-0.04721
491.82646	-0.04407
489.89773	-0.04055
487.96900	-0.03716
486.04027	-0.03358
484.11154	-0.02927
482.18280	-0.02524
480.25407	-0.02298
478.32534	-0.02183
476.39661	-0.02042
474.46788	-0.01909
472.53915	-0.01830
470.61042	-0.01715
468.68169	-0.01529
466.75296	-0.01345
464.82422	-0.01249
462.89549	-0.01372
460.96676	-0.01694
459.03803	-0.01900
457.10930	-0.01899
455.18057	-0.01867
453.25184	-0.01905
451.32311	-0.01828
449.39437	-0.01505
447.46564	-0.01113
445.53691	-0.00855
443.60818	-0.00640
441.67945	-0.00398
439.75072	-0.00272
437.82199	-0.00164
435.89326	0.00141
433.96452	0.00454
432.03579	0.00483
430.10706	0.00327
428.17833	0.00221
426.24960	0.00185
424.32087	0.00127
422.39214	0.00135
420.46341	0.00268
418.53467	0.00164
416.60594	-0.00209
414.67721	-0.00290
412.74848	0.00117
410.81975	0.00873
408.89102	0.01989
406.96229	0.03042
405.03356	0.04025
403.10482	0.04683
401.17609	0.05248
399.24736	0.05495
397.31863	0.05145
395.38990	0.04213
393.46117	0.03386
391.53244	0.03460
389.60371	0.04526
387.67498	0.05740
385.74624	0.05857
383.81751	0.05203
381.88878	0.05761
379.96005	0.07911
378.03132	0.10054
376.10259	0.10273
374.17386	0.07138
372.24513	0.02527
370.31639	-0.00081
368.38766	-0.00195
