7496.94889	-0.01923
7495.02016	-0.00640
7493.09144	0.00475
7491.16272	0.01060
7489.23399	0.01643
7487.30527	0.01811
7485.37654	0.01270
7483.44782	0.00064
7481.51910	-0.01462
7479.59037	-0.02308
7477.66165	-0.02140
7475.73293	-0.01578
7473.80420	-0.01044
7471.87548	-0.00810
7469.94676	-0.00604
7468.01803	0.00242
7466.08931	0.01120
7464.16058	0.01037
7462.23186	0.00624
7460.30314	0.01143
7458.37441	0.02175
7456.44569	0.02045
7454.51697	0.00779
7452.58824	0.00200
7450.65952	0.00921
7448.73079	0.02037
7446.80207	0.02990
7444.87335	0.03512
7442.94462	0.03408
7441.01590	0.03074
7439.08718	0.02652
7437.15845	0.02329
7435.22973	0.02506
7433.30101	0.02565
7431.37228	0.02277
7429.44356	0.02523
7427.51483	0.03000
7425.58611	0.02535
7423.65739	0.01487
7421.72866	0.00729
7419.79994	0.00440
7417.87122	0.00757
7415.94249	0.00963
7414.01377	0.00428
7412.08505	0.00215
7410.15632	0.00871
7408.22760	0.01465
7406.29887	0.01626
7404.37015	0.01644
7402.44143	0.01756
7400.51270	0.02358
7398.58398	0.03144
7396.65526	0.03145
7394.72653	0.02520
7392.79781	0.02072
7390.86908	0.02129
7388.94036	0.02952
7387.01164	0.03927
7385.08291	0.03744
7383.15419	0.02540
7381.22547	0.01843
7379.29674	0.02434
7377.36802	0.02938
7375.43930	0.01950
7373.51057	0.00425
7371.58185	-0.00100
7369.65312	0.00446
7367.72440	0.01429
7365.79568	0.02411
7363.86695	0.02916
7361.93823	0.02575
7360.00951	0.02094
7358.08078	0.02442
7356.15206	0.03038
7354.22334	0.02773
7352.29461	0.02285
7350.36589	0.02276
7348.43716	0.01629
7346.50844	0.00097
7344.57972	-0.00704
7342.65099	-0.00029
7340.72227	0.01144
7338.79355	0.01945
7336.86482	0.02298
7334.93610	0.02419
7333.00737	0.02552
7331.07865	0.02356
7329.14993	0.01761
7327.22120	0.01400
7325.29248	0.01296
7323.36376	0.01151
7321.43503	0.00975
7319.50631	0.00671
7317.57759	0.00521
7315.64886	0.01427
7313.72014	0.02990
7311.79141	0.03530
7309.86269	0.03141
7307.93397	0.02873
7306.00524	0.02663
7304.07652	0.02363
7302.14780	0.02076
7300.21907	0.02107
7298.29035	0.02822
7296.36163	0.03740
7294.43290	0.04125
7292.50418	0.04002
7290.57545	0.03573
7288.64673	0.02663
7286.71801	0.01815
7284.78928	0.02212
7282.86056	0.03316
7280.93184	0.03818
7279.00311	0.03875
7277.07439	0.03827
7275.14566	0.03365
7273.21694	0.02429
7271.28822	0.01480
7269.35949	0.01313
7267.43077	0.01810
7265.50205	0.01724
7263.57332	0.01098
7261.64460	0.01351
7259.71588	0.02449
7257.78715	0.03232
7255.85843	0.03246
7253.92970	0.02733
7252.00098	0.02316
7250.07226	0.02263
7248.14353	0.02259
7246.21481	0.02280
7244.28609	0.02489
7242.35736	0.02580
7240.42864	0.02343
7238.49992	0.02511
7236.57119	0.03073
7234.64247	0.02681
7232.71374	0.01588
7230.78502	0.01338
7228.85630	0.01892
7226.92757	0.02585
7224.99885	0.03252
7223.07013	0.03656
7221.14140	0.03929
7219.21268	0.04530
7217.28396	0.05192
7215.35523	0.05300
7213.42651	0.04804
7211.49778	0.04001
7209.56906	0.03353
7207.64034	0.03350
7205.71161	0.03891
7203.78289	0.04309
7201.85417	0.04391
7199.92544	0.04204
7197.99672	0.03312
7196.06799	0.01960
7194.13927	0.01240
7192.21055	0.01050
7190.28182	0.00835
7188.35310	0.01216
7186.42438	0.02640
7184.49565	0.04118
7182.56693	0.04142
7180.63821	0.02709
7178.70948	0.01587
7176.78076	0.01648
7174.85203	0.02332
7172.92331	0.03119
7170.99459	0.03378
7169.06586	0.02616
7167.13714	0.01417
7165.20842	0.00984
7163.27969	0.01713
7161.35097	0.02742
7159.42225	0.03164
7157.49352	0.02799
7155.56480	0.01846
7153.63607	0.01056
7151.70735	0.01113
7149.77863	0.01860
7147.84990	0.02764
7145.92118	0.03154
7143.99246	0.02744
7142.06373	0.02198
7140.13501	0.02326
7138.20628	0.03091
7136.27756	0.03309
7134.34884	0.02468
7132.42011	0.02045
7130.49139	0.03023
7128.56267	0.04024
7126.63394	0.03597
7124.70522	0.02653
7122.77650	0.02534
7120.84777	0.02480
7118.91905	0.01768
7116.99032	0.01291
7115.06160	0.01579
7113.13288	0.02147
7111.20415	0.02719
7109.27543	0.03543
7107.34671	0.04349
7105.41798	0.04281
7103.48926	0.03300
7101.56054	0.02377
7099.63181	0.02348
7097.70309	0.03025
7095.77436	0.03625
7093.84564	0.03714
7091.91692	0.03236
7089.98819	0.02595
7088.05947	0.02459
7086.13075	0.02607
7084.20202	0.02188
7082.27330	0.01734
7080.34457	0.02586
7078.41585	0.03981
7076.48713	0.04102
7074.55840	0.03218
7072.62968	0.02745
7070.70096	0.02764
7068.77223	0.02792
7066.84351	0.03063
7064.91479	0.03385
7062.98606	0.03087
7061.05734	0.02737
7059.12861	0.03026
7057.19989	0.03291
7055.27117	0.03260
7053.34244	0.03485
7051.41372	0.03650
7049.48500	0.03391
7047.55627	0.03415
7045.62755	0.03720
7043.69883	0.03541
7041.77010	0.03296
7039.84138	0.03380
7037.91265	0.03248
7035.98393	0.02852
7034.05521	0.02503
7032.12648	0.02398
7030.19776	0.02740
7028.26904	0.03073
7026.34031	0.02603
7024.41159	0.01703
7022.48286	0.01423
7020.55414	0.01521
7018.62542	0.01284
7016.69669	0.01343
7014.76797	0.02293
7012.83925	0.03369
7010.91052	0.03692
7008.98180	0.03310
7007.05308	0.02905
7005.12435	0.03025
7003.19563	0.03423
7001.26690	0.03363
6999.33818	0.02979
6997.40946	0.02841
6995.48073	0.02688
6993.55201	0.02377
6991.62329	0.02241
6989.69456	0.02239
6987.76584	0.02385
6985.83712	0.02896
6983.90839	0.03275
6981.97967	0.02832
6980.05094	0.02301
6978.12222	0.02804
6976.19350	0.03847
6974.26477	0.04245
6972.33605	0.03863
6970.40733	0.03646
6968.47860	0.03979
6966.54988	0.03797
6964.62115	0.02831
6962.69243	0.02486
6960.76371	0.03210
6958.83498	0.03750
6956.90626	0.03451
6954.97754	0.03029
6953.04881	0.03027
6951.12009	0.03255
6949.19137	0.03567
6947.26264	0.04081
6945.33392	0.04880
6943.40519	0.05582
6941.47647	0.05320
6939.54775	0.04141
6937.61902	0.03467
6935.69030	0.03802
6933.76158	0.03932
6931.83285	0.03375
6929.90413	0.02897
6927.97541	0.02591
6926.04668	0.02445
6924.11796	0.02839
6922.18923	0.02927
6920.26051	0.02395
6918.33179	0.02633
6916.40306	0.03615
6914.47434	0.03976
6912.54562	0.03434
6910.61689	0.02569
6908.68817	0.01989
6906.75944	0.02090
6904.83072	0.02815
6902.90200	0.03636
6900.97327	0.03918
6899.04455	0.03595
6897.11583	0.03220
6895.18710	0.03013
6893.25838	0.02658
6891.32966	0.02543
6889.40093	0.03409
6887.47221	0.04458
6885.54348	0.04630
6883.61476	0.04253
6881.68604	0.03686
6879.75731	0.03121
6877.82859	0.02969
6875.89987	0.03083
6873.97114	0.03146
6872.04242	0.03029
6870.11370	0.02891
6868.18497	0.03072
6866.25625	0.03346
6864.32752	0.03423
6862.39880	0.03391
6860.47008	0.03236
6858.54135	0.03250
6856.61263	0.03650
6854.68391	0.03757
6852.75518	0.03344
6850.82646	0.03097
6848.89773	0.03314
6846.96901	0.03996
6845.04029	0.04698
6843.11156	0.04453
6841.18284	0.03891
6839.25412	0.03851
6837.32539	0.03466
6835.39667	0.02549
6833.46795	0.01977
6831.53922	0.01977
6829.61050	0.02777
6827.68177	0.03995
6825.75305	0.04193
6823.82433	0.03186
6821.89560	0.02167
6819.96688	0.01892
6818.03816	0.02210
6816.10943	0.02376
6814.18071	0.02105
6812.25199	0.02073
6810.32326	0.02642
6808.39454	0.03180
6806.46581	0.03102
6804.53709	0.02825
6802.60837	0.03163
6800.67964	0.03858
6798.75092	0.04285
6796.82220	0.04487
6794.89347	0.04203
6792.96475	0.03323
6791.03603	0.02716
6789.10730	0.02838
6787.17858	0.03248
6785.24985	0.03555
6783.32113	0.03759
6781.39241	0.03876
6779.46368	0.03799
6777.53496	0.03479
6775.60624	0.02901
6773.67751	0.02447
6771.74879	0.02708
6769.82006	0.03349
6767.89134	0.03484
6765.96262	0.03114
6764.03389	0.03012
6762.10517	0.03395
6760.17645	0.03704
6758.24772	0.03506
6756.31900	0.03215
6754.39028	0.03415
6752.46155	0.03566
6750.53283	0.03250
6748.60410	0.03400
6746.67538	0.04292
6744.74666	0.05002
6742.81793	0.04985
6740.88921	0.04193
6738.96049	0.03178
6737.03176	0.02804
6735.10304	0.03034
6733.17432	0.03293
6731.24559	0.03250
6729.31687	0.02911
6727.38814	0.02836
6725.45942	0.03233
6723.53070	0.03390
6721.60197	0.03269
6719.67325	0.03503
6717.74453	0.03937
6715.81580	0.04132
6713.88708	0.03968
6711.95835	0.03641
6710.02963	0.03451
6708.10091	0.03313
6706.17218	0.03173
6704.24346	0.03202
6702.31474	0.03359
6700.38601	0.03537
6698.45729	0.03652
6696.52857	0.03487
6694.59984	0.03085
6692.67112	0.02937
6690.74239	0.03098
6688.81367	0.02954
6686.88495	0.02612
6684.95622	0.02719
6683.02750	0.02956
6681.09878	0.02985
6679.17005	0.03235
6677.24133	0.03652
6675.31261	0.04002
6673.38388	0.04486
6671.45516	0.05030
6669.52643	0.05328
6667.59771	0.05287
6665.66899	0.04689
6663.74026	0.03534
6661.81154	0.02755
6659.88282	0.02950
6657.95409	0.03288
6656.02537	0.03099
6654.09664	0.02960
6652.16792	0.03354
6650.23920	0.03736
6648.31047	0.03571
6646.38175	0.03245
6644.45303	0.03114
6642.52430	0.03008
6640.59558	0.02941
6638.66686	0.02984
6636.73813	0.03078
6634.80941	0.03165
6632.88068	0.03147
6630.95196	0.03199
6629.02324	0.03548
6627.09451	0.04086
6625.16579	0.04630
6623.23707	0.04816
6621.30834	0.04382
6619.37962	0.04005
6617.45090	0.04300
6615.52217	0.04711
6613.59345	0.04639
6611.66472	0.04278
6609.73600	0.04118
6607.80728	0.04264
6605.87855	0.04423
6603.94983	0.04406
6602.02111	0.03987
6600.09238	0.03175
6598.16366	0.02501
6596.23493	0.02261
6594.30621	0.02440
6592.37749	0.03085
6590.44876	0.03883
6588.52004	0.04198
6586.59132	0.03998
6584.66259	0.03728
6582.73387	0.03500
6580.80515	0.03299
6578.87642	0.03371
6576.94770	0.03883
6575.01897	0.04460
6573.09025	0.04687
6571.16153	0.04627
6569.23280	0.04393
6567.30408	0.03900
6565.37536	0.03408
6563.44663	0.03519
6561.51791	0.04110
6559.58919	0.04469
6557.66046	0.04484
6555.73174	0.04396
6553.80301	0.04059
6551.87429	0.03603
6549.94557	0.03741
6548.01684	0.04188
6546.08812	0.04048
6544.15940	0.03553
6542.23067	0.03348
6540.30195	0.03626
6538.37322	0.03999
6536.44450	0.03961
6534.51578	0.03854
6532.58705	0.04039
6530.65833	0.04207
6528.72961	0.04192
6526.80088	0.03975
6524.87216	0.03795
6522.94344	0.04012
6521.01471	0.04050
6519.08599	0.03502
6517.15726	0.03164
6515.22854	0.03448
6513.29982	0.03861
6511.37109	0.03946
6509.44237	0.03716
6507.51365	0.03520
6505.58492	0.03552
6503.65620	0.03671
6501.72748	0.03776
6499.79875	0.03955
6497.87003	0.04109
6495.94130	0.04146
6494.01258	0.04188
6492.08386	0.04192
6490.15513	0.04155
6488.22641	0.04238
6486.29769	0.04238
6484.36896	0.03866
6482.44024	0.03555
6480.51151	0.03762
6478.58279	0.04152
6476.65407	0.04465
6474.72534	0.04759
6472.79662	0.04920
6470.86790	0.04794
6468.93917	0.04478
6467.01045	0.04354
6465.08173	0.04362
6463.15300	0.04057
6461.22428	0.03676
6459.29555	0.03893
6457.36683	0.04526
6455.43811	0.04856
6453.50938	0.04863
6451.58066	0.04798
6449.65194	0.04653
6447.72321	0.04552
6445.79449	0.04606
6443.86577	0.04648
6441.93704	0.04505
6440.00832	0.04340
6438.07959	0.04211
6436.15087	0.03967
6434.22215	0.03756
6432.29342	0.03745
6430.36470	0.04107
6428.43598	0.04752
6426.50725	0.04959
6424.57853	0.04551
6422.64980	0.04212
6420.72108	0.04241
6418.79236	0.04337
6416.86363	0.04319
6414.93491	0.04166
6413.00619	0.03907
6411.07746	0.03820
6409.14874	0.03960
6407.22002	0.03873
6405.29129	0.03375
6403.36257	0.03039
6401.43384	0.03281
6399.50512	0.03654
6397.57640	0.03689
6395.64767	0.03527
6393.71895	0.03448
6391.79023	0.03596
6389.86150	0.03827
6387.93278	0.03786
6386.00406	0.03689
6384.07533	0.03892
6382.14661	0.03975
6380.21788	0.03864
6378.28916	0.04086
6376.36044	0.04378
6374.43171	0.04107
6372.50299	0.03628
6370.57427	0.03631
6368.64554	0.03951
6366.71682	0.04183
6364.78810	0.04200
6362.85937	0.04101
6360.93065	0.04039
6359.00192	0.03807
6357.07320	0.03456
6355.14448	0.03457
6353.21575	0.03800
6351.28703	0.04044
6349.35831	0.04044
6347.42958	0.03946
6345.50086	0.03737
6343.57213	0.03574
6341.64341	0.03922
6339.71469	0.04636
6337.78596	0.04990
6335.85724	0.04767
6333.92852	0.04339
6331.99979	0.03983
6330.07107	0.03683
6328.14235	0.03353
6326.21362	0.03177
6324.28490	0.03314
6322.35617	0.03595
6320.42745	0.03934
6318.49873	0.04082
6316.57000	0.03820
6314.64128	0.03674
6312.71256	0.04009
6310.78383	0.04337
6308.85511	0.04209
6306.92639	0.03861
6304.99766	0.03805
6303.06894	0.04084
6301.14021	0.04219
6299.21149	0.04029
6297.28277	0.03922
6295.35404	0.04216
6293.42532	0.04604
6291.49660	0.04551
6289.56787	0.04204
6287.63915	0.04160
6285.71042	0.04399
6283.78170	0.04401
6281.85298	0.04017
6279.92425	0.03792
6277.99553	0.04159
6276.06681	0.04607
6274.13808	0.04776
6272.20936	0.04973
6270.28064	0.04993
6268.35191	0.04561
6266.42319	0.04162
6264.49446	0.04025
6262.56574	0.03822
6260.63702	0.03626
6258.70829	0.03738
6256.77957	0.03972
6254.85085	0.04013
6252.92212	0.03821
6250.99340	0.03535
6249.06468	0.03366
6247.13595	0.03339
6245.20723	0.03349
6243.27850	0.03427
6241.34978	0.03607
6239.42106	0.03871
6237.49233	0.04132
6235.56361	0.04189
6233.63489	0.03975
6231.70616	0.03809
6229.77744	0.04084
6227.84871	0.04517
6225.91999	0.04520
6223.99127	0.04324
6222.06254	0.04464
6220.13382	0.04739
6218.20510	0.04809
6216.27637	0.04734
6214.34765	0.04403
6212.41893	0.03716
6210.49020	0.03174
6208.56148	0.03236
6206.63275	0.03622
6204.70403	0.03830
6202.77531	0.03917
6200.84658	0.04150
6198.91786	0.04416
6196.98914	0.04546
6195.06041	0.04512
6193.13169	0.04373
6191.20297	0.04127
6189.27424	0.03727
6187.34552	0.03485
6185.41679	0.03709
6183.48807	0.04238
6181.55935	0.04669
6179.63062	0.04774
6177.70190	0.04816
6175.77318	0.04869
6173.84445	0.04606
6171.91573	0.04171
6169.98700	0.04091
6168.05828	0.04399
6166.12956	0.04583
6164.20083	0.04414
6162.27211	0.04313
6160.34339	0.04511
6158.41466	0.04688
6156.48594	0.04565
6154.55722	0.04243
6152.62849	0.04112
6150.69977	0.04302
6148.77104	0.04517
6146.84232	0.04583
6144.91360	0.04517
6142.98487	0.04366
6141.05615	0.04060
6139.12743	0.03753
6137.19870	0.03911
6135.26998	0.04416
6133.34126	0.04690
6131.41253	0.04560
6129.48381	0.04311
6127.55508	0.04194
6125.62636	0.04189
6123.69764	0.04316
6121.76891	0.04605
6119.84019	0.04877
6117.91147	0.04884
6115.98274	0.04606
6114.05402	0.04352
6112.12529	0.04297
6110.19657	0.04308
6108.26785	0.04340
6106.33912	0.04403
6104.41040	0.04368
6102.48168	0.04253
6100.55295	0.04215
6098.62423	0.04302
6096.69551	0.04404
6094.76678	0.04409
6092.83806	0.04465
6090.90933	0.04632
6088.98061	0.04643
6087.05189	0.04444
6085.12316	0.04346
6083.19444	0.04520
6081.26572	0.04664
6079.33699	0.04506
6077.40827	0.04243
6075.47955	0.04154
6073.55082	0.04157
6071.62210	0.04038
6069.69337	0.03954
6067.76465	0.04245
6065.83593	0.04719
6063.90720	0.04885
6061.97848	0.04811
6060.04976	0.04720
6058.12103	0.04593
6056.19231	0.04561
6054.26358	0.04585
6052.33486	0.04526
6050.40614	0.04574
6048.47741	0.04728
6046.54869	0.04749
6044.61997	0.04625
6042.69124	0.04450
6040.76252	0.04382
6038.83380	0.04485
6036.90507	0.04552
6034.97635	0.04447
6033.04762	0.04274
6031.11890	0.04336
6029.19018	0.04656
6027.26145	0.04802
6025.33273	0.04656
6023.40401	0.04434
6021.47528	0.04240
6019.54656	0.04186
6017.61784	0.04347
6015.68911	0.04555
6013.76039	0.04533
6011.83166	0.04173
6009.90294	0.03735
6007.97422	0.03698
6006.04549	0.03961
6004.11677	0.04002
6002.18805	0.03932
6000.25932	0.04031
5998.33060	0.04116
5996.40187	0.03998
5994.47315	0.03843
5992.54443	0.03923
5990.61570	0.04243
5988.68698	0.04607
5986.75826	0.04853
5984.82953	0.04914
5982.90081	0.04806
5980.97209	0.04718
5979.04336	0.04837
5977.11464	0.04981
5975.18591	0.04859
5973.25719	0.04605
5971.32847	0.04567
5969.39974	0.04696
5967.47102	0.04716
5965.54230	0.04547
5963.61357	0.04320
5961.68485	0.04286
5959.75613	0.04453
5957.82740	0.04575
5955.89868	0.04595
5953.96995	0.04678
5952.04123	0.04878
5950.11251	0.04886
5948.18378	0.04587
5946.25506	0.04428
5944.32634	0.04571
5942.39761	0.04585
5940.46889	0.04384
5938.54017	0.04340
5936.61144	0.04448
5934.68272	0.04451
5932.75399	0.04329
5930.82527	0.04246
5928.89655	0.04328
5926.96782	0.04372
5925.03910	0.04219
5923.11038	0.04190
5921.18165	0.04323
5919.25293	0.04358
5917.32420	0.04407
5915.39548	0.04447
5913.46676	0.04322
5911.53803	0.04227
5909.60931	0.04193
5907.68059	0.04082
5905.75186	0.04032
5903.82314	0.04174
5901.89442	0.04318
5899.96569	0.04282
5898.03697	0.04338
5896.10824	0.04610
5894.17952	0.04654
5892.25080	0.04436
5890.32207	0.04355
5888.39335	0.04385
5886.46463	0.04395
5884.53590	0.04409
5882.60718	0.04350
5880.67846	0.04237
5878.74973	0.04222
5876.82101	0.04359
5874.89228	0.04451
5872.96356	0.04321
5871.03484	0.04150
5869.10611	0.04130
5867.17739	0.04202
5865.24867	0.04242
5863.31994	0.04221
5861.39122	0.04220
5859.46249	0.04218
5857.53377	0.04141
5855.60505	0.04052
5853.67632	0.04064
5851.74760	0.04189
5849.81888	0.04296
5847.89015	0.04263
5845.96143	0.04188
5844.03271	0.04263
5842.10398	0.04436
5840.17526	0.04522
5838.24653	0.04508
5836.31781	0.04473
5834.38909	0.04462
5832.46036	0.04492
5830.53164	0.04549
5828.60292	0.04579
5826.67419	0.04528
5824.74547	0.04459
5822.81675	0.04417
5820.88802	0.04373
5818.95930	0.04338
5817.03057	0.04307
5815.10185	0.04326
5813.17313	0.04392
5811.24440	0.04322
5809.31568	0.04139
5807.38696	0.04059
5805.45823	0.04126
5803.52951	0.04247
5801.60078	0.04258
5799.67206	0.04094
5797.74334	0.03945
5795.81461	0.04013
5793.88589	0.04234
5791.95717	0.04333
5790.02844	0.04205
5788.09972	0.03989
5786.17100	0.03753
5784.24227	0.03598
5782.31355	0.03684
5780.38482	0.03979
5778.45610	0.04293
5776.52738	0.04412
5774.59865	0.04302
5772.66993	0.04187
5770.74121	0.04171
5768.81248	0.04160
5766.88376	0.04230
5764.95504	0.04456
5763.02631	0.04621
5761.09759	0.04489
5759.16886	0.04125
5757.24014	0.03886
5755.31142	0.04071
5753.38269	0.04439
5751.45397	0.04534
5749.52525	0.04411
5747.59652	0.04387
5745.66780	0.04458
5743.73907	0.04443
5741.81035	0.04332
5739.88163	0.04175
5737.95290	0.04075
5736.02418	0.04156
5734.09546	0.04255
5732.16673	0.04210
5730.23801	0.04119
5728.30929	0.04014
5726.38056	0.03966
5724.45184	0.04109
5722.52311	0.04250
5720.59439	0.04187
5718.66567	0.04143
5716.73694	0.04329
5714.80822	0.04493
5712.87950	0.04437
5710.95077	0.04331
5709.02205	0.04192
5707.09333	0.03992
5705.16460	0.03927
5703.23588	0.03952
5701.30715	0.03916
5699.37843	0.03926
5697.44971	0.03949
5695.52098	0.03826
5693.59226	0.03720
5691.66354	0.03896
5689.73481	0.04247
5687.80609	0.04395
5685.87736	0.04255
5683.94864	0.04157
5682.01992	0.04209
5680.09119	0.04197
5678.16247	0.04093
5676.23375	0.04022
5674.30502	0.03996
5672.37630	0.03985
5670.44758	0.04040
5668.51885	0.04134
5666.59013	0.04184
5664.66140	0.04232
5662.73268	0.04237
5660.80396	0.04087
5658.87523	0.03967
5656.94651	0.04062
5655.01779	0.04168
5653.08906	0.04229
5651.16034	0.04447
5649.23162	0.04602
5647.30289	0.04466
5645.37417	0.04287
5643.44544	0.04249
5641.51672	0.04363
5639.58800	0.04639
5637.65927	0.04880
5635.73055	0.04751
5633.80183	0.04336
5631.87310	0.04093
5629.94438	0.04118
5628.01565	0.04141
5626.08693	0.03991
5624.15821	0.03839
5622.22948	0.03977
5620.30076	0.04236
5618.37204	0.04219
5616.44331	0.04043
5614.51459	0.03985
5612.58587	0.03964
5610.65714	0.03964
5608.72842	0.04084
5606.79969	0.04181
5604.87097	0.04100
5602.94225	0.03963
5601.01352	0.03956
5599.08480	0.04028
5597.15608	0.04116
5595.22735	0.04237
5593.29863	0.04348
5591.36991	0.04372
5589.44118	0.04297
5587.51246	0.04178
5585.58373	0.04080
5583.65501	0.04044
5581.72629	0.04100
5579.79756	0.04233
5577.86884	0.04270
5575.94012	0.04071
5574.01139	0.03873
5572.08267	0.03948
5570.15394	0.04155
5568.22522	0.04237
5566.29650	0.04219
5564.36777	0.04369
5562.43905	0.04706
5560.51033	0.04876
5558.58160	0.04735
5556.65288	0.04497
5554.72416	0.04327
5552.79543	0.04211
5550.86671	0.04151
5548.93798	0.04224
5547.00926	0.04321
5545.08054	0.04227
5543.15181	0.04079
5541.22309	0.04160
5539.29437	0.04430
5537.36564	0.04618
5535.43692	0.04597
5533.50820	0.04509
5531.57947	0.04478
5529.65075	0.04404
5527.72202	0.04249
5525.79330	0.04167
5523.86458	0.04223
5521.93585	0.04327
5520.00713	0.04434
5518.07841	0.04516
5516.14968	0.04482
5514.22096	0.04337
5512.29224	0.04234
5510.36351	0.04266
5508.43479	0.04370
5506.50606	0.04488
5504.57734	0.04596
5502.64862	0.04629
5500.71989	0.04568
5498.79117	0.04511
5496.86245	0.04490
5494.93372	0.04430
5493.00500	0.04414
5491.07627	0.04546
5489.14755	0.04690
5487.21883	0.04713
5485.29010	0.04675
5483.36138	0.04694
5481.43266	0.04774
5479.50393	0.04851
5477.57521	0.04832
5475.64649	0.04639
5473.71776	0.04357
5471.78904	0.04142
5469.86031	0.04118
5467.93159	0.04339
5466.00287	0.04625
5464.07414	0.04693
5462.14542	0.04558
5460.21670	0.04517
5458.28797	0.04637
5456.35925	0.04710
5454.43053	0.04692
5452.50180	0.04654
5450.57308	0.04647
5448.64435	0.04773
5446.71563	0.04966
5444.78691	0.05014
5442.85818	0.04876
5440.92946	0.04746
5439.00074	0.04772
5437.07201	0.04849
5435.14329	0.04887
5433.21456	0.04946
5431.28584	0.05049
5429.35712	0.05145
5427.42839	0.05156
5425.49967	0.05039
5423.57095	0.04879
5421.64222	0.04786
5419.71350	0.04748
5417.78478	0.04709
5415.85605	0.04660
5413.92733	0.04668
5411.99860	0.04776
5410.06988	0.04880
5408.14116	0.04890
5406.21243	0.04799
5404.28371	0.04630
5402.35499	0.04534
5400.42626	0.04639
5398.49754	0.04791
5396.56882	0.04794
5394.64009	0.04654
5392.71137	0.04533
5390.78264	0.04623
5388.85392	0.04904
5386.92520	0.05122
5384.99647	0.05144
5383.06775	0.05110
5381.13903	0.05126
5379.21030	0.05107
5377.28158	0.04989
5375.35285	0.04881
5373.42413	0.04827
5371.49541	0.04753
5369.56668	0.04683
5367.63796	0.04670
5365.70924	0.04661
5363.78051	0.04666
5361.85179	0.04832
5359.92307	0.05121
5357.99434	0.05277
5356.06562	0.05204
5354.13689	0.05043
5352.20817	0.04934
5350.27945	0.04855
5348.35072	0.04782
5346.42200	0.04823
5344.49328	0.05036
5342.56455	0.05256
5340.63583	0.05225
5338.70711	0.05029
5336.77838	0.04931
5334.84966	0.04904
5332.92093	0.04865
5330.99221	0.04880
5329.06349	0.04923
5327.13476	0.04947
5325.20604	0.04941
5323.27732	0.04822
5321.34859	0.04617
5319.41987	0.04541
5317.49114	0.04681
5315.56242	0.04861
5313.63370	0.04947
5311.70497	0.04907
5309.77625	0.04715
5307.84753	0.04503
5305.91880	0.04441
5303.99008	0.04474
5302.06136	0.04540
5300.13263	0.04656
5298.20391	0.04760
5296.27518	0.04805
5294.34646	0.04858
5292.41774	0.04905
5290.48901	0.04870
5288.56029	0.04835
5286.63157	0.04813
5284.70284	0.04738
5282.77412	0.04716
5280.84540	0.04769
5278.91667	0.04740
5276.98795	0.04606
5275.05922	0.04484
5273.13050	0.04440
5271.20178	0.04430
5269.27305	0.04407
5267.34433	0.04449
5265.41561	0.04618
5263.48688	0.04790
5261.55816	0.04762
5259.62943	0.04576
5257.70071	0.04526
5255.77199	0.04671
5253.84326	0.04789
5251.91454	0.04767
5249.98582	0.04655
5248.05709	0.04567
5246.12837	0.04552
5244.19965	0.04507
5242.27092	0.04396
5240.34220	0.04323
5238.41347	0.04351
5236.48475	0.04443
5234.55603	0.04534
5232.62730	0.04596
5230.69858	0.04568
5228.76986	0.04436
5226.84113	0.04325
5224.91241	0.04285
5222.98369	0.04234
5221.05496	0.04201
5219.12624	0.04243
5217.19751	0.04276
5215.26879	0.04256
5213.34007	0.04233
5211.41134	0.04220
5209.48262	0.04165
5207.55390	0.04052
5205.62517	0.03997
5203.69645	0.04067
5201.76772	0.04163
5199.83900	0.04246
5197.91028	0.04326
5195.98155	0.04384
5194.05283	0.04404
5192.12411	0.04383
5190.19538	0.04310
5188.26666	0.04214
5186.33794	0.04124
5184.40921	0.04032
5182.48049	0.04011
5180.55176	0.04122
5178.62304	0.04244
5176.69432	0.04229
5174.76559	0.04132
5172.83687	0.04092
5170.90815	0.04097
5168.97942	0.04071
5167.05070	0.04033
5165.12198	0.04044
5163.19325	0.04108
5161.26453	0.04156
5159.33580	0.04169
5157.40708	0.04189
5155.47836	0.04180
5153.54963	0.04099
5151.62091	0.04051
5149.69219	0.04149
5147.76346	0.04307
5145.83474	0.04356
5143.90601	0.04301
5141.97729	0.04263
5140.04857	0.04276
5138.11984	0.04332
5136.19112	0.04403
5134.26240	0.04393
5132.33367	0.04298
5130.40495	0.04248
5128.47623	0.04310
5126.54750	0.04420
5124.61878	0.04498
5122.69005	0.04493
5120.76133	0.04391
5118.83261	0.04294
5116.90388	0.04300
5114.97516	0.04364
5113.04644	0.04407
5111.11771	0.04394
5109.18899	0.04363
5107.26027	0.04388
5105.33154	0.04474
5103.40282	0.04547
5101.47409	0.04521
5099.54537	0.04413
5097.61665	0.04361
5095.68792	0.04416
5093.75920	0.04433
5091.83048	0.04322
5089.90175	0.04206
5087.97303	0.04212
5086.04431	0.04282
5084.11558	0.04349
5082.18686	0.04419
5080.25813	0.04454
5078.32941	0.04463
5076.40069	0.04491
5074.47196	0.04484
5072.54324	0.04411
5070.61452	0.04319
5068.68579	0.04274
5066.75707	0.04311
5064.82834	0.04411
5062.89962	0.04543
5060.97090	0.04657
5059.04217	0.04694
5057.11345	0.04668
5055.18473	0.04624
5053.25600	0.04563
5051.32728	0.04506
5049.39856	0.04499
5047.46983	0.04502
5045.54111	0.04492
5043.61238	0.04535
5041.68366	0.04604
5039.75494	0.04623
5037.82621	0.04629
5035.89749	0.04677
5033.96877	0.04755
5032.04004	0.04801
5030.11132	0.04834
5028.18260	0.04897
5026.25387	0.04906
5024.32515	0.04815
5022.39642	0.04696
5020.46770	0.04618
5018.53898	0.04622
5016.61025	0.04694
5014.68153	0.04776
5012.75281	0.04803
5010.82408	0.04764
5008.89536	0.04748
5006.96663	0.04828
5005.03791	0.04941
5003.10919	0.04939
5001.18046	0.04799
4999.25174	0.04710
4997.32302	0.04774
4995.39429	0.04884
4993.46557	0.05014
4991.53685	0.05093
4989.60812	0.05073
4987.67940	0.05050
4985.75067	0.05055
4983.82195	0.05068
4981.89323	0.05118
4979.96450	0.05204
4978.03578	0.05234
4976.10706	0.05155
4974.17833	0.05074
4972.24961	0.05040
4970.32089	0.04982
4968.39216	0.04944
4966.46344	0.05045
4964.53471	0.05216
4962.60599	0.05306
4960.67727	0.05311
4958.74854	0.05253
4956.81982	0.05143
4954.89110	0.05060
4952.96237	0.05073
4951.03365	0.05160
4949.10492	0.05244
4947.17620	0.05238
4945.24748	0.05133
4943.31875	0.05085
4941.39003	0.05190
4939.46131	0.05312
4937.53258	0.05333
4935.60386	0.05287
4933.67514	0.05221
4931.74641	0.05170
4929.81769	0.05183
4927.88896	0.05211
4925.96024	0.05182
4924.03152	0.05161
4922.10279	0.05197
4920.17407	0.05224
4918.24535	0.05245
4916.31662	0.05301
4914.38790	0.05381
4912.45918	0.05430
4910.53045	0.05430
4908.60173	0.05420
4906.67300	0.05414
4904.74428	0.05383
4902.81556	0.05282
4900.88683	0.05124
4898.95811	0.05055
4897.02939	0.05145
4895.10066	0.05304
4893.17194	0.05426
4891.24321	0.05455
4889.31449	0.05397
4887.38577	0.05349
4885.45704	0.05398
4883.52832	0.05456
4881.59960	0.05433
4879.67087	0.05399
4877.74215	0.05379
4875.81343	0.05372
4873.88470	0.05391
4871.95598	0.05358
4870.02725	0.05244
4868.09853	0.05164
4866.16981	0.05198
4864.24108	0.05274
4862.31236	0.05355
4860.38364	0.05482
4858.45491	0.05574
4856.52619	0.05571
4854.59747	0.05562
4852.66874	0.05556
4850.74002	0.05482
4848.81129	0.05406
4846.88257	0.05415
4844.95385	0.05458
4843.02512	0.05486
4841.09640	0.05496
4839.16768	0.05466
4837.23895	0.05437
4835.31023	0.05497
4833.38150	0.05569
4831.45278	0.05536
4829.52406	0.05473
4827.59533	0.05434
4825.66661	0.05351
4823.73789	0.05256
4821.80916	0.05241
4819.88044	0.05294
4817.95172	0.05326
4816.02299	0.05295
4814.09427	0.05248
4812.16554	0.05217
4810.23682	0.05201
4808.30810	0.05226
4806.37937	0.05300
4804.45065	0.05356
4802.52193	0.05334
4800.59320	0.05301
4798.66448	0.05310
4796.73576	0.05269
4794.80703	0.05184
4792.87831	0.05172
4790.94958	0.05201
4789.02086	0.05185
4787.09214	0.05165
4785.16341	0.05157
4783.23469	0.05146
4781.30597	0.05172
4779.37724	0.05231
4777.44852	0.05224
4775.51979	0.05131
4773.59107	0.05069
4771.66235	0.05114
4769.73362	0.05225
4767.80490	0.05356
4765.87618	0.05457
4763.94745	0.05491
4762.01873	0.05497
4760.09001	0.05447
4758.16128	0.05330
4756.23256	0.05279
4754.30383	0.05305
4752.37511	0.05278
4750.44639	0.05159
4748.51766	0.05016
4746.58894	0.04977
4744.66022	0.05032
4742.73149	0.05042
4740.80277	0.05039
4738.87405	0.05078
4736.94532	0.05079
4735.01660	0.05020
4733.08787	0.04996
4731.15915	0.05038
4729.23043	0.05093
4727.30170	0.05126
4725.37298	0.05134
4723.44426	0.05149
4721.51553	0.05176
4719.58681	0.05163
4717.65808	0.05108
4715.72936	0.05057
4713.80064	0.05033
4711.87191	0.05046
4709.94319	0.05093
4708.01447	0.05138
4706.08574	0.05173
4704.15702	0.05209
4702.22830	0.05224
4700.29957	0.05213
4698.37085	0.05199
4696.44212	0.05219
4694.51340	0.05275
4692.58468	0.05328
4690.65595	0.05333
4688.72723	0.05285
4686.79851	0.05203
4684.86978	0.05110
4682.94106	0.05039
4681.01234	0.05016
4679.08361	0.05081
4677.15489	0.05192
4675.22616	0.05237
4673.29744	0.05244
4671.36872	0.05246
4669.43999	0.05187
4667.51127	0.05143
4665.58255	0.05201
4663.65382	0.05268
4661.72510	0.05257
4659.79638	0.05220
4657.86765	0.05213
4655.93893	0.05172
4654.01020	0.05061
4652.08148	0.05064
4650.15276	0.05240
4648.22403	0.05335
4646.29531	0.05253
4644.36659	0.05155
4642.43786	0.05156
4640.50914	0.05240
4638.58041	0.05307
4636.65169	0.05312
4634.72297	0.05273
4632.79424	0.05230
4630.86552	0.05240
4628.93680	0.05286
4627.00807	0.05296
4625.07935	0.05277
4623.15063	0.05264
4621.22190	0.05272
4619.29318	0.05323
4617.36445	0.05363
4615.43573	0.05344
4613.50701	0.05312
4611.57828	0.05300
4609.64956	0.05305
4607.72084	0.05315
4605.79211	0.05315
4603.86339	0.05297
4601.93467	0.05278
4600.00594	0.05299
4598.07722	0.05327
4596.14849	0.05298
4594.21977	0.05256
4592.29105	0.05289
4590.36232	0.05352
4588.43360	0.05330
4586.50488	0.05250
4584.57615	0.05215
4582.64743	0.05267
4580.71870	0.05375
4578.78998	0.05443
4576.86126	0.05408
4574.93253	0.05297
4573.00381	0.05199
4571.07509	0.05167
4569.14636	0.05162
4567.21764	0.05156
4565.28892	0.05162
4563.36019	0.05161
4561.43147	0.05144
4559.50274	0.05166
4557.57402	0.05217
4555.64530	0.05242
4553.71657	0.05281
4551.78785	0.05361
4549.85913	0.05374
4547.93040	0.05279
4546.00168	0.05196
4544.07296	0.05184
4542.14423	0.05207
4540.21551	0.05269
4538.28678	0.05342
4536.35806	0.05368
4534.42934	0.05330
4532.50061	0.05250
4530.57189	0.05215
4528.64317	0.05248
4526.71444	0.05274
4524.78572	0.05260
4522.85699	0.05232
4520.92827	0.05200
4518.99955	0.05212
4517.07082	0.05290
4515.14210	0.05338
4513.21338	0.05313
4511.28465	0.05303
4509.35593	0.05348
4507.42721	0.05409
4505.49848	0.05426
4503.56976	0.05386
4501.64103	0.05356
4499.71231	0.05371
4497.78359	0.05408
4495.85486	0.05427
4493.92614	0.05411
4491.99742	0.05373
4490.06869	0.05320
4488.13997	0.05273
4486.21125	0.05286
4484.28252	0.05343
4482.35380	0.05379
4480.42507	0.05392
4478.49635	0.05406
4476.56763	0.05394
4474.63890	0.05353
4472.71018	0.05340
4470.78146	0.05365
4468.85273	0.05375
4466.92401	0.05332
4464.99528	0.05287
4463.06656	0.05289
4461.13784	0.05310
4459.20911	0.05330
4457.28039	0.05359
4455.35167	0.05387
4453.42294	0.05417
4451.49422	0.05450
4449.56550	0.05470
4447.63677	0.05470
4445.70805	0.05442
4443.77932	0.05376
4441.85060	0.05311
4439.92188	0.05323
4437.99315	0.05411
4436.06443	0.05490
4434.13571	0.05497
4432.20698	0.05451
4430.27826	0.05425
4428.34954	0.05434
4426.42081	0.05452
4424.49209	0.05499
4422.56336	0.05572
4420.63464	0.05582
4418.70592	0.05517
4416.77719	0.05488
4414.84847	0.05501
4412.91975	0.05479
4410.99102	0.05459
4409.06230	0.05471
4407.13357	0.05488
4405.20485	0.05513
4403.27613	0.05527
4401.34740	0.05487
4399.41868	0.05406
4397.48996	0.05363
4395.56123	0.05400
4393.63251	0.05480
4391.70379	0.05554
4389.77506	0.05580
4387.84634	0.05561
4385.91761	0.05555
4383.98889	0.05601
4382.06017	0.05651
4380.13144	0.05608
4378.20272	0.05498
4376.27400	0.05469
4374.34527	0.05529
4372.41655	0.05542
4370.48783	0.05503
4368.55910	0.05534
4366.63038	0.05615
4364.70165	0.05623
4362.77293	0.05571
4360.84421	0.05574
4358.91548	0.05608
4356.98676	0.05576
4355.05804	0.05534
4353.12931	0.05533
4351.20059	0.05514
4349.27186	0.05490
4347.34314	0.05508
4345.41442	0.05536
4343.48569	0.05554
4341.55697	0.05592
4339.62825	0.05633
4337.69952	0.05645
4335.77080	0.05622
4333.84208	0.05593
4331.91335	0.05596
4329.98463	0.05642
4328.05590	0.05672
4326.12718	0.05658
4324.19846	0.05634
4322.26973	0.05617
4320.34101	0.05606
4318.41229	0.05597
4316.48356	0.05609
4314.55484	0.05662
4312.62612	0.05729
4310.69739	0.05724
4308.76867	0.05671
4306.83994	0.05678
4304.91122	0.05728
4302.98250	0.05728
4301.05377	0.05707
4299.12505	0.05722
4297.19633	0.05736
4295.26760	0.05708
4293.33888	0.05661
4291.41015	0.05634
4289.48143	0.05619
4287.55271	0.05598
4285.62398	0.05595
4283.69526	0.05615
4281.76654	0.05640
4279.83781	0.05685
4277.90909	0.05742
4275.98037	0.05751
4274.05164	0.05726
4272.12292	0.05720
4270.19419	0.05736
4268.26547	0.05762
4266.33675	0.05776
4264.40802	0.05746
4262.47930	0.05680
4260.55058	0.05621
4258.62185	0.05596
4256.69313	0.05603
4254.76441	0.05621
4252.83568	0.05644
4250.90696	0.05692
4248.97823	0.05731
4247.04951	0.05715
4245.12079	0.05680
4243.19206	0.05656
4241.26334	0.05639
4239.33462	0.05655
4237.40589	0.05704
4235.47717	0.05726
4233.54845	0.05684
4231.61972	0.05636
4229.69100	0.05634
4227.76227	0.05648
4225.83355	0.05653
4223.90483	0.05640
4221.97610	0.05603
4220.04738	0.05597
4218.11866	0.05645
4216.18993	0.05681
4214.26121	0.05676
4212.33248	0.05665
4210.40376	0.05649
4208.47504	0.05604
4206.54631	0.05553
4204.61759	0.05550
4202.68887	0.05573
4200.76014	0.05590
4198.83142	0.05639
4196.90270	0.05722
4194.97397	0.05757
4193.04525	0.05749
4191.11652	0.05758
4189.18780	0.05767
4187.25908	0.05724
4185.33035	0.05657
4183.40163	0.05611
4181.47291	0.05590
4179.54418	0.05622
4177.61546	0.05691
4175.68674	0.05701
4173.75801	0.05653
4171.82929	0.05623
4169.90056	0.05638
4167.97184	0.05682
4166.04312	0.05714
4164.11439	0.05730
4162.18567	0.05764
4160.25695	0.05791
4158.32822	0.05763
4156.39950	0.05705
4154.47077	0.05659
4152.54205	0.05650
4150.61333	0.05657
4148.68460	0.05638
4146.75588	0.05612
4144.82716	0.05624
4142.89843	0.05648
4140.96971	0.05640
4139.04099	0.05600
4137.11226	0.05569
4135.18354	0.05574
4133.25481	0.05600
4131.32609	0.05609
4129.39737	0.05578
4127.46864	0.05510
4125.53992	0.05454
4123.61120	0.05434
4121.68247	0.05418
4119.75375	0.05408
4117.82503	0.05417
4115.89630	0.05430
4113.96758	0.05452
4112.03885	0.05494
4110.11013	0.05524
4108.18141	0.05517
4106.25268	0.05494
4104.32396	0.05486
4102.39524	0.05492
4100.46651	0.05503
4098.53779	0.05528
4096.60906	0.05557
4094.68034	0.05558
4092.75162	0.05529
4090.82289	0.05494
4088.89417	0.05464
4086.96545	0.05455
4085.03672	0.05502
4083.10800	0.05569
4081.17928	0.05563
4079.25055	0.05495
4077.32183	0.05449
4075.39310	0.05460
4073.46438	0.05499
4071.53566	0.05518
4069.60693	0.05517
4067.67821	0.05518
4065.74949	0.05503
4063.82076	0.05466
4061.89204	0.05438
4059.96332	0.05457
4058.03459	0.05528
4056.10587	0.05579
4054.17714	0.05540
4052.24842	0.05443
4050.31970	0.05372
4048.39097	0.05365
4046.46225	0.05402
4044.53353	0.05437
4042.60480	0.05455
4040.67608	0.05468
4038.74735	0.05470
4036.81863	0.05486
4034.88991	0.05531
4032.96118	0.05547
4031.03246	0.05535
4029.10374	0.05529
4027.17501	0.05488
4025.24629	0.05396
4023.31757	0.05292
4021.38884	0.05246
4019.46012	0.05274
4017.53139	0.05315
4015.60267	0.05328
4013.67395	0.05321
4011.74522	0.05289
4009.81650	0.05224
4007.88778	0.05193
4005.95905	0.05223
4004.03033	0.05252
4002.10161	0.05292
4000.17288	0.05351
3998.24416	0.05370
3996.31543	0.05351
3994.38671	0.05336
3992.45799	0.05337
3990.52926	0.05327
3988.60054	0.05292
3986.67182	0.05250
3984.74309	0.05224
3982.81437	0.05217
3980.88564	0.05233
3978.95692	0.05263
3977.02820	0.05263
3975.09947	0.05237
3973.17075	0.05232
3971.24203	0.05242
3969.31330	0.05243
3967.38458	0.05266
3965.45586	0.05314
3963.52713	0.05309
3961.59841	0.05235
3959.66968	0.05173
3957.74096	0.05158
3955.81224	0.05157
3953.88351	0.05165
3951.95479	0.05177
3950.02607	0.05171
3948.09734	0.05164
3946.16862	0.05170
3944.23990	0.05155
3942.31117	0.05126
3940.38245	0.05117
3938.45372	0.05124
3936.52500	0.05108
3934.59628	0.05041
3932.66755	0.04974
3930.73883	0.04980
3928.81011	0.05055
3926.88138	0.05126
3924.95266	0.05162
3923.02393	0.05188
3921.09521	0.05200
3919.16649	0.05171
3917.23776	0.05108
3915.30904	0.05047
3913.38032	0.05023
3911.45159	0.05038
3909.52287	0.05068
3907.59415	0.05075
3905.66542	0.05056
3903.73670	0.05068
3901.80797	0.05120
3899.87925	0.05135
3897.95053	0.05095
3896.02180	0.05035
3894.09308	0.04977
3892.16436	0.04956
3890.23563	0.04996
3888.30691	0.05018
3886.37819	0.04988
3884.44946	0.05006
3882.52074	0.05011
3880.59201	0.04962
3878.66329	0.04960
3876.73457	0.04971
3874.80584	0.04982
3872.87712	0.05014
3870.94840	0.05004
3869.01967	0.05010
3867.09095	0.05032
3865.16222	0.04988
3863.23350	0.04948
3861.30478	0.04958
3859.37605	0.04989
3857.44733	0.04986
3855.51861	0.04908
3853.58988	0.04880
3851.66116	0.04984
3849.73244	0.05020
3847.80371	0.04949
3845.87499	0.04873
3843.94626	0.04842
3842.01754	0.04835
3840.08882	0.04800
3838.16009	0.04795
3836.23137	0.04882
3834.30265	0.04954
3832.37392	0.04951
3830.44520	0.04944
3828.51648	0.04948
3826.58775	0.04947
3824.65903	0.04939
3822.73030	0.04898
3820.80158	0.04899
3818.87286	0.04916
3816.94413	0.04827
3815.01541	0.04800
3813.08669	0.04895
3811.15796	0.04970
3809.22924	0.04985
3807.30052	0.04976
3805.37179	0.04997
3803.44307	0.04959
3801.51434	0.04888
3799.58562	0.04908
3797.65690	0.04909
3795.72817	0.04873
3793.79945	0.04862
3791.87073	0.04861
3789.94200	0.04872
3788.01328	0.04883
3786.08455	0.04873
3784.15583	0.04859
3782.22711	0.04837
3780.29838	0.04809
3778.36966	0.04824
3776.44094	0.04858
3774.51221	0.04867
3772.58349	0.04881
3770.65477	0.04923
3768.72604	0.04982
3766.79732	0.05007
3764.86859	0.05008
3762.93987	0.05012
3761.01115	0.04996
3759.08242	0.05002
3757.15370	0.05052
3755.22498	0.05113
3753.29625	0.05155
3751.36753	0.05207
3749.43881	0.05335
3747.51008	0.05460
3745.58136	0.05462
3743.65263	0.05552
3741.72391	0.05769
3739.79519	0.05867
3737.86646	0.05848
3735.93774	0.05860
3734.00902	0.05955
3732.08029	0.06046
3730.15157	0.06111
3728.22284	0.06157
3726.29412	0.06209
3724.36540	0.06304
3722.43667	0.06450
3720.50795	0.06669
3718.57923	0.06936
3716.65050	0.07203
3714.72178	0.07440
3712.79306	0.07665
3710.86433	0.07942
3708.93561	0.08240
3707.00688	0.08493
3705.07816	0.08698
3703.14944	0.08897
3701.22071	0.09173
3699.29199	0.09520
3697.36327	0.09822
3695.43454	0.10059
3693.50582	0.10278
3691.57710	0.10500
3689.64837	0.10721
3687.71965	0.10948
3685.79092	0.11154
3683.86220	0.11314
3681.93348	0.11517
3680.00475	0.11822
3678.07603	0.12191
3676.14731	0.12632
3674.21858	0.13136
3672.28986	0.13401
3670.36113	0.13398
3668.43241	0.13449
3666.50369	0.13605
3664.57496	0.13800
3662.64624	0.14036
3660.71752	0.14266
3658.78879	0.14436
3656.86007	0.14556
3654.93135	0.14654
3653.00262	0.14644
3651.07390	0.14556
3649.14517	0.14633
3647.21645	0.14915
3645.28773	0.15187
3643.35900	0.15318
3641.43028	0.15361
3639.50156	0.15413
3637.57283	0.15527
3635.64411	0.15709
3633.71539	0.15936
3631.78666	0.16112
3629.85794	0.16168
3627.92921	0.16246
3626.00049	0.16364
3624.07177	0.16426
3622.14304	0.16496
3620.21432	0.16621
3618.28560	0.16755
3616.35687	0.16830
3614.42815	0.16859
3612.49942	0.16909
3610.57070	0.16962
3608.64198	0.17009
3606.71325	0.17088
3604.78453	0.17155
3602.85581	0.17186
3600.92708	0.17224
3598.99836	0.17276
3597.06964	0.17323
3595.14091	0.17399
3593.21219	0.17539
3591.28346	0.17695
3589.35474	0.17815
3587.42602	0.17945
3585.49729	0.18104
3583.56857	0.18208
3581.63985	0.18245
3579.71112	0.18276
3577.78240	0.18311
3575.85368	0.18343
3573.92495	0.18396
3571.99623	0.18499
3570.06750	0.18623
3568.13878	0.18724
3566.21006	0.18821
3564.28133	0.18923
3562.35261	0.18990
3560.42389	0.19065
3558.49516	0.19194
3556.56644	0.19320
3554.63771	0.19377
3552.70899	0.19397
3550.78027	0.19438
3548.85154	0.19499
3546.92282	0.19583
3544.99410	0.19705
3543.06537	0.19811
3541.13665	0.19870
3539.20793	0.19915
3537.27920	0.19945
3535.35048	0.19969
3533.42175	0.20036
3531.49303	0.20138
3529.56431	0.20217
3527.63558	0.20250
3525.70686	0.20253
3523.77814	0.20276
3521.84941	0.20352
3519.92069	0.20421
3517.99197	0.20464
3516.06324	0.20528
3514.13452	0.20602
3512.20579	0.20676
3510.27707	0.20768
3508.34835	0.20862
3506.41962	0.20925
3504.49090	0.20969
3502.56218	0.21015
3500.63345	0.21035
3498.70473	0.20991
3496.77600	0.20919
3494.84728	0.20920
3492.91856	0.21034
3490.98983	0.21170
3489.06111	0.21192
3487.13239	0.21085
3485.20366	0.20986
3483.27494	0.20984
3481.34622	0.21049
3479.41749	0.21143
3477.48877	0.21241
3475.56004	0.21302
3473.63132	0.21332
3471.70260	0.21362
3469.77387	0.21368
3467.84515	0.21351
3465.91643	0.21367
3463.98770	0.21443
3462.05898	0.21546
3460.13026	0.21606
3458.20153	0.21602
3456.27281	0.21617
3454.34408	0.21669
3452.41536	0.21674
3450.48664	0.21656
3448.55791	0.21667
3446.62919	0.21652
3444.70047	0.21598
3442.77174	0.21577
3440.84302	0.21632
3438.91429	0.21704
3436.98557	0.21747
3435.05685	0.21816
3433.12812	0.21894
3431.19940	0.21872
3429.27068	0.21785
3427.34195	0.21763
3425.41323	0.21794
3423.48451	0.21804
3421.55578	0.21776
3419.62706	0.21725
3417.69833	0.21694
3415.76961	0.21719
3413.84089	0.21747
3411.91216	0.21710
3409.98344	0.21658
3408.05472	0.21668
3406.12599	0.21680
3404.19727	0.21623
3402.26855	0.21584
3400.33982	0.21617
3398.41110	0.21622
3396.48237	0.21563
3394.55365	0.21483
3392.62493	0.21443
3390.69620	0.21430
3388.76748	0.21383
3386.83876	0.21308
3384.91003	0.21219
3382.98131	0.21117
3381.05259	0.21032
3379.12386	0.20999
3377.19514	0.21022
3375.26641	0.21031
3373.33769	0.20954
3371.40897	0.20836
3369.48024	0.20769
3367.55152	0.20742
3365.62280	0.20709
3363.69407	0.20705
3361.76535	0.20717
3359.83662	0.20673
3357.90790	0.20592
3355.97918	0.20524
3354.05045	0.20466
3352.12173	0.20382
3350.19301	0.20239
3348.26428	0.20070
3346.33556	0.19947
3344.40684	0.19903
3342.47811	0.19897
3340.54939	0.19860
3338.62066	0.19780
3336.69194	0.19697
3334.76322	0.19626
3332.83449	0.19591
3330.90577	0.19576
3328.97705	0.19488
3327.04832	0.19335
3325.11960	0.19245
3323.19088	0.19244
3321.26215	0.19259
3319.33343	0.19241
3317.40470	0.19176
3315.47598	0.19069
3313.54726	0.18944
3311.61853	0.18803
3309.68981	0.18642
3307.76109	0.18487
3305.83236	0.18361
3303.90364	0.18288
3301.97491	0.18270
3300.04619	0.18244
3298.11747	0.18135
3296.18874	0.17944
3294.26002	0.17766
3292.33130	0.17674
3290.40257	0.17636
3288.47385	0.17554
3286.54513	0.17402
3284.61640	0.17260
3282.68768	0.17164
3280.75895	0.17073
3278.83023	0.16957
3276.90151	0.16799
3274.97278	0.16635
3273.04406	0.16533
3271.11534	0.16451
3269.18661	0.16297
3267.25789	0.16084
3265.32917	0.15868
3263.40044	0.15681
3261.47172	0.15526
3259.54299	0.15378
3257.61427	0.15251
3255.68555	0.15160
3253.75682	0.15050
3251.82810	0.14882
3249.89938	0.14720
3247.97065	0.14622
3246.04193	0.14530
3244.11320	0.14384
3242.18448	0.14195
3240.25576	0.14004
3238.32703	0.13885
3236.39831	0.13836
3234.46959	0.13751
3232.54086	0.13589
3230.61214	0.13404
3228.68342	0.13239
3226.75469	0.13076
3224.82597	0.12881
3222.89724	0.12689
3220.96852	0.12529
3219.03980	0.12346
3217.11107	0.12161
3215.18235	0.12072
3213.25363	0.12045
3211.32490	0.11942
3209.39618	0.11753
3207.46746	0.11595
3205.53873	0.11501
3203.61001	0.11394
3201.68128	0.11232
3199.75256	0.11059
3197.82384	0.10944
3195.89511	0.10901
3193.96639	0.10850
3192.03767	0.10739
3190.10894	0.10614
3188.18022	0.10488
3186.25149	0.10309
3184.32277	0.10108
3182.39405	0.09983
3180.46532	0.09954
3178.53660	0.09929
3176.60788	0.09850
3174.67915	0.09742
3172.75043	0.09642
3170.82171	0.09558
3168.89298	0.09472
3166.96426	0.09377
3165.03553	0.09287
3163.10681	0.09193
3161.17809	0.09095
3159.24936	0.09017
3157.32064	0.08953
3155.39192	0.08862
3153.46319	0.08755
3151.53447	0.08687
3149.60575	0.08628
3147.67702	0.08500
3145.74830	0.08333
3143.81957	0.08232
3141.89085	0.08199
3139.96213	0.08153
3138.03340	0.08099
3136.10468	0.08065
3134.17596	0.08050
3132.24723	0.08037
3130.31851	0.07967
3128.38978	0.07848
3126.46106	0.07778
3124.53234	0.07751
3122.60361	0.07699
3120.67489	0.07682
3118.74617	0.07749
3116.81744	0.07813
3114.88872	0.07795
3112.96000	0.07741
3111.03127	0.07736
3109.10255	0.07778
3107.17382	0.07805
3105.24510	0.07829
3103.31638	0.07904
3101.38765	0.08025
3099.45893	0.08164
3097.53021	0.08326
3095.60148	0.08500
3093.67276	0.08669
3091.74404	0.08834
3089.81531	0.08972
3087.88659	0.09077
3085.95786	0.09188
3084.02914	0.09309
3082.10042	0.09423
3080.17169	0.09539
3078.24297	0.09661
3076.31425	0.09786
3074.38552	0.09922
3072.45680	0.10085
3070.52807	0.10248
3068.59935	0.10367
3066.67063	0.10444
3064.74190	0.10531
3062.81318	0.10625
3060.88446	0.10650
3058.95573	0.10602
3057.02701	0.10609
3055.09829	0.10742
3053.16956	0.10901
3051.24084	0.10975
3049.31211	0.10989
3047.38339	0.10999
3045.45467	0.11017
3043.52594	0.11047
3041.59722	0.11069
3039.66850	0.11064
3037.73977	0.11028
3035.81105	0.10962
3033.88233	0.10887
3031.95360	0.10823
3030.02488	0.10781
3028.09615	0.10742
3026.16743	0.10670
3024.23871	0.10594
3022.30998	0.10565
3020.38126	0.10557
3018.45254	0.10536
3016.52381	0.10501
3014.59509	0.10460
3012.66636	0.10460
3010.73764	0.10534
3008.80892	0.10605
3006.88019	0.10612
3004.95147	0.10609
3003.02275	0.10655
3001.09402	0.10736
2999.16530	0.10832
2997.23658	0.10945
2995.30785	0.11061
2993.37913	0.11123
2991.45040	0.11155
2989.52168	0.11235
2987.59296	0.11356
2985.66423	0.11474
2983.73551	0.11612
2981.80679	0.11775
2979.87806	0.11914
2977.94934	0.12027
2976.02062	0.12164
2974.09189	0.12348
2972.16317	0.12547
2970.23444	0.12721
2968.30572	0.12890
2966.37700	0.13051
2964.44827	0.13139
2962.51955	0.13187
2960.59083	0.13273
2958.66210	0.13387
2956.73338	0.13502
2954.80466	0.13607
2952.87593	0.13701
2950.94721	0.13795
2949.01848	0.13899
2947.08976	0.13994
2945.16104	0.14064
2943.23231	0.14161
2941.30359	0.14327
2939.37487	0.14547
2937.44614	0.14786
2935.51742	0.14995
2933.58869	0.15155
2931.65997	0.15307
2929.73125	0.15466
2927.80252	0.15606
2925.87380	0.15711
2923.94508	0.15765
2922.01635	0.15775
2920.08763	0.15750
2918.15891	0.15685
2916.23018	0.15563
2914.30146	0.15382
2912.37273	0.15196
2910.44401	0.15051
2908.51529	0.14925
2906.58656	0.14804
2904.65784	0.14711
2902.72912	0.14634
2900.80039	0.14547
2898.87167	0.14467
2896.94295	0.14424
2895.01422	0.14407
2893.08550	0.14379
2891.15677	0.14311
2889.22805	0.14221
2887.29933	0.14171
2885.37060	0.14180
2883.44188	0.14194
2881.51316	0.14179
2879.58443	0.14149
2877.65571	0.14120
2875.72698	0.14089
2873.79826	0.14060
2871.86954	0.14042
2869.94081	0.14045
2868.01209	0.14053
2866.08337	0.14068
2864.15464	0.14094
2862.22592	0.14126
2860.29720	0.14193
2858.36847	0.14307
2856.43975	0.14420
2854.51102	0.14475
2852.58230	0.14446
2850.65358	0.14332
2848.72485	0.14127
2846.79613	0.13863
2844.86741	0.13617
2842.93868	0.13415
2841.00996	0.13221
2839.08124	0.13031
2837.15251	0.12880
2835.22379	0.12773
2833.29506	0.12692
2831.36634	0.12626
2829.43762	0.12561
2827.50889	0.12497
2825.58017	0.12449
2823.65145	0.12412
2821.72272	0.12361
2819.79400	0.12280
2817.86527	0.12196
2815.93655	0.12135
2814.00783	0.12092
2812.07910	0.12060
2810.15038	0.12033
2808.22166	0.11992
2806.29293	0.11933
2804.36421	0.11888
2802.43549	0.11874
2800.50676	0.11841
2798.57804	0.11776
2796.64931	0.11706
2794.72059	0.11628
2792.79187	0.11548
2790.86314	0.11493
2788.93442	0.11457
2787.00570	0.11413
2785.07697	0.11370
2783.14825	0.11357
2781.21953	0.11357
2779.29080	0.11319
2777.36208	0.11264
2775.43335	0.11221
2773.50463	0.11180
2771.57591	0.11167
2769.64718	0.11197
2767.71846	0.11217
2765.78974	0.11207
2763.86101	0.11200
2761.93229	0.11215
2760.00356	0.11234
2758.07484	0.11239
2756.14612	0.11247
2754.21739	0.11267
2752.28867	0.11269
2750.35995	0.11249
2748.43122	0.11221
2746.50250	0.11207
2744.57378	0.11210
2742.64505	0.11193
2740.71633	0.11148
2738.78760	0.11099
2736.85888	0.11075
2734.93016	0.11087
2733.00143	0.11101
2731.07271	0.11069
2729.14399	0.10991
2727.21526	0.10902
2725.28654	0.10822
2723.35782	0.10775
2721.42909	0.10781
2719.50037	0.10812
2717.57164	0.10806
2715.64292	0.10746
2713.71420	0.10688
2711.78547	0.10669
2709.85675	0.10660
2707.92803	0.10636
2705.99930	0.10588
2704.07058	0.10537
2702.14185	0.10507
2700.21313	0.10485
2698.28441	0.10454
2696.35568	0.10421
2694.42696	0.10389
2692.49824	0.10369
2690.56951	0.10366
2688.64079	0.10346
2686.71207	0.10302
2684.78334	0.10272
2682.85462	0.10265
2680.92589	0.10256
2678.99717	0.10227
2677.06845	0.10171
2675.13972	0.10085
2673.21100	0.09995
2671.28228	0.09935
2669.35355	0.09909
2667.42483	0.09908
2665.49611	0.09920
2663.56738	0.09926
2661.63866	0.09898
2659.70993	0.09840
2657.78121	0.09786
2655.85249	0.09745
2653.92376	0.09713
2651.99504	0.09683
2650.06632	0.09657
2648.13759	0.09642
2646.20887	0.09622
2644.28014	0.09574
2642.35142	0.09509
2640.42270	0.09461
2638.49397	0.09446
2636.56525	0.09444
2634.63653	0.09441
2632.70780	0.09416
2630.77908	0.09353
2628.85036	0.09282
2626.92163	0.09226
2624.99291	0.09190
2623.06418	0.09188
2621.13546	0.09206
2619.20674	0.09200
2617.27801	0.09165
2615.34929	0.09119
2613.42057	0.09075
2611.49184	0.09042
2609.56312	0.09005
2607.63440	0.08957
2605.70567	0.08912
2603.77695	0.08876
2601.84822	0.08840
2599.91950	0.08800
2597.99078	0.08770
2596.06205	0.08755
2594.13333	0.08725
2592.20461	0.08677
2590.27588	0.08649
2588.34716	0.08637
2586.41843	0.08601
2584.48971	0.08569
2582.56099	0.08570
2580.63226	0.08561
2578.70354	0.08523
2576.77482	0.08488
2574.84609	0.08463
2572.91737	0.08435
2570.98865	0.08397
2569.05992	0.08345
2567.13120	0.08297
2565.20247	0.08281
2563.27375	0.08280
2561.34503	0.08267
2559.41630	0.08236
2557.48758	0.08200
2555.55886	0.08178
2553.63013	0.08179
2551.70141	0.08179
2549.77269	0.08168
2547.84396	0.08148
2545.91524	0.08113
2543.98651	0.08069
2542.05779	0.08031
2540.12907	0.08016
2538.20034	0.08027
2536.27162	0.08028
2534.34290	0.07998
2532.41417	0.07966
2530.48545	0.07952
2528.55673	0.07942
2526.62800	0.07922
2524.69928	0.07897
2522.77055	0.07875
2520.84183	0.07861
2518.91311	0.07857
2516.98438	0.07858
2515.05566	0.07837
2513.12694	0.07793
2511.19821	0.07760
2509.26949	0.07751
2507.34076	0.07754
2505.41204	0.07744
2503.48332	0.07711
2501.55459	0.07668
2499.62587	0.07645
2497.69715	0.07659
2495.76842	0.07682
2493.83970	0.07673
2491.91098	0.07639
2489.98225	0.07606
2488.05353	0.07582
2486.12480	0.07569
2484.19608	0.07559
2482.26736	0.07538
2480.33863	0.07523
2478.40991	0.07524
2476.48119	0.07517
2474.55246	0.07501
2472.62374	0.07484
2470.69502	0.07448
2468.76629	0.07406
2466.83757	0.07383
2464.90884	0.07363
2462.98012	0.07336
2461.05140	0.07316
2459.12267	0.07292
2457.19395	0.07239
2455.26523	0.07182
2453.33650	0.07175
2451.40778	0.07208
2449.47905	0.07234
2447.55033	0.07251
2445.62161	0.07242
2443.69288	0.07202
2441.76416	0.07141
2439.83544	0.07108
2437.90671	0.07134
2435.97799	0.07166
2434.04927	0.07137
2432.12054	0.07071
2430.19182	0.07012
2428.26309	0.06964
2426.33437	0.06945
2424.40565	0.06966
2422.47692	0.07000
2420.54820	0.07030
2418.61948	0.07050
2416.69075	0.07069
2414.76203	0.07089
2412.83331	0.07092
2410.90458	0.07081
2408.97586	0.07075
2407.04713	0.07071
2405.11841	0.07069
2403.18969	0.07071
2401.26096	0.07062
2399.33224	0.07038
2397.40352	0.07017
2395.47479	0.07009
2393.54607	0.07015
2391.61734	0.07028
2389.68862	0.07039
2387.75990	0.07043
2385.83117	0.07032
2383.90245	0.07003
2381.97373	0.06985
2380.04500	0.06998
2378.11628	0.07019
2376.18756	0.07018
2374.25883	0.06991
2372.33011	0.06960
2370.40138	0.06953
2368.47266	0.06964
2366.54394	0.06965
2364.61521	0.06968
2362.68649	0.06996
2360.75777	0.07013
2358.82904	0.06985
2356.90032	0.06956
2354.97160	0.06950
2353.04287	0.06922
2351.11415	0.06847
2349.18542	0.06791
2347.25670	0.06821
2345.32798	0.06902
2343.39925	0.06959
2341.47053	0.06964
2339.54181	0.06925
2337.61308	0.06876
2335.68436	0.06860
2333.75563	0.06865
2331.82691	0.06846
2329.89819	0.06811
2327.96946	0.06804
2326.04074	0.06828
2324.11202	0.06845
2322.18329	0.06834
2320.25457	0.06807
2318.32585	0.06770
2316.39712	0.06737
2314.46840	0.06723
2312.53967	0.06723
2310.61095	0.06731
2308.68223	0.06744
2306.75350	0.06754
2304.82478	0.06757
2302.89606	0.06756
2300.96733	0.06743
2299.03861	0.06713
2297.10989	0.06693
2295.18116	0.06701
2293.25244	0.06719
2291.32371	0.06730
2289.39499	0.06732
2287.46627	0.06718
2285.53754	0.06688
2283.60882	0.06657
2281.68010	0.06655
2279.75137	0.06682
2277.82265	0.06700
2275.89392	0.06689
2273.96520	0.06669
2272.03648	0.06658
2270.10775	0.06660
2268.17903	0.06673
2266.25031	0.06684
2264.32158	0.06691
2262.39286	0.06708
2260.46414	0.06731
2258.53541	0.06741
2256.60669	0.06726
2254.67796	0.06704
2252.74924	0.06695
2250.82052	0.06701
2248.89179	0.06703
2246.96307	0.06694
2245.03435	0.06676
2243.10562	0.06664
2241.17690	0.06668
2239.24818	0.06674
2237.31945	0.06677
2235.39073	0.06670
2233.46200	0.06655
2231.53328	0.06648
2229.60456	0.06652
2227.67583	0.06652
2225.74711	0.06636
2223.81839	0.06601
2221.88966	0.06575
2219.96094	0.06560
2218.03221	0.06559
2216.10349	0.06549
2214.17477	0.06533
2212.24604	0.06521
2210.31732	0.06505
2208.38860	0.06479
2206.45987	0.06454
2204.53115	0.06424
2202.60243	0.06384
2200.67370	0.06357
2198.74498	0.06351
2196.81625	0.06336
2194.88753	0.06308
2192.95881	0.06291
2191.03008	0.06294
2189.10136	0.06290
2187.17264	0.06260
2185.24391	0.06224
2183.31519	0.06193
2181.38647	0.06153
2179.45774	0.06117
2177.52902	0.06104
2175.60029	0.06100
2173.67157	0.06085
2171.74285	0.06077
2169.81412	0.06085
2167.88540	0.06088
2165.95668	0.06071
2164.02795	0.06045
2162.09923	0.06022
2160.17050	0.06010
2158.24178	0.06002
2156.31306	0.05996
2154.38433	0.05991
2152.45561	0.05978
2150.52689	0.05966
2148.59816	0.05975
2146.66944	0.05993
2144.74072	0.05989
2142.81199	0.05969
2140.88327	0.05966
2138.95454	0.05975
2137.02582	0.05971
2135.09710	0.05967
2133.16837	0.05966
2131.23965	0.05941
2129.31093	0.05905
2127.38220	0.05895
2125.45348	0.05907
2123.52476	0.05915
2121.59603	0.05902
2119.66731	0.05879
2117.73858	0.05883
2115.80986	0.05907
2113.88114	0.05918
2111.95241	0.05895
2110.02369	0.05854
2108.09497	0.05833
2106.16624	0.05825
2104.23752	0.05816
2102.30880	0.05811
2100.38007	0.05800
2098.45135	0.05763
2096.52262	0.05712
2094.59390	0.05684
2092.66518	0.05684
2090.73645	0.05677
2088.80773	0.05646
2086.87901	0.05612
2084.95028	0.05575
2083.02156	0.05523
2081.09283	0.05452
2079.16411	0.05393
2077.23539	0.05368
2075.30666	0.05354
2073.37794	0.05321
2071.44922	0.05283
2069.52049	0.05271
2067.59177	0.05280
2065.66305	0.05297
2063.73432	0.05330
2061.80560	0.05367
2059.87687	0.05392
2057.94815	0.05426
2056.01943	0.05478
2054.09070	0.05518
2052.16198	0.05547
2050.23326	0.05604
2048.30453	0.05701
2046.37581	0.05818
2044.44709	0.05936
2042.51836	0.06040
2040.58964	0.06129
2038.66091	0.06214
2036.73219	0.06296
2034.80347	0.06374
2032.87474	0.06438
2030.94602	0.06484
2029.01730	0.06515
2027.08857	0.06532
2025.15985	0.06549
2023.23112	0.06592
2021.30240	0.06674
2019.37368	0.06760
2017.44495	0.06810
2015.51623	0.06847
2013.58751	0.06896
2011.65878	0.06940
2009.73006	0.06975
2007.80134	0.07021
2005.87261	0.07081
2003.94389	0.07138
2002.01516	0.07182
2000.08644	0.07212
1998.15772	0.07237
1996.22899	0.07265
1994.30027	0.07295
1992.37155	0.07319
1990.44282	0.07329
1988.51410	0.07316
1986.58538	0.07311
1984.65665	0.07325
1982.72793	0.07330
1980.79920	0.07320
1978.87048	0.07313
1976.94176	0.07330
1975.01303	0.07360
1973.08431	0.07378
1971.15559	0.07374
1969.22686	0.07350
1967.29814	0.07323
1965.36941	0.07328
1963.44069	0.07351
1961.51197	0.07364
1959.58324	0.07355
1957.65452	0.07332
1955.72580	0.07324
1953.79707	0.07332
1951.86835	0.07333
1949.93963	0.07326
1948.01090	0.07331
1946.08218	0.07343
1944.15345	0.07329
1942.22473	0.07306
1940.29601	0.07303
1938.36728	0.07294
1936.43856	0.07288
1934.50984	0.07303
1932.58111	0.07316
1930.65239	0.07317
1928.72367	0.07318
1926.79494	0.07325
1924.86622	0.07338
1922.93749	0.07357
1921.00877	0.07388
1919.08005	0.07405
1917.15132	0.07446
1915.22260	0.07513
1913.29388	0.07555
1911.36515	0.07597
1909.43643	0.07665
1907.50770	0.07747
1905.57898	0.07817
1903.65026	0.07884
1901.72153	0.07962
1899.79281	0.08052
1897.86409	0.08139
1895.93536	0.08210
1894.00664	0.08262
1892.07792	0.08292
1890.14919	0.08319
1888.22047	0.08382
1886.29174	0.08446
1884.36302	0.08471
1882.43430	0.08476
1880.50557	0.08481
1878.57685	0.08499
1876.64813	0.08531
1874.71940	0.08559
1872.79068	0.08565
1870.86196	0.08530
1868.93323	0.08483
1867.00451	0.08451
1865.07578	0.08389
1863.14706	0.08292
1861.21834	0.08201
1859.28961	0.08110
1857.36089	0.07989
1855.43217	0.07852
1853.50344	0.07759
1851.57472	0.07737
1849.64599	0.07723
1847.71727	0.07694
1845.78855	0.07636
1843.85982	0.07595
1841.93110	0.07598
1840.00238	0.07570
1838.07365	0.07521
1836.14493	0.07518
1834.21621	0.07550
1832.28748	0.07559
1830.35876	0.07543
1828.43003	0.07561
1826.50131	0.07593
1824.57259	0.07632
1822.64386	0.07699
1820.71514	0.07743
1818.78642	0.07747
1816.85769	0.07738
1814.92897	0.07754
1813.00025	0.07773
1811.07152	0.07789
1809.14280	0.07830
1807.21407	0.07886
1805.28535	0.07921
1803.35663	0.07918
1801.42790	0.07906
1799.49918	0.07940
1797.57046	0.08019
1795.64173	0.08092
1793.71301	0.08109
1791.78428	0.08115
1789.85556	0.08172
1787.92684	0.08216
1785.99811	0.08218
1784.06939	0.08237
1782.14067	0.08282
1780.21194	0.08334
1778.28322	0.08394
1776.35450	0.08435
1774.42577	0.08422
1772.49705	0.08387
1770.56832	0.08389
1768.63960	0.08406
1766.71088	0.08450
1764.78215	0.08486
1762.85343	0.08478
1760.92471	0.08522
1758.99598	0.08607
1757.06726	0.08676
1755.13854	0.08773
1753.20981	0.08857
1751.28109	0.08906
1749.35236	0.08976
1747.42364	0.09052
1745.49492	0.09112
1743.56619	0.09176
1741.63747	0.09254
1739.70875	0.09367
1737.78002	0.09502
1735.85130	0.09542
1733.92257	0.09565
1731.99385	0.09681
1730.06513	0.09728
1728.13640	0.09711
1726.20768	0.09707
1724.27896	0.09717
1722.35023	0.09761
1720.42151	0.09823
1718.49279	0.09876
1716.56406	0.09951
1714.63534	0.09994
1712.70661	0.09986
1710.77789	0.09986
1708.84917	0.10024
1706.92044	0.10094
1704.99172	0.10225
1703.06300	0.10361
1701.13427	0.10423
1699.20555	0.10526
1697.27683	0.10612
1695.34810	0.10655
1693.41938	0.10767
1691.49065	0.10858
1689.56193	0.10959
1687.63321	0.11095
1685.70448	0.11154
1683.77576	0.11223
1681.84704	0.11375
1679.91831	0.11467
1677.98959	0.11494
1676.06087	0.11536
1674.13214	0.11667
1672.20342	0.11799
1670.27469	0.11850
1668.34597	0.11950
1666.41725	0.12086
1664.48852	0.12130
1662.55980	0.12138
1660.63108	0.12191
1658.70235	0.12256
1656.77363	0.12279
1654.84490	0.12184
1652.91618	0.12106
1650.98746	0.12201
1649.05873	0.12191
1647.13001	0.12071
1645.20129	0.12071
1643.27256	0.12141
1641.34384	0.12175
1639.41512	0.12182
1637.48639	0.12098
1635.55767	0.11924
1633.62894	0.11783
1631.70022	0.11642
1629.77150	0.11448
1627.84277	0.11251
1625.91405	0.11047
1623.98533	0.10797
1622.05660	0.10574
1620.12788	0.10355
1618.19916	0.10020
1616.27043	0.09689
1614.34171	0.09486
1612.41298	0.09282
1610.48426	0.09015
1608.55554	0.08732
1606.62681	0.08455
1604.69809	0.08201
1602.76937	0.07991
1600.84064	0.07836
1598.91192	0.07731
1596.98319	0.07677
1595.05447	0.07687
1593.12575	0.07764
1591.19702	0.07881
1589.26830	0.08004
1587.33958	0.08112
1585.41085	0.08192
1583.48213	0.08242
1581.55341	0.08286
1579.62468	0.08322
1577.69596	0.08307
1575.76723	0.08323
1573.83851	0.08414
1571.90979	0.08427
1569.98106	0.08381
1568.05234	0.08438
1566.12362	0.08570
1564.19489	0.08753
1562.26617	0.08944
1560.33745	0.09076
1558.40872	0.09309
1556.48000	0.09591
1554.55127	0.09682
1552.62255	0.09692
1550.69383	0.09734
1548.76510	0.09817
1546.83638	0.09897
1544.90766	0.09936
1542.97893	0.09945
1541.05021	0.09908
1539.12148	0.09930
1537.19276	0.10021
1535.26404	0.09983
1533.33531	0.09876
1531.40659	0.09832
1529.47787	0.09754
1527.54914	0.09621
1525.62042	0.09530
1523.69170	0.09438
1521.76297	0.09296
1519.83425	0.09176
1517.90552	0.09023
1515.97680	0.08818
1514.04808	0.08639
1512.11935	0.08491
1510.19063	0.08317
1508.26191	0.08002
1506.33318	0.07675
1504.40446	0.07541
1502.47574	0.07426
1500.54701	0.07214
1498.61829	0.06986
1496.68956	0.06824
1494.76084	0.06759
1492.83212	0.06683
1490.90339	0.06531
1488.97467	0.06405
1487.04595	0.06351
1485.11722	0.06308
1483.18850	0.06253
1481.25977	0.06238
1479.33105	0.06283
1477.40233	0.06347
1475.47360	0.06426
1473.54488	0.06539
1471.61616	0.06712
1469.68743	0.06871
1467.75871	0.06904
1465.82999	0.06865
1463.90126	0.06878
1461.97254	0.06926
1460.04381	0.06871
1458.11509	0.06712
1456.18637	0.06630
1454.25764	0.06632
1452.32892	0.06567
1450.40020	0.06439
1448.47147	0.06299
1446.54275	0.06178
1444.61403	0.06070
1442.68530	0.05965
1440.75658	0.05861
1438.82785	0.05670
1436.89913	0.05382
1434.97041	0.05150
1433.04168	0.04955
1431.11296	0.04694
1429.18424	0.04377
1427.25551	0.04014
1425.32679	0.03576
1423.39806	0.03078
1421.46934	0.02479
1419.54062	0.01716
1417.61189	0.00905
1415.68317	0.00126
1413.75445	-0.00672
1411.82572	-0.01494
1409.89700	-0.02293
1407.96828	-0.03045
1406.03955	-0.03762
1404.11083	-0.04387
1402.18210	-0.04811
1400.25338	-0.04963
1398.32466	-0.04798
1396.39593	-0.04382
1394.46721	-0.03801
1392.53849	-0.03124
1390.60976	-0.02587
1388.68104	-0.02452
1386.75232	-0.02614
1384.82359	-0.02452
1382.89487	-0.01451
1380.96614	0.00104
1379.03742	0.01531
1377.10870	0.02538
1375.17997	0.03261
1373.25125	0.03893
1371.32253	0.04446
1369.39380	0.04891
1367.46508	0.05279
1365.53635	0.05602
1363.60763	0.05836
1361.67891	0.06006
1359.75018	0.06119
1357.82146	0.06200
1355.89274	0.06302
1353.96401	0.06441
1352.03529	0.06604
1350.10657	0.06761
1348.17784	0.06904
1346.24912	0.07019
1344.32039	0.07032
1342.39167	0.06941
1340.46295	0.06869
1338.53422	0.06911
1336.60550	0.07017
1334.67678	0.07110
1332.74805	0.07163
1330.81933	0.07119
1328.89061	0.07049
1326.96188	0.06979
1325.03316	0.06912
1323.10443	0.06852
1321.17571	0.06811
1319.24699	0.06794
1317.31826	0.06803
1315.38954	0.06851
1313.46082	0.06952
1311.53209	0.07097
1309.60337	0.07250
1307.67464	0.07393
1305.74592	0.07519
1303.81720	0.07609
1301.88847	0.07688
1299.95975	0.07825
1298.03103	0.07973
1296.10230	0.08141
1294.17358	0.08346
1292.24486	0.08561
1290.31613	0.08750
1288.38741	0.08906
1286.45868	0.09091
1284.52996	0.09371
1282.60124	0.09731
1280.67251	0.10122
1278.74379	0.10523
1276.81507	0.10919
1274.88634	0.11316
1272.95762	0.11781
1271.02890	0.12368
1269.10017	0.13034
1267.17145	0.13725
1265.24272	0.14489
1263.31400	0.15384
1261.38528	0.16394
1259.45655	0.17457
1257.52783	0.18540
1255.59911	0.19700
1253.67038	0.20970
1251.74166	0.22260
1249.81294	0.23455
1247.88421	0.24541
1245.95549	0.25574
1244.02676	0.26583
1242.09804	0.27485
1240.16932	0.28168
1238.24059	0.28680
1236.31187	0.29164
1234.38315	0.29673
1232.45442	0.30206
1230.52570	0.30736
1228.59697	0.31166
1226.66825	0.31475
1224.73953	0.31741
1222.81080	0.31998
1220.88208	0.32222
1218.95336	0.32410
1217.02463	0.32642
1215.09591	0.32941
1213.16719	0.33174
1211.23846	0.33287
1209.30974	0.33426
1207.38101	0.33670
1205.45229	0.33877
1203.52357	0.33993
1201.59484	0.34179
1199.66612	0.34477
1197.73740	0.34743
1195.80867	0.34875
1193.87995	0.34905
1191.95123	0.34971
1190.02250	0.35150
1188.09378	0.35322
1186.16505	0.35466
1184.23633	0.35740
1182.30761	0.36129
1180.37888	0.36490
1178.45016	0.36786
1176.52144	0.37025
1174.59271	0.37226
1172.66399	0.37483
1170.73526	0.37782
1168.80654	0.37941
1166.87782	0.37979
1164.94909	0.38099
1163.02037	0.38294
1161.09165	0.38417
1159.16292	0.38497
1157.23420	0.38652
1155.30548	0.38841
1153.37675	0.38983
1151.44803	0.39096
1149.51930	0.39164
1147.59058	0.39189
1145.66186	0.39237
1143.73313	0.39331
1141.80441	0.39508
1139.87569	0.39773
1137.94696	0.40017
1136.01824	0.40108
1134.08952	0.40056
1132.16079	0.40098
1130.23207	0.40375
1128.30334	0.40713
1126.37462	0.40989
1124.44590	0.41170
1122.51717	0.41213
1120.58845	0.41267
1118.65973	0.41493
1116.73100	0.41842
1114.80228	0.42233
1112.87355	0.42668
1110.94483	0.43230
1109.01611	0.44019
1107.08738	0.44979
1105.15866	0.45921
1103.22994	0.46673
1101.30121	0.47283
1099.37249	0.47872
1097.44377	0.48266
1095.51504	0.48386
1093.58632	0.48484
1091.65759	0.48685
1089.72887	0.48882
1087.80015	0.48948
1085.87142	0.48864
1083.94270	0.48668
1082.01398	0.48439
1080.08525	0.48302
1078.15653	0.48315
1076.22781	0.48343
1074.29908	0.48176
1072.37036	0.47908
1070.44163	0.47777
1068.51291	0.47688
1066.58419	0.47510
1064.65546	0.47354
1062.72674	0.47210
1060.79802	0.46883
1058.86929	0.46405
1056.94057	0.45975
1055.01184	0.45605
1053.08312	0.45165
1051.15440	0.44642
1049.22567	0.44054
1047.29695	0.43295
1045.36823	0.42498
1043.43950	0.41933
1041.51078	0.41448
1039.58206	0.40833
1037.65333	0.40194
1035.72461	0.39575
1033.79588	0.38903
1031.86716	0.38224
1029.93844	0.37655
1028.00971	0.37247
1026.08099	0.36889
1024.15227	0.36493
1022.22354	0.36066
1020.29482	0.35581
1018.36610	0.35088
1016.43737	0.34662
1014.50865	0.34246
1012.57992	0.33815
1010.65120	0.33468
1008.72248	0.33206
1006.79375	0.32905
1004.86503	0.32589
1002.93631	0.32284
1001.00758	0.31883
999.07886	0.31403
997.15013	0.30974
995.22141	0.30579
993.29269	0.30084
991.36396	0.29546
989.43524	0.29102
987.50652	0.28729
985.57779	0.28403
983.64907	0.28143
981.72035	0.27939
979.79162	0.27754
977.86290	0.27543
975.93417	0.27301
974.00545	0.27036
972.07673	0.26796
970.14800	0.26531
968.21928	0.26281
966.29056	0.26060
964.36183	0.25873
962.43311	0.25693
960.50439	0.25511
958.57566	0.25363
956.64694	0.25217
954.71821	0.25034
952.78949	0.24807
950.86077	0.24541
948.93204	0.24270
947.00332	0.24013
945.07460	0.23779
943.14587	0.23519
941.21715	0.23163
939.28842	0.22776
937.35970	0.22438
935.43098	0.22066
933.50225	0.21653
931.57353	0.21357
929.64481	0.21156
927.71608	0.20920
925.78736	0.20696
923.85864	0.20494
921.92991	0.20183
920.00119	0.19786
918.07246	0.19426
916.14374	0.19084
914.21502	0.18759
912.28629	0.18493
910.35757	0.18153
908.42885	0.17677
906.50012	0.17179
904.57140	0.16683
902.64268	0.16195
900.71395	0.15764
898.78523	0.15403
896.85650	0.15048
894.92778	0.14590
892.99906	0.14096
891.07033	0.13696
889.14161	0.13358
887.21289	0.13045
885.28416	0.12671
883.35544	0.12148
881.42671	0.11632
879.49799	0.11269
877.56927	0.10931
875.64054	0.10557
873.71182	0.10293
871.78310	0.10066
869.85437	0.09769
867.92565	0.09507
865.99693	0.09251
864.06820	0.08885
862.13948	0.08458
860.21075	0.08122
858.28203	0.07938
856.35331	0.07800
854.42458	0.07651
852.49586	0.07562
850.56714	0.07581
848.63841	0.07643
846.70969	0.07660
844.78097	0.07638
842.85224	0.07675
840.92352	0.07816
838.99479	0.08010
837.06607	0.08249
835.13735	0.08555
833.20862	0.08905
831.27990	0.09249
829.35118	0.09585
827.42245	0.10031
825.49373	0.10576
823.56501	0.10988
821.63628	0.11221
819.70756	0.11463
817.77883	0.11760
815.85011	0.12069
813.92139	0.12414
811.99266	0.12836
810.06394	0.13263
808.13522	0.13518
806.20649	0.13709
804.27777	0.14068
802.34904	0.14438
800.42032	0.14584
798.49160	0.14562
796.56287	0.14521
794.63415	0.14529
792.70543	0.14587
790.77670	0.14545
788.84798	0.14190
786.91926	0.13622
784.99053	0.13184
783.06181	0.12964
781.13308	0.12662
779.20436	0.12083
777.27564	0.11440
775.34691	0.10951
773.41819	0.10617
771.48947	0.10323
769.56074	0.09988
767.63202	0.09695
765.70330	0.09539
763.77457	0.09506
761.84585	0.09450
759.91712	0.09364
757.98840	0.09341
756.05968	0.09317
754.13095	0.09193
752.20223	0.09095
750.27351	0.09020
748.34478	0.08946
746.41606	0.08871
744.48733	0.08781
742.55861	0.08618
740.62989	0.08396
738.70116	0.08186
736.77244	0.08072
734.84372	0.08057
732.91499	0.08073
730.98627	0.08114
729.05755	0.08170
727.12882	0.08101
725.20010	0.07901
723.27137	0.07809
721.34265	0.07886
719.41393	0.07900
717.48520	0.07684
715.55648	0.07395
713.62776	0.07247
711.69903	0.07313
709.77031	0.07469
707.84159	0.07531
705.91286	0.07475
703.98414	0.07370
702.05541	0.07276
700.12669	0.07370
698.19797	0.07614
696.26924	0.07631
694.34052	0.07415
692.41180	0.07307
690.48307	0.07317
688.55435	0.07302
686.62562	0.07284
684.69690	0.07200
682.76818	0.07027
680.83945	0.06877
678.91073	0.06820
676.98201	0.06819
675.05328	0.06726
673.12456	0.06610
671.19584	0.06607
669.26711	0.06590
667.33839	0.06312
665.40966	0.05871
663.48094	0.05513
661.55222	0.05313
659.62349	0.05269
657.69477	0.05293
655.76605	0.05360
653.83732	0.05570
651.90860	0.05817
649.97988	0.05865
648.05115	0.05737
646.12243	0.05533
644.19370	0.05259
642.26498	0.05119
640.33626	0.05338
638.40753	0.05703
636.47881	0.05799
634.55009	0.05509
632.62136	0.05034
630.69264	0.04637
628.76391	0.04383
626.83519	0.04181
624.90647	0.04018
622.97774	0.03787
621.04902	0.03407
619.12030	0.03166
617.19157	0.03237
615.26285	0.03525
613.33413	0.03894
611.40540	0.04142
609.47668	0.04277
607.54795	0.04601
605.61923	0.05060
603.69051	0.05251
601.76178	0.05270
599.83306	0.05471
597.90434	0.05715
595.97561	0.05765
594.04689	0.05694
592.11817	0.05677
590.18944	0.05737
588.26072	0.05794
586.33199	0.05791
584.40327	0.05669
582.47455	0.05417
580.54582	0.05044
578.61710	0.04740
576.68838	0.05077
574.75965	0.05746
572.83093	0.06219
570.90220	0.06356
568.97348	0.06112
567.04476	0.05902
565.11603	0.05411
563.18731	0.04886
561.25859	0.04702
559.32986	0.04782
557.40114	0.04887
555.47242	0.04727
553.54369	0.04309
551.61497	0.04050
549.68624	0.03955
547.75752	0.03551
545.82880	0.02917
543.90007	0.02543
541.97135	0.02356
540.04263	0.02115
538.11390	0.01958
536.18518	0.01977
534.25646	0.02075
532.32773	0.02073
530.39901	0.01468
528.47028	0.00466
526.54156	-0.00449
524.61284	-0.01268
522.68411	-0.02380
520.75539	-0.03569
518.82667	-0.04557
516.89794	-0.05330
514.96922	-0.05706
513.04049	-0.05864
511.11177	-0.06430
509.18305	-0.07407
507.25432	-0.07679
505.32560	-0.06953
503.39688	-0.06143
501.46815	-0.06014
499.53943	-0.06349
497.61071	-0.06657
495.68198	-0.06575
493.75326	-0.05947
491.82453	-0.05049
489.89581	-0.04482
487.96709	-0.04650
486.03836	-0.05245
484.10964	-0.05709
482.18092	-0.06021
480.25219	-0.05989
478.32347	-0.05288
476.39475	-0.04846
474.46602	-0.05363
472.53730	-0.05253
470.60857	-0.03006
468.67985	0.00530
466.75113	0.03374
464.82240	0.03244
462.89368	0.01613
460.96496	0.00263
459.03623	-0.00946
457.10751	-0.01107
455.17878	0.00618
453.25006	0.02855
451.32134	0.03435
449.39261	0.01979
447.46389	0.00099
445.53517	-0.00532
443.60644	-0.00071
441.67772	0.00175
439.74900	-0.00361
437.82027	-0.01261
435.89155	-0.01876
433.96282	-0.02120
432.03410	-0.01599
430.10538	-0.00411
428.17665	0.00514
426.24793	-0.00310
424.31921	-0.02558
422.39048	-0.04491
420.46176	-0.06657
418.53304	-0.09395
416.60431	-0.10695
414.67559	-0.11142
412.74686	-0.11459
410.81814	-0.10126
408.88942	-0.08028
406.96069	-0.07906
405.03197	-0.09205
403.10325	-0.10734
401.17452	-0.11112
399.24580	-0.08900
397.31708	-0.05438
395.38835	-0.06023
393.45963	-0.09717
391.53090	-0.08988
389.60218	-0.03196
387.67346	0.02927
385.74473	0.09411
383.81601	0.14910
381.88729	0.12745
379.95856	0.03038
378.02984	-0.06289
376.10111	-0.07655
374.17239	-0.02871
372.24367	-0.02808
370.31494	-0.05838
368.38622	-0.03331
