7496.97825	-0.00018
7495.04952	0.00274
7493.12079	0.00102
7491.19206	-0.00291
7489.26333	-0.00508
7487.33459	-0.00348
7485.40586	0.00040
7483.47713	0.00377
7481.54840	0.00505
7479.61967	0.00396
7477.69094	0.00209
7475.76221	0.00189
7473.83348	0.00286
7471.90474	0.00218
7469.97601	-0.00134
7468.04728	-0.00595
7466.11855	-0.00844
7464.18982	-0.00811
7462.26109	-0.00748
7460.33236	-0.00823
7458.40363	-0.00900
7456.47489	-0.00709
7454.54616	-0.00360
7452.61743	-0.00178
7450.68870	-0.00055
7448.75997	0.00119
7446.83124	0.00063
7444.90251	-0.00255
7442.97378	-0.00412
7441.04504	-0.00214
7439.11631	0.00068
7437.18758	0.00185
7435.25885	0.00086
7433.33012	-0.00029
7431.40139	0.00038
7429.47266	-0.00053
7427.54393	-0.00484
7425.61520	-0.00819
7423.68646	-0.00816
7421.75773	-0.00628
7419.82900	-0.00353
7417.90027	0.00043
7415.97154	0.00359
7414.04281	0.00365
7412.11408	0.00222
7410.18535	0.00109
7408.25661	-0.00065
7406.32788	-0.00382
7404.39915	-0.00677
7402.47042	-0.00826
7400.54169	-0.00876
7398.61296	-0.00730
7396.68423	-0.00328
7394.75550	0.00151
7392.82676	0.00469
7390.89803	0.00484
7388.96930	0.00250
7387.04057	0.00020
7385.11184	0.00063
7383.18311	0.00233
7381.25438	0.00041
7379.32565	-0.00445
7377.39691	-0.00534
7375.46818	-0.00154
7373.53945	-0.00045
7371.61072	-0.00368
7369.68199	-0.00633
7367.75326	-0.00764
7365.82453	-0.00930
7363.89580	-0.01003
7361.96706	-0.00792
7360.03833	-0.00362
7358.10960	-0.00018
7356.18087	0.00085
7354.25214	0.00140
7352.32341	0.00351
7350.39468	0.00524
7348.46595	0.00307
7346.53722	-0.00100
7344.60848	-0.00272
7342.67975	-0.00299
7340.75102	-0.00335
7338.82229	-0.00306
7336.89356	-0.00103
7334.96483	0.00254
7333.03610	0.00331
7331.10737	-0.00159
7329.17863	-0.00686
7327.24990	-0.00673
7325.32117	-0.00284
7323.39244	0.00019
7321.46371	-0.00028
7319.53498	-0.00303
7317.60625	-0.00352
7315.67752	-0.00075
7313.74878	0.00068
7311.82005	-0.00075
7309.89132	-0.00166
7307.96259	-0.00128
7306.03386	-0.00097
7304.10513	-0.00039
7302.17640	0.00019
7300.24767	-0.00044
7298.31893	-0.00177
7296.39020	-0.00206
7294.46147	-0.00138
7292.53274	-0.00086
7290.60401	0.00047
7288.67528	0.00355
7286.74655	0.00621
7284.81782	0.00638
7282.88908	0.00526
7280.96035	0.00438
7279.03162	0.00303
7277.10289	0.00138
7275.17416	0.00067
7273.24543	-0.00052
7271.31670	-0.00239
7269.38797	-0.00174
7267.45924	0.00095
7265.53050	0.00183
7263.60177	0.00056
7261.67304	-0.00049
7259.74431	-0.00055
7257.81558	-0.00051
7255.88685	-0.00090
7253.95812	-0.00108
7252.02939	-0.00012
7250.10065	0.00112
7248.17192	0.00073
7246.24319	-0.00118
7244.31446	-0.00276
7242.38573	-0.00220
7240.45700	0.00007
7238.52827	0.00127
7236.59954	0.00096
7234.67080	0.00010
7232.74207	-0.00228
7230.81334	-0.00501
7228.88461	-0.00479
7226.95588	-0.00207
7225.02715	0.00124
7223.09842	0.00536
7221.16969	0.00925
7219.24095	0.00992
7217.31222	0.00762
7215.38349	0.00549
7213.45476	0.00416
7211.52603	0.00229
7209.59730	0.00083
7207.66857	0.00232
7205.73984	0.00633
7203.81110	0.00957
7201.88237	0.00959
7199.95364	0.00630
7198.02491	0.00190
7196.09618	-0.00070
7194.16745	0.00026
7192.23872	0.00332
7190.30999	0.00339
7188.38126	-0.00020
7186.45252	-0.00101
7184.52379	0.00227
7182.59506	0.00395
7180.66633	0.00332
7178.73760	0.00350
7176.80887	0.00393
7174.88014	0.00391
7172.95141	0.00455
7171.02267	0.00555
7169.09394	0.00587
7167.16521	0.00523
7165.23648	0.00400
7163.30775	0.00322
7161.37902	0.00345
7159.45029	0.00354
7157.52156	0.00251
7155.59282	0.00070
7153.66409	-0.00080
7151.73536	0.00033
7149.80663	0.00444
7147.87790	0.00689
7145.94917	0.00498
7144.02044	0.00250
7142.09171	0.00316
7140.16297	0.00547
7138.23424	0.00592
7136.30551	0.00403
7134.37678	0.00275
7132.44805	0.00309
7130.51932	0.00342
7128.59059	0.00457
7126.66186	0.00696
7124.73312	0.00648
7122.80439	0.00275
7120.87566	0.00102
7118.94693	0.00239
7117.01820	0.00320
7115.08947	0.00266
7113.16074	0.00308
7111.23201	0.00454
7109.30328	0.00503
7107.37454	0.00433
7105.44581	0.00356
7103.51708	0.00218
7101.58835	-0.00023
7099.65962	-0.00148
7097.73089	0.00018
7095.80216	0.00307
7093.87343	0.00412
7091.94469	0.00300
7090.01596	0.00250
7088.08723	0.00437
7086.15850	0.00673
7084.22977	0.00689
7082.30104	0.00492
7080.37231	0.00323
7078.44358	0.00330
7076.51484	0.00430
7074.58611	0.00497
7072.65738	0.00465
7070.72865	0.00359
7068.79992	0.00235
7066.87119	0.00132
7064.94246	0.00100
7063.01373	0.00170
7061.08499	0.00321
7059.15626	0.00451
7057.22753	0.00398
7055.29880	0.00222
7053.37007	0.00230
7051.44134	0.00460
7049.51261	0.00592
7047.58388	0.00438
7045.65514	0.00240
7043.72641	0.00338
7041.79768	0.00541
7039.86895	0.00515
7037.94022	0.00408
7036.01149	0.00378
7034.08276	0.00344
7032.15403	0.00285
7030.22530	0.00174
7028.29656	-0.00004
7026.36783	-0.00169
7024.43910	-0.00275
7022.51037	-0.00232
7020.58164	0.00007
7018.65291	0.00224
7016.72418	0.00285
7014.79545	0.00300
7012.86671	0.00312
7010.93798	0.00335
7009.00925	0.00429
7007.08052	0.00537
7005.15179	0.00523
7003.22306	0.00363
7001.29433	0.00188
6999.36560	0.00162
6997.43686	0.00297
6995.50813	0.00437
6993.57940	0.00462
6991.65067	0.00437
6989.72194	0.00443
6987.79321	0.00374
6985.86448	0.00177
6983.93575	-0.00039
6982.00701	-0.00176
6980.07828	-0.00141
6978.14955	0.00025
6976.22082	0.00142
6974.29209	0.00162
6972.36336	0.00128
6970.43463	0.00031
6968.50590	-0.00110
6966.57716	-0.00161
6964.64843	-0.00017
6962.71970	0.00225
6960.79097	0.00313
6958.86224	0.00189
6956.93351	0.00087
6955.00478	0.00088
6953.07605	0.00119
6951.14732	0.00210
6949.21858	0.00290
6947.28985	0.00247
6945.36112	0.00220
6943.43239	0.00319
6941.50366	0.00411
6939.57493	0.00432
6937.64620	0.00369
6935.71747	0.00114
6933.78873	-0.00178
6931.86000	-0.00169
6929.93127	0.00153
6928.00254	0.00479
6926.07381	0.00613
6924.14508	0.00593
6922.21635	0.00493
6920.28762	0.00468
6918.35888	0.00684
6916.43015	0.00975
6914.50142	0.01032
6912.57269	0.00835
6910.64396	0.00664
6908.71523	0.00713
6906.78650	0.00790
6904.85777	0.00642
6902.92903	0.00393
6901.00030	0.00375
6899.07157	0.00591
6897.14284	0.00770
6895.21411	0.00840
6893.28538	0.00894
6891.35665	0.00942
6889.42792	0.00942
6887.49918	0.00865
6885.57045	0.00719
6883.64172	0.00578
6881.71299	0.00433
6879.78426	0.00235
6877.85553	0.00142
6875.92680	0.00206
6873.99807	0.00270
6872.06934	0.00360
6870.14060	0.00515
6868.21187	0.00643
6866.28314	0.00732
6864.35441	0.00770
6862.42568	0.00761
6860.49695	0.00813
6858.56822	0.00974
6856.63949	0.01105
6854.71075	0.01046
6852.78202	0.00848
6850.85329	0.00757
6848.92456	0.00797
6846.99583	0.00724
6845.06710	0.00565
6843.13837	0.00543
6841.20964	0.00601
6839.28090	0.00554
6837.35217	0.00397
6835.42344	0.00246
6833.49471	0.00239
6831.56598	0.00431
6829.63725	0.00605
6827.70852	0.00635
6825.77979	0.00646
6823.85105	0.00654
6821.92232	0.00639
6819.99359	0.00580
6818.06486	0.00431
6816.13613	0.00335
6814.20740	0.00439
6812.27867	0.00568
6810.34994	0.00525
6808.42120	0.00430
6806.49247	0.00384
6804.56374	0.00348
6802.63501	0.00349
6800.70628	0.00372
6798.77755	0.00359
6796.84882	0.00285
6794.92009	0.00180
6792.99136	0.00179
6791.06262	0.00262
6789.13389	0.00273
6787.20516	0.00220
6785.27643	0.00160
6783.34770	0.00140
6781.41897	0.00168
6779.49024	0.00163
6777.56151	0.00205
6775.63277	0.00383
6773.70404	0.00552
6771.77531	0.00549
6769.84658	0.00409
6767.91785	0.00284
6765.98912	0.00267
6764.06039	0.00282
6762.13166	0.00184
6760.20292	0.00049
6758.27419	0.00117
6756.34546	0.00321
6754.41673	0.00367
6752.48800	0.00230
6750.55927	0.00113
6748.63054	0.00117
6746.70181	0.00187
6744.77307	0.00281
6742.84434	0.00419
6740.91561	0.00551
6738.98688	0.00627
6737.05815	0.00620
6735.12942	0.00481
6733.20069	0.00404
6731.27196	0.00563
6729.34322	0.00760
6727.41449	0.00805
6725.48576	0.00689
6723.55703	0.00504
6721.62830	0.00406
6719.69957	0.00431
6717.77084	0.00465
6715.84211	0.00415
6713.91338	0.00334
6711.98464	0.00351
6710.05591	0.00551
6708.12718	0.00807
6706.19845	0.00849
6704.26972	0.00679
6702.34099	0.00518
6700.41226	0.00436
6698.48353	0.00408
6696.55479	0.00474
6694.62606	0.00583
6692.69733	0.00604
6690.76860	0.00556
6688.83987	0.00559
6686.91114	0.00644
6684.98241	0.00704
6683.05368	0.00621
6681.12494	0.00507
6679.19621	0.00554
6677.26748	0.00690
6675.33875	0.00740
6673.41002	0.00714
6671.48129	0.00656
6669.55256	0.00542
6667.62383	0.00434
6665.69509	0.00434
6663.76636	0.00523
6661.83763	0.00537
6659.90890	0.00450
6657.98017	0.00458
6656.05144	0.00557
6654.12271	0.00594
6652.19398	0.00587
6650.26524	0.00558
6648.33651	0.00439
6646.40778	0.00386
6644.47905	0.00652
6642.55032	0.00988
6640.62159	0.01000
6638.69286	0.00790
6636.76413	0.00614
6634.83540	0.00542
6632.90666	0.00526
6630.97793	0.00531
6629.04920	0.00561
6627.12047	0.00602
6625.19174	0.00685
6623.26301	0.00790
6621.33428	0.00761
6619.40555	0.00591
6617.47681	0.00474
6615.54808	0.00510
6613.61935	0.00580
6611.69062	0.00568
6609.76189	0.00505
6607.83316	0.00489
6605.90443	0.00512
6603.97570	0.00468
6602.04696	0.00375
6600.11823	0.00372
6598.18950	0.00459
6596.26077	0.00507
6594.33204	0.00456
6592.40331	0.00400
6590.47458	0.00478
6588.54585	0.00678
6586.61711	0.00787
6584.68838	0.00670
6582.75965	0.00524
6580.83092	0.00516
6578.90219	0.00522
6576.97346	0.00515
6575.04473	0.00590
6573.11600	0.00662
6571.18726	0.00642
6569.25853	0.00581
6567.32980	0.00507
6565.40107	0.00469
6563.47234	0.00525
6561.54361	0.00620
6559.61488	0.00622
6557.68615	0.00487
6555.75742	0.00342
6553.82868	0.00312
6551.89995	0.00438
6549.97122	0.00686
6548.04249	0.00870
6546.11376	0.00812
6544.18503	0.00621
6542.25630	0.00540
6540.32757	0.00553
6538.39883	0.00589
6536.47010	0.00676
6534.54137	0.00706
6532.61264	0.00650
6530.68391	0.00664
6528.75518	0.00780
6526.82645	0.00896
6524.89772	0.00916
6522.96898	0.00794
6521.04025	0.00594
6519.11152	0.00504
6517.18279	0.00612
6515.25406	0.00766
6513.32533	0.00799
6511.39660	0.00712
6509.46787	0.00608
6507.53913	0.00554
6505.61040	0.00509
6503.68167	0.00437
6501.75294	0.00424
6499.82421	0.00518
6497.89548	0.00583
6495.96675	0.00543
6494.03802	0.00519
6492.10928	0.00594
6490.18055	0.00696
6488.25182	0.00771
6486.32309	0.00808
6484.39436	0.00799
6482.46563	0.00789
6480.53690	0.00807
6478.60817	0.00816
6476.67944	0.00798
6474.75070	0.00810
6472.82197	0.00892
6470.89324	0.00942
6468.96451	0.00890
6467.03578	0.00812
6465.10705	0.00794
6463.17832	0.00832
6461.24959	0.00841
6459.32085	0.00756
6457.39212	0.00641
6455.46339	0.00643
6453.53466	0.00715
6451.60593	0.00670
6449.67720	0.00596
6447.74847	0.00648
6445.81974	0.00752
6443.89100	0.00812
6441.96227	0.00829
6440.03354	0.00847
6438.10481	0.00889
6436.17608	0.00932
6434.24735	0.00973
6432.31862	0.01031
6430.38989	0.01085
6428.46115	0.01053
6426.53242	0.00872
6424.60369	0.00636
6422.67496	0.00561
6420.74623	0.00679
6418.81750	0.00827
6416.88877	0.00951
6414.96004	0.01022
6413.03130	0.00950
6411.10257	0.00808
6409.17384	0.00783
6407.24511	0.00875
6405.31638	0.00881
6403.38765	0.00740
6401.45892	0.00688
6399.53019	0.00846
6397.60146	0.00961
6395.67272	0.00883
6393.74399	0.00806
6391.81526	0.00849
6389.88653	0.00892
6387.95780	0.00844
6386.02907	0.00794
6384.10034	0.00806
6382.17161	0.00796
6380.24287	0.00775
6378.31414	0.00808
6376.38541	0.00824
6374.45668	0.00784
6372.52795	0.00772
6370.59922	0.00816
6368.67049	0.00846
6366.74176	0.00864
6364.81302	0.00921
6362.88429	0.00957
6360.95556	0.00925
6359.02683	0.00899
6357.09810	0.00920
6355.16937	0.00932
6353.24064	0.00884
6351.31191	0.00777
6349.38317	0.00644
6347.45444	0.00550
6345.52571	0.00546
6343.59698	0.00618
6341.66825	0.00709
6339.73952	0.00771
6337.81079	0.00795
6335.88206	0.00860
6333.95332	0.01004
6332.02459	0.01119
6330.09586	0.01108
6328.16713	0.01008
6326.23840	0.00917
6324.30967	0.00851
6322.38094	0.00749
6320.45221	0.00663
6318.52348	0.00696
6316.59474	0.00764
6314.66601	0.00749
6312.73728	0.00704
6310.80855	0.00788
6308.87982	0.01043
6306.95109	0.01249
6305.02236	0.01179
6303.09363	0.00944
6301.16489	0.00854
6299.23616	0.00962
6297.30743	0.01065
6295.37870	0.01042
6293.44997	0.00946
6291.52124	0.00878
6289.59251	0.00898
6287.66378	0.00967
6285.73504	0.00996
6283.80631	0.00966
6281.87758	0.00923
6279.94885	0.00908
6278.02012	0.00930
6276.09139	0.00941
6274.16266	0.00944
6272.23393	0.01030
6270.30519	0.01164
6268.37646	0.01191
6266.44773	0.01072
6264.51900	0.00947
6262.59027	0.00939
6260.66154	0.01021
6258.73281	0.01094
6256.80408	0.01077
6254.87534	0.00959
6252.94661	0.00858
6251.01788	0.00867
6249.08915	0.00889
6247.16042	0.00846
6245.23169	0.00832
6243.30296	0.00870
6241.37423	0.00864
6239.44550	0.00848
6237.51676	0.00904
6235.58803	0.00926
6233.65930	0.00864
6231.73057	0.00858
6229.80184	0.00926
6227.87311	0.00978
6225.94438	0.00993
6224.01565	0.00971
6222.08691	0.00938
6220.15818	0.00931
6218.22945	0.00927
6216.30072	0.00940
6214.37199	0.01019
6212.44326	0.01131
6210.51453	0.01208
6208.58580	0.01196
6206.65706	0.01059
6204.72833	0.00905
6202.79960	0.00877
6200.87087	0.00903
6198.94214	0.00905
6197.01341	0.00946
6195.08468	0.00997
6193.15595	0.00986
6191.22721	0.00965
6189.29848	0.00965
6187.36975	0.00951
6185.44102	0.00930
6183.51229	0.00908
6181.58356	0.00882
6179.65483	0.00845
6177.72610	0.00810
6175.79736	0.00817
6173.86863	0.00889
6171.93990	0.01009
6170.01117	0.01087
6168.08244	0.01051
6166.15371	0.00985
6164.22498	0.00997
6162.29625	0.01070
6160.36752	0.01088
6158.43878	0.00989
6156.51005	0.00845
6154.58132	0.00806
6152.65259	0.00896
6150.72386	0.00942
6148.79513	0.00870
6146.86640	0.00820
6144.93767	0.00857
6143.00893	0.00905
6141.08020	0.00963
6139.15147	0.01086
6137.22274	0.01168
6135.29401	0.01143
6133.36528	0.01156
6131.43655	0.01235
6129.50782	0.01222
6127.57908	0.01071
6125.65035	0.00879
6123.72162	0.00758
6121.79289	0.00752
6119.86416	0.00817
6117.93543	0.00878
6116.00670	0.00887
6114.07797	0.00894
6112.14923	0.00961
6110.22050	0.01003
6108.29177	0.00971
6106.36304	0.00941
6104.43431	0.00977
6102.50558	0.01087
6100.57685	0.01188
6098.64812	0.01192
6096.71938	0.01150
6094.79065	0.01117
6092.86192	0.01072
6090.93319	0.01024
6089.00446	0.01019
6087.07573	0.01051
6085.14700	0.01073
6083.21827	0.01069
6081.28954	0.01037
6079.36080	0.00972
6077.43207	0.00936
6075.50334	0.00985
6073.57461	0.01063
6071.64588	0.01087
6069.71715	0.01015
6067.78842	0.00921
6065.85969	0.00926
6063.93095	0.01018
6062.00222	0.01081
6060.07349	0.01060
6058.14476	0.01017
6056.21603	0.00997
6054.28730	0.00991
6052.35857	0.01017
6050.42984	0.01040
6048.50110	0.01055
6046.57237	0.01104
6044.64364	0.01140
6042.71491	0.01142
6040.78618	0.01153
6038.85745	0.01163
6036.92872	0.01152
6034.99999	0.01109
6033.07125	0.01034
6031.14252	0.01018
6029.21379	0.01093
6027.28506	0.01140
6025.35633	0.01126
6023.42760	0.01122
6021.49887	0.01097
6019.57014	0.01045
6017.64140	0.01030
6015.71267	0.00996
6013.78394	0.00916
6011.85521	0.00909
6009.92648	0.01001
6007.99775	0.01092
6006.06902	0.01141
6004.14029	0.01163
6002.21156	0.01162
6000.28282	0.01133
5998.35409	0.01062
5996.42536	0.01000
5994.49663	0.01028
5992.56790	0.01108
5990.63917	0.01140
5988.71044	0.01121
5986.78171	0.01090
5984.85297	0.01057
5982.92424	0.01011
5980.99551	0.00958
5979.06678	0.00947
5977.13805	0.00969
5975.20932	0.00945
5973.28059	0.00897
5971.35186	0.00920
5969.42312	0.00974
5967.49439	0.00972
5965.56566	0.00960
5963.63693	0.01009
5961.70820	0.01077
5959.77947	0.01096
5957.85074	0.01080
5955.92201	0.01081
5953.99327	0.01118
5952.06454	0.01173
5950.13581	0.01215
5948.20708	0.01219
5946.27835	0.01172
5944.34962	0.01113
5942.42089	0.01123
5940.49216	0.01173
5938.56342	0.01157
5936.63469	0.01094
5934.70596	0.01062
5932.77723	0.01076
5930.84850	0.01141
5928.91977	0.01223
5926.99104	0.01235
5925.06231	0.01157
5923.13358	0.01075
5921.20484	0.01040
5919.27611	0.01047
5917.34738	0.01095
5915.41865	0.01145
5913.48992	0.01152
5911.56119	0.01131
5909.63246	0.01128
5907.70373	0.01162
5905.77499	0.01193
5903.84626	0.01154
5901.91753	0.01062
5899.98880	0.01052
5898.06007	0.01136
5896.13134	0.01172
5894.20261	0.01180
5892.27388	0.01247
5890.34514	0.01291
5888.41641	0.01275
5886.48768	0.01283
5884.55895	0.01292
5882.63022	0.01260
5880.70149	0.01242
5878.77276	0.01223
5876.84403	0.01173
5874.91529	0.01163
5872.98656	0.01213
5871.05783	0.01246
5869.12910	0.01239
5867.20037	0.01242
5865.27164	0.01258
5863.34291	0.01248
5861.41418	0.01215
5859.48544	0.01212
5857.55671	0.01228
5855.62798	0.01170
5853.69925	0.01081
5851.77052	0.01091
5849.84179	0.01164
5847.91306	0.01208
5845.98433	0.01228
5844.05560	0.01236
5842.12686	0.01258
5840.19813	0.01320
5838.26940	0.01361
5836.34067	0.01340
5834.41194	0.01294
5832.48321	0.01254
5830.55448	0.01240
5828.62575	0.01262
5826.69701	0.01284
5824.76828	0.01253
5822.83955	0.01188
5820.91082	0.01166
5818.98209	0.01203
5817.05336	0.01213
5815.12463	0.01165
5813.19590	0.01122
5811.26716	0.01126
5809.33843	0.01180
5807.40970	0.01241
5805.48097	0.01267
5803.55224	0.01270
5801.62351	0.01261
5799.69478	0.01234
5797.76605	0.01215
5795.83731	0.01229
5793.90858	0.01248
5791.97985	0.01267
5790.05112	0.01299
5788.12239	0.01347
5786.19366	0.01412
5784.26493	0.01448
5782.33620	0.01418
5780.40746	0.01347
5778.47873	0.01310
5776.55000	0.01340
5774.62127	0.01363
5772.69254	0.01367
5770.76381	0.01407
5768.83508	0.01446
5766.90635	0.01442
5764.97762	0.01409
5763.04888	0.01382
5761.12015	0.01375
5759.19142	0.01357
5757.26269	0.01328
5755.33396	0.01309
5753.40523	0.01309
5751.47650	0.01328
5749.54777	0.01361
5747.61903	0.01399
5745.69030	0.01401
5743.76157	0.01327
5741.83284	0.01236
5739.90411	0.01224
5737.97538	0.01275
5736.04665	0.01323
5734.11792	0.01355
5732.18918	0.01397
5730.26045	0.01443
5728.33172	0.01442
5726.40299	0.01384
5724.47426	0.01335
5722.54553	0.01310
5720.61680	0.01283
5718.68807	0.01283
5716.75933	0.01349
5714.83060	0.01440
5712.90187	0.01479
5710.97314	0.01445
5709.04441	0.01415
5707.11568	0.01439
5705.18695	0.01482
5703.25822	0.01487
5701.32948	0.01436
5699.40075	0.01385
5697.47202	0.01380
5695.54329	0.01378
5693.61456	0.01368
5691.68583	0.01368
5689.75710	0.01325
5687.82837	0.01264
5685.89964	0.01285
5683.97090	0.01366
5682.04217	0.01408
5680.11344	0.01395
5678.18471	0.01377
5676.25598	0.01374
5674.32725	0.01362
5672.39852	0.01345
5670.46979	0.01358
5668.54105	0.01385
5666.61232	0.01391
5664.68359	0.01387
5662.75486	0.01364
5660.82613	0.01314
5658.89740	0.01270
5656.96867	0.01263
5655.03994	0.01305
5653.11120	0.01348
5651.18247	0.01333
5649.25374	0.01298
5647.32501	0.01313
5645.39628	0.01362
5643.46755	0.01389
5641.53882	0.01384
5639.61009	0.01360
5637.68135	0.01337
5635.75262	0.01334
5633.82389	0.01338
5631.89516	0.01319
5629.96643	0.01286
5628.03770	0.01279
5626.10897	0.01314
5624.18024	0.01357
5622.25150	0.01376
5620.32277	0.01373
5618.39404	0.01384
5616.46531	0.01402
5614.53658	0.01395
5612.60785	0.01381
5610.67912	0.01371
5608.75039	0.01360
5606.82166	0.01361
5604.89292	0.01382
5602.96419	0.01392
5601.03546	0.01388
5599.10673	0.01393
5597.17800	0.01379
5595.24927	0.01356
5593.32054	0.01350
5591.39181	0.01344
5589.46307	0.01342
5587.53434	0.01356
5585.60561	0.01344
5583.67688	0.01318
5581.74815	0.01333
5579.81942	0.01359
5577.89069	0.01346
5575.96196	0.01336
5574.03322	0.01372
5572.10449	0.01414
5570.17576	0.01441
5568.24703	0.01462
5566.31830	0.01452
5564.38957	0.01400
5562.46084	0.01351
5560.53211	0.01334
5558.60337	0.01340
5556.67464	0.01352
5554.74591	0.01347
5552.81718	0.01322
5550.88845	0.01329
5548.95972	0.01393
5547.03099	0.01463
5545.10226	0.01497
5543.17352	0.01491
5541.24479	0.01461
5539.31606	0.01452
5537.38733	0.01470
5535.45860	0.01477
5533.52987	0.01454
5531.60114	0.01421
5529.67241	0.01402
5527.74368	0.01384
5525.81494	0.01366
5523.88621	0.01374
5521.95748	0.01404
5520.02875	0.01446
5518.10002	0.01489
5516.17129	0.01484
5514.24256	0.01431
5512.31383	0.01389
5510.38509	0.01376
5508.45636	0.01385
5506.52763	0.01414
5504.59890	0.01437
5502.67017	0.01431
5500.74144	0.01425
5498.81271	0.01439
5496.88398	0.01452
5494.95524	0.01446
5493.02651	0.01417
5491.09778	0.01392
5489.16905	0.01386
5487.24032	0.01390
5485.31159	0.01425
5483.38286	0.01461
5481.45413	0.01446
5479.52539	0.01409
5477.59666	0.01401
5475.66793	0.01396
5473.73920	0.01366
5471.81047	0.01359
5469.88174	0.01381
5467.95301	0.01372
5466.02428	0.01348
5464.09554	0.01375
5462.16681	0.01420
5460.23808	0.01402
5458.30935	0.01368
5456.38062	0.01394
5454.45189	0.01442
5452.52316	0.01453
5450.59443	0.01427
5448.66570	0.01405
5446.73696	0.01418
5444.80823	0.01453
5442.87950	0.01466
5440.95077	0.01413
5439.02204	0.01333
5437.09331	0.01295
5435.16458	0.01275
5433.23585	0.01279
5431.30711	0.01345
5429.37838	0.01391
5427.44965	0.01371
5425.52092	0.01354
5423.59219	0.01370
5421.66346	0.01393
5419.73473	0.01388
5417.80600	0.01377
5415.87726	0.01400
5413.94853	0.01433
5412.01980	0.01444
5410.09107	0.01452
5408.16234	0.01464
5406.23361	0.01468
5404.30488	0.01450
5402.37615	0.01421
5400.44741	0.01414
5398.51868	0.01430
5396.58995	0.01460
5394.66122	0.01477
5392.73249	0.01464
5390.80376	0.01465
5388.87503	0.01474
5386.94630	0.01422
5385.01756	0.01349
5383.08883	0.01360
5381.16010	0.01434
5379.23137	0.01489
5377.30264	0.01494
5375.37391	0.01469
5373.44518	0.01453
5371.51645	0.01453
5369.58772	0.01462
5367.65898	0.01484
5365.73025	0.01506
5363.80152	0.01500
5361.87279	0.01483
5359.94406	0.01486
5358.01533	0.01494
5356.08660	0.01483
5354.15787	0.01440
5352.22913	0.01387
5350.30040	0.01371
5348.37167	0.01389
5346.44294	0.01409
5344.51421	0.01401
5342.58548	0.01391
5340.65675	0.01418
5338.72802	0.01421
5336.79928	0.01374
5334.87055	0.01371
5332.94182	0.01418
5331.01309	0.01446
5329.08436	0.01463
5327.15563	0.01494
5325.22690	0.01515
5323.29817	0.01509
5321.36943	0.01497
5319.44070	0.01512
5317.51197	0.01543
5315.58324	0.01548
5313.65451	0.01522
5311.72578	0.01501
5309.79705	0.01496
5307.86832	0.01476
5305.93958	0.01444
5304.01085	0.01425
5302.08212	0.01420
5300.15339	0.01416
5298.22466	0.01405
5296.29593	0.01376
5294.36720	0.01348
5292.43847	0.01355
5290.50974	0.01376
5288.58100	0.01372
5286.65227	0.01360
5284.72354	0.01365
5282.79481	0.01383
5280.86608	0.01394
5278.93735	0.01386
5277.00862	0.01369
5275.07989	0.01345
5273.15115	0.01311
5271.22242	0.01287
5269.29369	0.01287
5267.36496	0.01299
5265.43623	0.01304
5263.50750	0.01302
5261.57877	0.01314
5259.65004	0.01331
5257.72130	0.01334
5255.79257	0.01328
5253.86384	0.01322
5251.93511	0.01321
5250.00638	0.01311
5248.07765	0.01282
5246.14892	0.01264
5244.22019	0.01250
5242.29145	0.01213
5240.36272	0.01180
5238.43399	0.01169
5236.50526	0.01181
5234.57653	0.01210
5232.64780	0.01220
5230.71907	0.01208
5228.79034	0.01214
5226.86160	0.01220
5224.93287	0.01179
5223.00414	0.01141
5221.07541	0.01147
5219.14668	0.01144
5217.21795	0.01125
5215.28922	0.01141
5213.36049	0.01177
5211.43176	0.01173
5209.50302	0.01133
5207.57429	0.01104
5205.64556	0.01100
5203.71683	0.01095
5201.78810	0.01089
5199.85937	0.01113
5197.93064	0.01165
5196.00191	0.01194
5194.07317	0.01170
5192.14444	0.01107
5190.21571	0.01059
5188.28698	0.01084
5186.35825	0.01156
5184.42952	0.01188
5182.50079	0.01177
5180.57206	0.01165
5178.64332	0.01147
5176.71459	0.01110
5174.78586	0.01081
5172.85713	0.01084
5170.92840	0.01096
5168.99967	0.01099
5167.07094	0.01113
5165.14221	0.01131
5163.21347	0.01137
5161.28474	0.01152
5159.35601	0.01171
5157.42728	0.01148
5155.49855	0.01103
5153.56982	0.01107
5151.64109	0.01146
5149.71236	0.01163
5147.78362	0.01168
5145.85489	0.01198
5143.92616	0.01223
5141.99743	0.01208
5140.06870	0.01174
5138.13997	0.01164
5136.21124	0.01178
5134.28251	0.01179
5132.35378	0.01164
5130.42504	0.01160
5128.49631	0.01178
5126.56758	0.01193
5124.63885	0.01194
5122.71012	0.01187
5120.78139	0.01188
5118.85266	0.01216
5116.92393	0.01251
5114.99519	0.01245
5113.06646	0.01215
5111.13773	0.01216
5109.20900	0.01239
5107.28027	0.01246
5105.35154	0.01230
5103.42281	0.01206
5101.49408	0.01193
5099.56534	0.01211
5097.63661	0.01261
5095.70788	0.01303
5093.77915	0.01309
5091.85042	0.01307
5089.92169	0.01318
5087.99296	0.01341
5086.06423	0.01364
5084.13549	0.01370
5082.20676	0.01359
5080.27803	0.01357
5078.34930	0.01374
5076.42057	0.01386
5074.49184	0.01366
5072.56311	0.01335
5070.63438	0.01323
5068.70564	0.01330
5066.77691	0.01354
5064.84818	0.01386
5062.91945	0.01412
5060.99072	0.01426
5059.06199	0.01430
5057.13326	0.01431
5055.20453	0.01440
5053.27580	0.01449
5051.34706	0.01448
5049.41833	0.01457
5047.48960	0.01496
5045.56087	0.01522
5043.63214	0.01503
5041.70341	0.01485
5039.77468	0.01495
5037.84595	0.01506
5035.91721	0.01507
5033.98848	0.01488
5032.05975	0.01463
5030.13102	0.01470
5028.20229	0.01491
5026.27356	0.01486
5024.34483	0.01488
5022.41610	0.01536
5020.48736	0.01605
5018.55863	0.01644
5016.62990	0.01630
5014.70117	0.01583
5012.77244	0.01549
5010.84371	0.01546
5008.91498	0.01553
5006.98625	0.01547
5005.05751	0.01530
5003.12878	0.01524
5001.20005	0.01539
4999.27132	0.01557
4997.34259	0.01565
4995.41386	0.01578
4993.48513	0.01604
4991.55640	0.01625
4989.62766	0.01621
4987.69893	0.01618
4985.77020	0.01651
4983.84147	0.01704
4981.91274	0.01726
4979.98401	0.01713
4978.05528	0.01710
4976.12655	0.01725
4974.19782	0.01728
4972.26908	0.01698
4970.34035	0.01665
4968.41162	0.01658
4966.48289	0.01651
4964.55416	0.01623
4962.62543	0.01604
4960.69670	0.01626
4958.76797	0.01675
4956.83923	0.01718
4954.91050	0.01750
4952.98177	0.01765
4951.05304	0.01758
4949.12431	0.01745
4947.19558	0.01735
4945.26685	0.01728
4943.33812	0.01717
4941.40938	0.01694
4939.48065	0.01672
4937.55192	0.01661
4935.62319	0.01663
4933.69446	0.01671
4931.76573	0.01678
4929.83700	0.01684
4927.90827	0.01685
4925.97953	0.01677
4924.05080	0.01671
4922.12207	0.01682
4920.19334	0.01696
4918.26461	0.01707
4916.33588	0.01727
4914.40715	0.01735
4912.47842	0.01718
4910.54968	0.01711
4908.62095	0.01731
4906.69222	0.01754
4904.76349	0.01765
4902.83476	0.01775
4900.90603	0.01781
4898.97730	0.01760
4897.04857	0.01723
4895.11984	0.01705
4893.19110	0.01719
4891.26237	0.01740
4889.33364	0.01742
4887.40491	0.01733
4885.47618	0.01722
4883.54745	0.01709
4881.61872	0.01703
4879.68999	0.01704
4877.76125	0.01700
4875.83252	0.01698
4873.90379	0.01706
4871.97506	0.01723
4870.04633	0.01742
4868.11760	0.01765
4866.18887	0.01789
4864.26014	0.01791
4862.33140	0.01764
4860.40267	0.01742
4858.47394	0.01757
4856.54521	0.01777
4854.61648	0.01770
4852.68775	0.01752
4850.75902	0.01737
4848.83029	0.01726
4846.90155	0.01712
4844.97282	0.01702
4843.04409	0.01702
4841.11536	0.01709
4839.18663	0.01715
4837.25790	0.01713
4835.32917	0.01721
4833.40044	0.01747
4831.47170	0.01770
4829.54297	0.01775
4827.61424	0.01747
4825.68551	0.01704
4823.75678	0.01691
4821.82805	0.01700
4819.89932	0.01692
4817.97059	0.01675
4816.04186	0.01672
4814.11312	0.01685
4812.18439	0.01703
4810.25566	0.01703
4808.32693	0.01687
4806.39820	0.01687
4804.46947	0.01704
4802.54074	0.01702
4800.61201	0.01683
4798.68327	0.01682
4796.75454	0.01696
4794.82581	0.01689
4792.89708	0.01674
4790.96835	0.01685
4789.03962	0.01714
4787.11089	0.01724
4785.18216	0.01696
4783.25342	0.01648
4781.32469	0.01632
4779.39596	0.01669
4777.46723	0.01721
4775.53850	0.01745
4773.60977	0.01733
4771.68104	0.01709
4769.75231	0.01699
4767.82357	0.01705
4765.89484	0.01714
4763.96611	0.01720
4762.03738	0.01727
4760.10865	0.01732
4758.17992	0.01736
4756.25119	0.01746
4754.32246	0.01750
4752.39372	0.01734
4750.46499	0.01708
4748.53626	0.01704
4746.60753	0.01730
4744.67880	0.01753
4742.75007	0.01761
4740.82134	0.01766
4738.89261	0.01766
4736.96388	0.01758
4735.03514	0.01761
4733.10641	0.01770
4731.17768	0.01758
4729.24895	0.01730
4727.32022	0.01721
4725.39149	0.01738
4723.46276	0.01757
4721.53403	0.01759
4719.60529	0.01751
4717.67656	0.01748
4715.74783	0.01746
4713.81910	0.01748
4711.89037	0.01770
4709.96164	0.01792
4708.03291	0.01781
4706.10418	0.01764
4704.17544	0.01775
4702.24671	0.01793
4700.31798	0.01793
4698.38925	0.01781
4696.46052	0.01775
4694.53179	0.01775
4692.60306	0.01771
4690.67433	0.01774
4688.74559	0.01803
4686.81686	0.01830
4684.88813	0.01821
4682.95940	0.01797
4681.03067	0.01788
4679.10194	0.01804
4677.17321	0.01833
4675.24448	0.01857
4673.31574	0.01852
4671.38701	0.01812
4669.45828	0.01776
4667.52955	0.01777
4665.60082	0.01801
4663.67209	0.01823
4661.74336	0.01852
4659.81463	0.01883
4657.88590	0.01888
4655.95716	0.01873
4654.02843	0.01865
4652.09970	0.01858
4650.17097	0.01846
4648.24224	0.01836
4646.31351	0.01830
4644.38478	0.01832
4642.45605	0.01848
4640.52731	0.01876
4638.59858	0.01900
4636.66985	0.01890
4634.74112	0.01856
4632.81239	0.01833
4630.88366	0.01836
4628.95493	0.01862
4627.02620	0.01892
4625.09746	0.01896
4623.16873	0.01875
4621.24000	0.01855
4619.31127	0.01847
4617.38254	0.01829
4615.45381	0.01811
4613.52508	0.01836
4611.59635	0.01896
4609.66761	0.01924
4607.73888	0.01894
4605.81015	0.01860
4603.88142	0.01863
4601.95269	0.01879
4600.02396	0.01879
4598.09523	0.01868
4596.16650	0.01860
4594.23776	0.01861
4592.30903	0.01865
4590.38030	0.01862
4588.45157	0.01861
4586.52284	0.01873
4584.59411	0.01873
4582.66538	0.01852
4580.73665	0.01839
4578.80792	0.01840
4576.87918	0.01843
4574.95045	0.01855
4573.02172	0.01869
4571.09299	0.01868
4569.16426	0.01871
4567.23553	0.01896
4565.30680	0.01913
4563.37807	0.01903
4561.44933	0.01882
4559.52060	0.01874
4557.59187	0.01888
4555.66314	0.01901
4553.73441	0.01903
4551.80568	0.01908
4549.87695	0.01906
4547.94822	0.01887
4546.01948	0.01883
4544.09075	0.01913
4542.16202	0.01925
4540.23329	0.01892
4538.30456	0.01862
4536.37583	0.01876
4534.44710	0.01911
4532.51837	0.01935
4530.58963	0.01937
4528.66090	0.01929
4526.73217	0.01925
4524.80344	0.01917
4522.87471	0.01893
4520.94598	0.01872
4519.01725	0.01872
4517.08852	0.01889
4515.15978	0.01900
4513.23105	0.01894
4511.30232	0.01883
4509.37359	0.01888
4507.44486	0.01895
4505.51613	0.01888
4503.58740	0.01885
4501.65867	0.01910
4499.72994	0.01938
4497.80120	0.01938
4495.87247	0.01917
4493.94374	0.01907
4492.01501	0.01920
4490.08628	0.01933
4488.15755	0.01930
4486.22882	0.01928
4484.30009	0.01933
4482.37135	0.01935
4480.44262	0.01931
4478.51389	0.01932
4476.58516	0.01934
4474.65643	0.01923
4472.72770	0.01911
4470.79897	0.01916
4468.87024	0.01923
4466.94150	0.01929
4465.01277	0.01946
4463.08404	0.01967
4461.15531	0.01978
4459.22658	0.01977
4457.29785	0.01974
4455.36912	0.01974
4453.44039	0.01977
4451.51165	0.01982
4449.58292	0.01978
4447.65419	0.01968
4445.72546	0.01981
4443.79673	0.02008
4441.86800	0.02016
4439.93927	0.01999
4438.01054	0.01985
4436.08180	0.01997
4434.15307	0.02026
4432.22434	0.02045
4430.29561	0.02042
4428.36688	0.02028
4426.43815	0.02017
4424.50942	0.02019
4422.58069	0.02018
4420.65196	0.02001
4418.72322	0.01988
4416.79449	0.01991
4414.86576	0.02002
4412.93703	0.02012
4411.00830	0.02014
4409.07957	0.02004
4407.15084	0.01988
4405.22211	0.01982
4403.29337	0.02001
4401.36464	0.02031
4399.43591	0.02033
4397.50718	0.02007
4395.57845	0.01988
4393.64972	0.01984
4391.72099	0.01985
4389.79226	0.01990
4387.86352	0.01995
4385.93479	0.02007
4384.00606	0.02026
4382.07733	0.02036
4380.14860	0.02033
4378.21987	0.02034
4376.29114	0.02035
4374.36241	0.02027
4372.43367	0.02029
4370.50494	0.02040
4368.57621	0.02047
4366.64748	0.02055
4364.71875	0.02066
4362.79002	0.02068
4360.86129	0.02058
4358.93256	0.02050
4357.00382	0.02057
4355.07509	0.02065
4353.14636	0.02059
4351.21763	0.02059
4349.28890	0.02089
4347.36017	0.02124
4345.43144	0.02135
4343.50271	0.02118
4341.57398	0.02091
4339.64524	0.02086
4337.71651	0.02096
4335.78778	0.02094
4333.85905	0.02089
4331.93032	0.02099
4330.00159	0.02111
4328.07286	0.02116
4326.14413	0.02112
4324.21539	0.02106
4322.28666	0.02108
4320.35793	0.02115
4318.42920	0.02115
4316.50047	0.02111
4314.57174	0.02120
4312.64301	0.02132
4310.71428	0.02133
4308.78554	0.02132
4306.85681	0.02133
4304.92808	0.02142
4302.99935	0.02143
4301.07062	0.02125
4299.14189	0.02110
4297.21316	0.02104
4295.28443	0.02096
4293.35569	0.02094
4291.42696	0.02108
4289.49823	0.02123
4287.56950	0.02129
4285.64077	0.02134
4283.71204	0.02133
4281.78331	0.02126
4279.85458	0.02125
4277.92584	0.02134
4275.99711	0.02142
4274.06838	0.02141
4272.13965	0.02134
4270.21092	0.02121
4268.28219	0.02104
4266.35346	0.02100
4264.42473	0.02110
4262.49600	0.02117
4260.56726	0.02108
4258.63853	0.02095
4256.70980	0.02097
4254.78107	0.02107
4252.85234	0.02099
4250.92361	0.02080
4248.99488	0.02070
4247.06615	0.02077
4245.13741	0.02080
4243.20868	0.02068
4241.27995	0.02059
4239.35122	0.02070
4237.42249	0.02087
4235.49376	0.02100
4233.56503	0.02108
4231.63630	0.02106
4229.70756	0.02097
4227.77883	0.02101
4225.85010	0.02117
4223.92137	0.02119
4221.99264	0.02095
4220.06391	0.02071
4218.13518	0.02059
4216.20645	0.02055
4214.27771	0.02050
4212.34898	0.02049
4210.42025	0.02063
4208.49152	0.02085
4206.56279	0.02096
4204.63406	0.02106
4202.70533	0.02121
4200.77660	0.02134
4198.84786	0.02142
4196.91913	0.02140
4194.99040	0.02129
4193.06167	0.02126
4191.13294	0.02134
4189.20421	0.02140
4187.27548	0.02143
4185.34675	0.02143
4183.41802	0.02142
4181.48928	0.02144
4179.56055	0.02146
4177.63182	0.02142
4175.70309	0.02140
4173.77436	0.02141
4171.84563	0.02133
4169.91690	0.02119
4167.98817	0.02112
4166.05943	0.02126
4164.13070	0.02152
4162.20197	0.02165
4160.27324	0.02162
4158.34451	0.02150
4156.41578	0.02125
4154.48705	0.02098
4152.55832	0.02087
4150.62958	0.02088
4148.70085	0.02090
4146.77212	0.02086
4144.84339	0.02079
4142.91466	0.02078
4140.98593	0.02076
4139.05720	0.02068
4137.12847	0.02066
4135.19973	0.02071
4133.27100	0.02074
4131.34227	0.02071
4129.41354	0.02067
4127.48481	0.02060
4125.55608	0.02046
4123.62735	0.02042
4121.69862	0.02051
4119.76988	0.02063
4117.84115	0.02066
4115.91242	0.02053
4113.98369	0.02036
4112.05496	0.02034
4110.12623	0.02037
4108.19750	0.02041
4106.26877	0.02046
4104.34004	0.02050
4102.41130	0.02060
4100.48257	0.02070
4098.55384	0.02068
4096.62511	0.02056
4094.69638	0.02053
4092.76765	0.02061
4090.83892	0.02059
4088.91019	0.02046
4086.98145	0.02037
4085.05272	0.02023
4083.12399	0.02005
4081.19526	0.01998
4079.26653	0.02002
4077.33780	0.02007
4075.40907	0.02007
4073.48034	0.02003
4071.55160	0.02004
4069.62287	0.02012
4067.69414	0.02010
4065.76541	0.01993
4063.83668	0.01974
4061.90795	0.01971
4059.97922	0.01985
4058.05049	0.01998
4056.12175	0.01997
4054.19302	0.01985
4052.26429	0.01980
4050.33556	0.01991
4048.40683	0.01992
4046.47810	0.01966
4044.54937	0.01942
4042.62064	0.01946
4040.69190	0.01958
4038.76317	0.01970
4036.83444	0.01980
4034.90571	0.01978
4032.97698	0.01966
4031.04825	0.01962
4029.11952	0.01964
4027.19079	0.01952
4025.26206	0.01935
4023.33332	0.01926
4021.40459	0.01921
4019.47586	0.01910
4017.54713	0.01903
4015.61840	0.01903
4013.68967	0.01899
4011.76094	0.01887
4009.83221	0.01883
4007.90347	0.01890
4005.97474	0.01898
4004.04601	0.01900
4002.11728	0.01895
4000.18855	0.01889
3998.25982	0.01891
3996.33109	0.01883
3994.40236	0.01878
3992.47362	0.01867
3990.54489	0.01854
3988.61616	0.01852
3986.68743	0.01857
3984.75870	0.01861
3982.82997	0.01857
3980.90124	0.01851
3978.97251	0.01858
3977.04377	0.01868
3975.11504	0.01861
3973.18631	0.01842
3971.25758	0.01827
3969.32885	0.01816
3967.40012	0.01812
3965.47139	0.01820
3963.54266	0.01828
3961.61392	0.01819
3959.68519	0.01809
3957.75646	0.01815
3955.82773	0.01826
3953.89900	0.01826
3951.97027	0.01816
3950.04154	0.01796
3948.11281	0.01779
3946.18408	0.01780
3944.25534	0.01788
3942.32661	0.01782
3940.39788	0.01775
3938.46915	0.01781
3936.54042	0.01791
3934.61169	0.01803
3932.68296	0.01807
3930.75423	0.01793
3928.82549	0.01784
3926.89676	0.01788
3924.96803	0.01785
3923.03930	0.01772
3921.11057	0.01771
3919.18184	0.01770
3917.25311	0.01757
3915.32438	0.01754
3913.39564	0.01768
3911.46691	0.01776
3909.53818	0.01774
3907.60945	0.01786
3905.68072	0.01798
3903.75199	0.01785
3901.82326	0.01774
3899.89453	0.01765
3897.96579	0.01732
3896.03706	0.01715
3894.10833	0.01739
3892.17960	0.01745
3890.25087	0.01719
3888.32214	0.01725
3886.39341	0.01727
3884.46468	0.01704
3882.53594	0.01722
3880.60721	0.01735
3878.67848	0.01701
3876.74975	0.01693
3874.82102	0.01706
3872.89229	0.01724
3870.96356	0.01740
3869.03483	0.01715
3867.10610	0.01701
3865.17736	0.01724
3863.24863	0.01717
3861.31990	0.01673
3859.39117	0.01636
3857.46244	0.01657
3855.53371	0.01730
3853.60498	0.01759
3851.67625	0.01714
3849.74751	0.01688
3847.81878	0.01691
3845.89005	0.01693
3843.96132	0.01688
3842.03259	0.01690
3840.10386	0.01702
3838.17513	0.01689
3836.24640	0.01660
3834.31766	0.01661
3832.38893	0.01668
3830.46020	0.01662
3828.53147	0.01659
3826.60274	0.01653
3824.67401	0.01665
3822.74528	0.01692
3820.81655	0.01676
3818.88781	0.01681
3816.95908	0.01723
3815.03035	0.01697
3813.10162	0.01644
3811.17289	0.01644
3809.24416	0.01663
3807.31543	0.01636
3805.38670	0.01603
3803.45796	0.01625
3801.52923	0.01630
3799.60050	0.01618
3797.67177	0.01648
3795.74304	0.01664
3793.81431	0.01658
3791.88558	0.01660
3789.95685	0.01656
3788.02812	0.01647
3786.09938	0.01627
3784.17065	0.01602
3782.24192	0.01614
3780.31319	0.01649
3778.38446	0.01650
3776.45573	0.01629
3774.52700	0.01621
3772.59827	0.01625
3770.66953	0.01609
3768.74080	0.01573
3766.81207	0.01552
3764.88334	0.01545
3762.95461	0.01560
3761.02588	0.01589
3759.09715	0.01576
3757.16842	0.01535
3755.23968	0.01537
3753.31095	0.01574
3751.38222	0.01564
3749.45349	0.01526
3747.52476	0.01576
3745.59603	0.01642
3743.66730	0.01595
3741.73857	0.01538
3739.80983	0.01570
3737.88110	0.01636
3735.95237	0.01682
3734.02364	0.01705
3732.09491	0.01711
3730.16618	0.01736
3728.23745	0.01805
3726.30872	0.01889
3724.37998	0.01966
3722.45125	0.02054
3720.52252	0.02155
3718.59379	0.02255
3716.66506	0.02360
3714.73633	0.02501
3712.80760	0.02671
3710.87887	0.02814
3708.95014	0.02922
3707.02140	0.03032
3705.09267	0.03163
3703.16394	0.03298
3701.23521	0.03402
3699.30648	0.03495
3697.37775	0.03592
3695.44902	0.03672
3693.52029	0.03748
3691.59155	0.03843
3689.66282	0.03924
3687.73409	0.03964
3685.80536	0.04011
3683.87663	0.04081
3681.94790	0.04148
3680.01917	0.04248
3678.09044	0.04463
3676.16170	0.04757
3674.23297	0.04999
3672.30424	0.05148
3670.37551	0.05155
3668.44678	0.05053
3666.51805	0.05036
3664.58932	0.05163
3662.66059	0.05348
3660.73185	0.05517
3658.80312	0.05625
3656.87439	0.05622
3654.94566	0.05555
3653.01693	0.05552
3651.08820	0.05606
3649.15947	0.05647
3647.23074	0.05713
3645.30200	0.05826
3643.37327	0.05924
3641.44454	0.05958
3639.51581	0.05959
3637.58708	0.05983
3635.65835	0.06034
3633.72962	0.06106
3631.80089	0.06222
3629.87216	0.06343
3627.94342	0.06387
3626.01469	0.06411
3624.08596	0.06477
3622.15723	0.06556
3620.22850	0.06595
3618.29977	0.06578
3616.37104	0.06571
3614.44231	0.06587
3612.51357	0.06587
3610.58484	0.06582
3608.65611	0.06587
3606.72738	0.06586
3604.79865	0.06594
3602.86992	0.06612
3600.94119	0.06620
3599.01246	0.06617
3597.08372	0.06611
3595.15499	0.06592
3593.22626	0.06567
3591.29753	0.06572
3589.36880	0.06602
3587.44007	0.06605
3585.51134	0.06597
3583.58261	0.06620
3581.65387	0.06660
3579.72514	0.06703
3577.79641	0.06745
3575.86768	0.06779
3573.93895	0.06802
3572.01022	0.06830
3570.08149	0.06891
3568.15276	0.06972
3566.22402	0.07030
3564.29529	0.07059
3562.36656	0.07077
3560.43783	0.07098
3558.50910	0.07132
3556.58037	0.07176
3554.65164	0.07211
3552.72291	0.07229
3550.79418	0.07249
3548.86544	0.07289
3546.93671	0.07324
3545.00798	0.07332
3543.07925	0.07335
3541.15052	0.07347
3539.22179	0.07363
3537.29306	0.07374
3535.36433	0.07377
3533.43559	0.07385
3531.50686	0.07399
3529.57813	0.07411
3527.64940	0.07417
3525.72067	0.07426
3523.79194	0.07437
3521.86321	0.07439
3519.93448	0.07432
3518.00574	0.07425
3516.07701	0.07429
3514.14828	0.07445
3512.21955	0.07464
3510.29082	0.07476
3508.36209	0.07482
3506.43336	0.07495
3504.50463	0.07514
3502.57589	0.07520
3500.64716	0.07527
3498.71843	0.07557
3496.78970	0.07591
3494.86097	0.07595
3492.93224	0.07576
3491.00351	0.07566
3489.07478	0.07582
3487.14604	0.07612
3485.21731	0.07648
3483.28858	0.07680
3481.35985	0.07696
3479.43112	0.07699
3477.50239	0.07696
3475.57366	0.07686
3473.64493	0.07678
3471.71620	0.07685
3469.78746	0.07699
3467.85873	0.07705
3465.93000	0.07709
3464.00127	0.07718
3462.07254	0.07723
3460.14381	0.07717
3458.21508	0.07710
3456.28635	0.07713
3454.35761	0.07726
3452.42888	0.07727
3450.50015	0.07719
3448.57142	0.07725
3446.64269	0.07736
3444.71396	0.07741
3442.78523	0.07751
3440.85650	0.07757
3438.92776	0.07748
3436.99903	0.07729
3435.07030	0.07717
3433.14157	0.07730
3431.21284	0.07757
3429.28411	0.07777
3427.35538	0.07779
3425.42665	0.07762
3423.49791	0.07746
3421.56918	0.07747
3419.64045	0.07754
3417.71172	0.07755
3415.78299	0.07758
3413.85426	0.07766
3411.92553	0.07768
3409.99680	0.07757
3408.06806	0.07747
3406.13933	0.07737
3404.21060	0.07712
3402.28187	0.07678
3400.35314	0.07661
3398.42441	0.07647
3396.49568	0.07641
3394.56695	0.07639
3392.63822	0.07623
3390.70948	0.07593
3388.78075	0.07577
3386.85202	0.07575
3384.92329	0.07558
3382.99456	0.07527
3381.06583	0.07501
3379.13710	0.07476
3377.20837	0.07447
3375.27963	0.07423
3373.35090	0.07390
3371.42217	0.07339
3369.49344	0.07295
3367.56471	0.07275
3365.63598	0.07262
3363.70725	0.07244
3361.77852	0.07228
3359.84978	0.07207
3357.92105	0.07168
3355.99232	0.07125
3354.06359	0.07104
3352.13486	0.07096
3350.20613	0.07076
3348.27740	0.07041
3346.34867	0.06997
3344.41993	0.06951
3342.49120	0.06921
3340.56247	0.06901
3338.63374	0.06871
3336.70501	0.06838
3334.77628	0.06810
3332.84755	0.06771
3330.91882	0.06716
3328.99008	0.06661
3327.06135	0.06617
3325.13262	0.06574
3323.20389	0.06527
3321.27516	0.06490
3319.34643	0.06463
3317.41770	0.06426
3315.48897	0.06375
3313.56024	0.06331
3311.63150	0.06306
3309.70277	0.06278
3307.77404	0.06219
3305.84531	0.06145
3303.91658	0.06080
3301.98785	0.06027
3300.05912	0.05987
3298.13039	0.05954
3296.20165	0.05916
3294.27292	0.05863
3292.34419	0.05803
3290.41546	0.05757
3288.48673	0.05715
3286.55800	0.05649
3284.62927	0.05571
3282.70054	0.05503
3280.77180	0.05440
3278.84307	0.05377
3276.91434	0.05318
3274.98561	0.05254
3273.05688	0.05178
3271.12815	0.05107
3269.19942	0.05047
3267.27069	0.04981
3265.34195	0.04895
3263.41322	0.04801
3261.48449	0.04724
3259.55576	0.04662
3257.62703	0.04594
3255.69830	0.04512
3253.76957	0.04418
3251.84084	0.04324
3249.91210	0.04238
3247.98337	0.04173
3246.05464	0.04125
3244.12591	0.04070
3242.19718	0.03987
3240.26845	0.03886
3238.33972	0.03785
3236.41099	0.03689
3234.48226	0.03601
3232.55352	0.03523
3230.62479	0.03449
3228.69606	0.03387
3226.76733	0.03336
3224.83860	0.03283
3222.90987	0.03218
3220.98114	0.03144
3219.05241	0.03073
3217.12367	0.03007
3215.19494	0.02940
3213.26621	0.02876
3211.33748	0.02822
3209.40875	0.02771
3207.48002	0.02710
3205.55129	0.02635
3203.62256	0.02565
3201.69382	0.02515
3199.76509	0.02468
3197.83636	0.02404
3195.90763	0.02336
3193.97890	0.02285
3192.05017	0.02241
3190.12144	0.02183
3188.19271	0.02118
3186.26397	0.02054
3184.33524	0.01994
3182.40651	0.01941
3180.47778	0.01891
3178.54905	0.01835
3176.62032	0.01783
3174.69159	0.01743
3172.76286	0.01705
3170.83412	0.01656
3168.90539	0.01605
3166.97666	0.01568
3165.04793	0.01540
3163.11920	0.01501
3161.19047	0.01454
3159.26174	0.01411
3157.33301	0.01370
3155.40428	0.01331
3153.47554	0.01295
3151.54681	0.01265
3149.61808	0.01234
3147.68935	0.01200
3145.76062	0.01164
3143.83189	0.01129
3141.90316	0.01100
3139.97443	0.01083
3138.04569	0.01073
3136.11696	0.01047
3134.18823	0.00992
3132.25950	0.00933
3130.33077	0.00897
3128.40204	0.00879
3126.47331	0.00866
3124.54458	0.00853
3122.61584	0.00834
3120.68711	0.00817
3118.75838	0.00821
3116.82965	0.00846
3114.90092	0.00882
3112.97219	0.00916
3111.04346	0.00941
3109.11473	0.00962
3107.18599	0.00998
3105.25726	0.01054
3103.32853	0.01120
3101.39980	0.01190
3099.47107	0.01271
3097.54234	0.01366
3095.61361	0.01448
3093.68488	0.01514
3091.75614	0.01590
3089.82741	0.01689
3087.89868	0.01791
3085.96995	0.01883
3084.04122	0.01971
3082.11249	0.02052
3080.18376	0.02121
3078.25503	0.02197
3076.32630	0.02292
3074.39756	0.02384
3072.46883	0.02458
3070.54010	0.02523
3068.61137	0.02587
3066.68264	0.02650
3064.75391	0.02717
3062.82518	0.02781
3060.89645	0.02835
3058.96771	0.02875
3057.03898	0.02905
3055.11025	0.02937
3053.18152	0.02981
3051.25279	0.03023
3049.32406	0.03050
3047.39533	0.03071
3045.46660	0.03087
3043.53786	0.03088
3041.60913	0.03083
3039.68040	0.03084
3037.75167	0.03082
3035.82294	0.03079
3033.89421	0.03074
3031.96548	0.03062
3030.03675	0.03042
3028.10801	0.03028
3026.17928	0.03014
3024.25055	0.02992
3022.32182	0.02968
3020.39309	0.02949
3018.46436	0.02938
3016.53563	0.02932
3014.60690	0.02931
3012.67816	0.02939
3010.74943	0.02958
3008.82070	0.02976
3006.89197	0.02989
3004.96324	0.03009
3003.03451	0.03031
3001.10578	0.03052
2999.17705	0.03108
2997.24832	0.03163
2995.31958	0.03219
2993.39085	0.03274
2991.46212	0.03331
2989.53339	0.03391
2987.60466	0.03458
2985.67593	0.03530
2983.74720	0.03599
2981.81847	0.03662
2979.88973	0.03720
2977.96100	0.03775
2976.03227	0.03832
2974.10354	0.03893
2972.17481	0.03957
2970.24608	0.04018
2968.31735	0.04079
2966.38862	0.04142
2964.45988	0.04202
2962.53115	0.04262
2960.60242	0.04323
2958.67369	0.04374
2956.74496	0.04419
2954.81623	0.04470
2952.88750	0.04518
2950.95877	0.04562
2949.03003	0.04615
2947.10130	0.04674
2945.17257	0.04723
2943.24384	0.04765
2941.31511	0.04818
2939.38638	0.04884
2937.45765	0.04952
2935.52892	0.05011
2933.60018	0.05062
2931.67145	0.05118
2929.74272	0.05179
2927.81399	0.05234
2925.88526	0.05268
2923.95653	0.05291
2922.02780	0.05314
2920.09907	0.05329
2918.17034	0.05316
2916.24160	0.05280
2914.31287	0.05242
2912.38414	0.05211
2910.45541	0.05184
2908.52668	0.05165
2906.59795	0.05153
2904.66922	0.05137
2902.74049	0.05117
2900.81175	0.05094
2898.88302	0.05073
2896.95429	0.05061
2895.02556	0.05049
2893.09683	0.05033
2891.16810	0.05024
2889.23937	0.05023
2887.31064	0.05019
2885.38190	0.05009
2883.45317	0.05003
2881.52444	0.05009
2879.59571	0.05021
2877.66698	0.05024
2875.73825	0.05023
2873.80952	0.05021
2871.88079	0.05017
2869.95205	0.05014
2868.02332	0.05014
2866.09459	0.05011
2864.16586	0.05012
2862.23713	0.05021
2860.30840	0.05032
2858.37967	0.05040
2856.45094	0.05055
2854.52220	0.05082
2852.59347	0.05108
2850.66474	0.05108
2848.73601	0.05064
2846.80728	0.04989
2844.87855	0.04914
2842.94982	0.04849
2841.02109	0.04793
2839.09236	0.04751
2837.16362	0.04717
2835.23489	0.04692
2833.30616	0.04680
2831.37743	0.04671
2829.44870	0.04654
2827.51997	0.04630
2825.59124	0.04608
2823.66251	0.04596
2821.73377	0.04585
2819.80504	0.04567
2817.87631	0.04552
2815.94758	0.04540
2814.01885	0.04528
2812.09012	0.04514
2810.16139	0.04503
2808.23266	0.04498
2806.30392	0.04490
2804.37519	0.04476
2802.44646	0.04466
2800.51773	0.04458
2798.58900	0.04445
2796.66027	0.04426
2794.73154	0.04405
2792.80281	0.04392
2790.87407	0.04386
2788.94534	0.04379
2787.01661	0.04371
2785.08788	0.04365
2783.15915	0.04362
2781.23042	0.04358
2779.30169	0.04351
2777.37296	0.04346
2775.44422	0.04346
2773.51549	0.04347
2771.58676	0.04349
2769.65803	0.04347
2767.72930	0.04341
2765.80057	0.04340
2763.87184	0.04351
2761.94311	0.04366
2760.01438	0.04376
2758.08564	0.04384
2756.15691	0.04393
2754.22818	0.04401
2752.29945	0.04404
2750.37072	0.04395
2748.44199	0.04380
2746.51326	0.04373
2744.58453	0.04375
2742.65579	0.04374
2740.72706	0.04365
2738.79833	0.04358
2736.86960	0.04354
2734.94087	0.04347
2733.01214	0.04333
2731.08341	0.04319
2729.15468	0.04307
2727.22594	0.04294
2725.29721	0.04283
2723.36848	0.04273
2721.43975	0.04264
2719.51102	0.04256
2717.58229	0.04247
2715.65356	0.04236
2713.72483	0.04226
2711.79609	0.04213
2709.86736	0.04198
2707.93863	0.04189
2706.00990	0.04188
2704.08117	0.04183
2702.15244	0.04174
2700.22371	0.04167
2698.29498	0.04161
2696.36624	0.04152
2694.43751	0.04139
2692.50878	0.04126
2690.58005	0.04113
2688.65132	0.04101
2686.72259	0.04087
2684.79386	0.04074
2682.86513	0.04062
2680.93640	0.04052
2679.00766	0.04040
2677.07893	0.04032
2675.15020	0.04023
2673.22147	0.04007
2671.29274	0.03988
2669.36401	0.03975
2667.43528	0.03963
2665.50655	0.03948
2663.57781	0.03929
2661.64908	0.03910
2659.72035	0.03893
2657.79162	0.03877
2655.86289	0.03861
2653.93416	0.03846
2652.00543	0.03834
2650.07670	0.03822
2648.14796	0.03813
2646.21923	0.03810
2644.29050	0.03809
2642.36177	0.03799
2640.43304	0.03780
2638.50431	0.03765
2636.57558	0.03762
2634.64685	0.03757
2632.71811	0.03746
2630.78938	0.03731
2628.86065	0.03717
2626.93192	0.03706
2625.00319	0.03700
2623.07446	0.03693
2621.14573	0.03684
2619.21700	0.03672
2617.28826	0.03657
2615.35953	0.03637
2613.43080	0.03619
2611.50207	0.03611
2609.57334	0.03610
2607.64461	0.03606
2605.71588	0.03599
2603.78715	0.03588
2601.85842	0.03568
2599.92968	0.03549
2598.00095	0.03539
2596.07222	0.03526
2594.14349	0.03509
2592.21476	0.03496
2590.28603	0.03490
2588.35730	0.03485
2586.42857	0.03475
2584.49983	0.03461
2582.57110	0.03444
2580.64237	0.03429
2578.71364	0.03422
2576.78491	0.03422
2574.85618	0.03420
2572.92745	0.03409
2570.99872	0.03391
2569.06998	0.03373
2567.14125	0.03360
2565.21252	0.03351
2563.28379	0.03342
2561.35506	0.03334
2559.42633	0.03326
2557.49760	0.03317
2555.56887	0.03309
2553.64013	0.03302
2551.71140	0.03296
2549.78267	0.03293
2547.85394	0.03289
2545.92521	0.03285
2543.99648	0.03283
2542.06775	0.03283
2540.13902	0.03284
2538.21028	0.03282
2536.28155	0.03280
2534.35282	0.03281
2532.42409	0.03277
2530.49536	0.03272
2528.56663	0.03273
2526.63790	0.03276
2524.70917	0.03272
2522.78044	0.03264
2520.85170	0.03259
2518.92297	0.03260
2516.99424	0.03261
2515.06551	0.03260
2513.13678	0.03260
2511.20805	0.03260
2509.27932	0.03259
2507.35059	0.03257
2505.42185	0.03255
2503.49312	0.03253
2501.56439	0.03250
2499.63566	0.03247
2497.70693	0.03252
2495.77820	0.03261
2493.84947	0.03263
2491.92074	0.03258
2489.99200	0.03258
2488.06327	0.03258
2486.13454	0.03252
2484.20581	0.03243
2482.27708	0.03239
2480.34835	0.03235
2478.41962	0.03230
2476.49089	0.03227
2474.56215	0.03225
2472.63342	0.03222
2470.70469	0.03223
2468.77596	0.03227
2466.84723	0.03229
2464.91850	0.03226
2462.98977	0.03213
2461.06104	0.03198
2459.13230	0.03191
2457.20357	0.03192
2455.27484	0.03195
2453.34611	0.03199
2451.41738	0.03199
2449.48865	0.03190
2447.55992	0.03178
2445.63119	0.03173
2443.70246	0.03174
2441.77372	0.03175
2439.84499	0.03176
2437.91626	0.03172
2435.98753	0.03167
2434.05880	0.03168
2432.13007	0.03164
2430.20134	0.03141
2428.27261	0.03107
2426.34387	0.03090
2424.41514	0.03102
2422.48641	0.03133
2420.55768	0.03162
2418.62895	0.03180
2416.70022	0.03187
2414.77149	0.03184
2412.84276	0.03179
2410.91402	0.03180
2408.98529	0.03185
2407.05656	0.03189
2405.12783	0.03190
2403.19910	0.03191
2401.27037	0.03191
2399.34164	0.03188
2397.41291	0.03183
2395.48417	0.03181
2393.55544	0.03187
2391.62671	0.03200
2389.69798	0.03210
2387.76925	0.03212
2385.84052	0.03211
2383.91179	0.03212
2381.98306	0.03215
2380.05432	0.03212
2378.12559	0.03197
2376.19686	0.03174
2374.26813	0.03155
2372.33940	0.03149
2370.41067	0.03155
2368.48194	0.03162
2366.55321	0.03174
2364.62448	0.03189
2362.69574	0.03200
2360.76701	0.03205
2358.83828	0.03198
2356.90955	0.03189
2354.98082	0.03189
2353.05209	0.03198
2351.12336	0.03221
2349.19463	0.03234
2347.26589	0.03210
2345.33716	0.03177
2343.40843	0.03169
2341.47970	0.03171
2339.55097	0.03174
2337.62224	0.03179
2335.69351	0.03181
2333.76478	0.03181
2331.83604	0.03180
2329.90731	0.03177
2327.97858	0.03173
2326.04985	0.03167
2324.12112	0.03164
2322.19239	0.03164
2320.26366	0.03170
2318.33493	0.03180
2316.40619	0.03190
2314.47746	0.03195
2312.54873	0.03192
2310.62000	0.03183
2308.69127	0.03171
2306.76254	0.03165
2304.83381	0.03163
2302.90508	0.03157
2300.97634	0.03150
2299.04761	0.03150
2297.11888	0.03156
2295.19015	0.03159
2293.26142	0.03162
2291.33269	0.03166
2289.40396	0.03168
2287.47523	0.03167
2285.54650	0.03168
2283.61776	0.03170
2281.68903	0.03172
2279.76030	0.03176
2277.83157	0.03179
2275.90284	0.03175
2273.97411	0.03167
2272.04538	0.03172
2270.11665	0.03185
2268.18791	0.03191
2266.25918	0.03189
2264.33045	0.03188
2262.40172	0.03193
2260.47299	0.03199
2258.54426	0.03202
2256.61553	0.03200
2254.68680	0.03197
2252.75806	0.03197
2250.82933	0.03199
2248.90060	0.03201
2246.97187	0.03207
2245.04314	0.03214
2243.11441	0.03229
2241.18568	0.03239
2239.25695	0.03238
2237.32821	0.03242
2235.39948	0.03254
2233.47075	0.03258
2231.54202	0.03250
2229.61329	0.03243
2227.68456	0.03246
2225.75583	0.03252
2223.82710	0.03250
2221.89836	0.03239
2219.96963	0.03217
2218.04090	0.03198
2216.11217	0.03176
2214.18344	0.03157
2212.25471	0.03138
2210.32598	0.03116
2208.39725	0.03096
2206.46852	0.03084
2204.53978	0.03076
2202.61105	0.03069
2200.68232	0.03052
2198.75359	0.03030
2196.82486	0.03016
2194.89613	0.03019
2192.96740	0.03022
2191.03867	0.03012
2189.10993	0.02993
2187.18120	0.02979
2185.25247	0.02974
2183.32374	0.02969
2181.39501	0.02962
2179.46628	0.02954
2177.53755	0.02947
2175.60882	0.02938
2173.68008	0.02928
2171.75135	0.02920
2169.82262	0.02917
2167.89389	0.02917
2165.96516	0.02914
2164.03643	0.02906
2162.10770	0.02896
2160.17897	0.02892
2158.25023	0.02897
2156.32150	0.02901
2154.39277	0.02900
2152.46404	0.02898
2150.53531	0.02896
2148.60658	0.02897
2146.67785	0.02893
2144.74912	0.02885
2142.82038	0.02884
2140.89165	0.02892
2138.96292	0.02896
2137.03419	0.02893
2135.10546	0.02893
2133.17673	0.02894
2131.24800	0.02889
2129.31927	0.02879
2127.39054	0.02865
2125.46180	0.02850
2123.53307	0.02840
2121.60434	0.02834
2119.67561	0.02832
2117.74688	0.02834
2115.81815	0.02837
2113.88942	0.02836
2111.96069	0.02829
2110.03195	0.02821
2108.10322	0.02818
2106.17449	0.02819
2104.24576	0.02818
2102.31703	0.02814
2100.38830	0.02801
2098.45957	0.02790
2096.53084	0.02784
2094.60210	0.02779
2092.67337	0.02769
2090.74464	0.02753
2088.81591	0.02732
2086.88718	0.02713
2084.95845	0.02694
2083.02972	0.02669
2081.10099	0.02634
2079.17225	0.02591
2077.24352	0.02550
2075.31479	0.02517
2073.38606	0.02494
2071.45733	0.02474
2069.52860	0.02455
2067.59987	0.02441
2065.67114	0.02432
2063.74240	0.02434
2061.81367	0.02450
2059.88494	0.02473
2057.95621	0.02496
2056.02748	0.02522
2054.09875	0.02553
2052.17002	0.02589
2050.24129	0.02629
2048.31256	0.02671
2046.38382	0.02713
2044.45509	0.02758
2042.52636	0.02808
2040.59763	0.02855
2038.66890	0.02900
2036.74017	0.02945
2034.81144	0.02986
2032.88271	0.03017
2030.95397	0.03043
2029.02524	0.03064
2027.09651	0.03079
2025.16778	0.03094
2023.23905	0.03112
2021.31032	0.03136
2019.38159	0.03167
2017.45286	0.03197
2015.52412	0.03220
2013.59539	0.03247
2011.66666	0.03280
2009.73793	0.03310
2007.80920	0.03334
2005.88047	0.03354
2003.95174	0.03370
2002.02301	0.03385
2000.09427	0.03401
1998.16554	0.03415
1996.23681	0.03430
1994.30808	0.03445
1992.37935	0.03453
1990.45062	0.03456
1988.52189	0.03460
1986.59316	0.03462
1984.66442	0.03465
1982.73569	0.03473
1980.80696	0.03485
1978.87823	0.03497
1976.94950	0.03509
1975.02077	0.03514
1973.09204	0.03511
1971.16331	0.03509
1969.23458	0.03517
1967.30584	0.03523
1965.37711	0.03521
1963.44838	0.03520
1961.51965	0.03520
1959.59092	0.03522
1957.66219	0.03528
1955.73346	0.03536
1953.80473	0.03541
1951.87599	0.03544
1949.94726	0.03550
1948.01853	0.03563
1946.08980	0.03577
1944.16107	0.03587
1942.23234	0.03589
1940.30361	0.03590
1938.37488	0.03593
1936.44614	0.03594
1934.51741	0.03594
1932.58868	0.03598
1930.65995	0.03602
1928.73122	0.03601
1926.80249	0.03590
1924.87376	0.03580
1922.94503	0.03562
1921.01629	0.03550
1919.08756	0.03556
1917.15883	0.03566
1915.23010	0.03578
1913.30137	0.03599
1911.37264	0.03624
1909.44391	0.03653
1907.51518	0.03687
1905.58644	0.03719
1903.65771	0.03747
1901.72898	0.03771
1899.80025	0.03799
1897.87152	0.03833
1895.94279	0.03861
1894.01406	0.03880
1892.08533	0.03899
1890.15660	0.03912
1888.22786	0.03911
1886.29913	0.03915
1884.37040	0.03928
1882.44167	0.03939
1880.51294	0.03949
1878.58421	0.03957
1876.65548	0.03955
1874.72675	0.03942
1872.79801	0.03934
1870.86928	0.03933
1868.94055	0.03916
1867.01182	0.03884
1865.08309	0.03854
1863.15436	0.03819
1861.22563	0.03767
1859.29690	0.03708
1857.36816	0.03647
1855.43943	0.03585
1853.51070	0.03523
1851.58197	0.03473
1849.65324	0.03436
1847.72451	0.03415
1845.79578	0.03397
1843.86705	0.03368
1841.93831	0.03346
1840.00958	0.03344
1838.08085	0.03343
1836.15212	0.03341
1834.22339	0.03354
1832.29466	0.03382
1830.36593	0.03400
1828.43720	0.03408
1826.50846	0.03428
1824.57973	0.03451
1822.65100	0.03470
1820.72227	0.03494
1818.79354	0.03519
1816.86481	0.03543
1814.93608	0.03578
1813.00735	0.03622
1811.07862	0.03659
1809.14988	0.03686
1807.22115	0.03712
1805.29242	0.03742
1803.36369	0.03774
1801.43496	0.03803
1799.50623	0.03824
1797.57750	0.03847
1795.64877	0.03879
1793.72003	0.03909
1791.79130	0.03918
1789.86257	0.03923
1787.93384	0.03946
1786.00511	0.03972
1784.07638	0.03992
1782.14765	0.04009
1780.21892	0.04011
1778.29018	0.04005
1776.36145	0.04013
1774.43272	0.04026
1772.50399	0.04016
1770.57526	0.03989
1768.64653	0.03968
1766.71780	0.03956
1764.78907	0.03960
1762.86033	0.03962
1760.93160	0.03942
1759.00287	0.03924
1757.07414	0.03915
1755.14541	0.03916
1753.21668	0.03936
1751.28795	0.03952
1749.35922	0.03945
1747.43048	0.03937
1745.50175	0.03945
1743.57302	0.03962
1741.64429	0.03971
1739.71556	0.03966
1737.78683	0.03983
1735.85810	0.04028
1733.92937	0.04044
1732.00064	0.04037
1730.07190	0.04044
1728.14317	0.04052
1726.21444	0.04054
1724.28571	0.04051
1722.35698	0.04055
1720.42825	0.04084
1718.49952	0.04111
1716.57079	0.04106
1714.64205	0.04093
1712.71332	0.04087
1710.78459	0.04089
1708.85586	0.04102
1706.92713	0.04110
1704.99840	0.04113
1703.06967	0.04149
1701.14094	0.04192
1699.21220	0.04205
1697.28347	0.04226
1695.35474	0.04236
1693.42601	0.04240
1691.49728	0.04261
1689.56855	0.04283
1687.63982	0.04320
1685.71109	0.04364
1683.78235	0.04358
1681.85362	0.04331
1679.92489	0.04334
1677.99616	0.04355
1676.06743	0.04357
1674.13870	0.04343
1672.20997	0.04350
1670.28124	0.04352
1668.35250	0.04319
1666.42377	0.04312
1664.49504	0.04336
1662.56631	0.04336
1660.63758	0.04302
1658.70885	0.04283
1656.78012	0.04306
1654.85139	0.04316
1652.92266	0.04228
1650.99392	0.04143
1649.06519	0.04150
1647.13646	0.04151
1645.20773	0.04110
1643.27900	0.04079
1641.35027	0.04059
1639.42154	0.04040
1637.49281	0.03994
1635.56407	0.03865
1633.63534	0.03708
1631.70661	0.03621
1629.77788	0.03576
1627.84915	0.03519
1625.92042	0.03444
1623.99169	0.03338
1622.06296	0.03215
1620.13422	0.03129
1618.20549	0.03042
1616.27676	0.02877
1614.34803	0.02701
1612.41930	0.02582
1610.49057	0.02480
1608.56184	0.02364
1606.63311	0.02249
1604.70437	0.02152
1602.77564	0.02071
1600.84691	0.02004
1598.91818	0.01957
1596.98945	0.01937
1595.06072	0.01953
1593.13199	0.02005
1591.20326	0.02083
1589.27452	0.02165
1587.34579	0.02246
1585.41706	0.02328
1583.48833	0.02406
1581.55960	0.02486
1579.63087	0.02588
1577.70214	0.02700
1575.77341	0.02780
1573.84468	0.02849
1571.91594	0.02946
1569.98721	0.03047
1568.05848	0.03138
1566.12975	0.03238
1564.20102	0.03350
1562.27229	0.03481
1560.34356	0.03611
1558.41483	0.03693
1556.48609	0.03756
1554.55736	0.03829
1552.62863	0.03890
1550.69990	0.03930
1548.77117	0.03953
1546.84244	0.03975
1544.91371	0.03999
1542.98498	0.04031
1541.05624	0.04059
1539.12751	0.04047
1537.19878	0.04042
1535.27005	0.04064
1533.34132	0.04058
1531.41259	0.04032
1529.48386	0.04021
1527.55513	0.04005
1525.62639	0.03974
1523.69766	0.03945
1521.76893	0.03888
1519.84020	0.03813
1517.91147	0.03759
1515.98274	0.03703
1514.05401	0.03636
1512.12528	0.03581
1510.19654	0.03553
1508.26781	0.03515
1506.33908	0.03407
1504.41035	0.03291
1502.48162	0.03235
1500.55289	0.03206
1498.62416	0.03165
1496.69543	0.03103
1494.76670	0.03047
1492.83796	0.03029
1490.90923	0.03024
1488.98050	0.02994
1487.05177	0.02960
1485.12304	0.02942
1483.19431	0.02927
1481.26558	0.02903
1479.33685	0.02880
1477.40811	0.02869
1475.47938	0.02879
1473.55065	0.02897
1471.62192	0.02900
1469.69319	0.02899
1467.76446	0.02909
1465.83573	0.02898
1463.90700	0.02855
1461.97826	0.02828
1460.04953	0.02830
1458.12080	0.02807
1456.19207	0.02740
1454.26334	0.02688
1452.33461	0.02659
1450.40588	0.02619
1448.47715	0.02551
1446.54841	0.02465
1444.61968	0.02382
1442.69095	0.02308
1440.76222	0.02245
1438.83349	0.02183
1436.90476	0.02090
1434.97603	0.01977
1433.04730	0.01877
1431.11856	0.01752
1429.18983	0.01562
1427.26110	0.01323
1425.33237	0.01036
1423.40364	0.00704
1421.47491	0.00341
1419.54618	-0.00099
1417.61745	-0.00616
1415.68872	-0.01107
1413.75998	-0.01574
1411.83125	-0.02077
1409.90252	-0.02608
1407.97379	-0.03122
1406.04506	-0.03595
1404.11633	-0.03992
1402.18760	-0.04233
1400.25887	-0.04279
1398.33013	-0.04132
1396.40140	-0.03802
1394.47267	-0.03338
1392.54394	-0.02851
1390.61521	-0.02477
1388.68648	-0.02344
1386.75775	-0.02425
1384.82902	-0.02333
1382.90028	-0.01697
1380.97155	-0.00683
1379.04282	0.00259
1377.11409	0.00931
1375.18536	0.01418
1373.25663	0.01811
1371.32790	0.02134
1369.39917	0.02399
1367.47043	0.02615
1365.54170	0.02793
1363.61297	0.02943
1361.68424	0.03066
1359.75551	0.03171
1357.82678	0.03261
1355.89805	0.03334
1353.96932	0.03396
1352.04058	0.03464
1350.11185	0.03539
1348.18312	0.03602
1346.25439	0.03635
1344.32566	0.03649
1342.39693	0.03661
1340.46820	0.03673
1338.53947	0.03691
1336.61074	0.03728
1334.68200	0.03779
1332.75327	0.03822
1330.82454	0.03829
1328.89581	0.03777
1326.96708	0.03728
1325.03835	0.03703
1323.10962	0.03687
1321.18089	0.03672
1319.25215	0.03660
1317.32342	0.03664
1315.39469	0.03689
1313.46596	0.03726
1311.53723	0.03764
1309.60850	0.03804
1307.67977	0.03841
1305.75104	0.03866
1303.82230	0.03875
1301.89357	0.03879
1299.96484	0.03887
1298.03611	0.03895
1296.10738	0.03909
1294.17865	0.03925
1292.24992	0.03930
1290.32119	0.03921
1288.39245	0.03909
1286.46372	0.03907
1284.53499	0.03928
1282.60626	0.03974
1280.67753	0.04025
1278.74880	0.04058
1276.82007	0.04078
1274.89134	0.04109
1272.96260	0.04160
1271.03387	0.04218
1269.10514	0.04283
1267.17641	0.04368
1265.24768	0.04480
1263.31895	0.04610
1261.39022	0.04754
1259.46149	0.04911
1257.53276	0.05088
1255.60402	0.05300
1253.67529	0.05554
1251.74656	0.05827
1249.81783	0.06090
1247.88910	0.06330
1245.96037	0.06555
1244.03164	0.06767
1242.10291	0.06956
1240.17417	0.07119
1238.24544	0.07267
1236.31671	0.07398
1234.38798	0.07502
1232.45925	0.07588
1230.53052	0.07676
1228.60179	0.07761
1226.67306	0.07837
1224.74432	0.07909
1222.81559	0.07991
1220.88686	0.08088
1218.95813	0.08196
1217.02940	0.08310
1215.10067	0.08418
1213.17194	0.08519
1211.24321	0.08628
1209.31447	0.08754
1207.38574	0.08888
1205.45701	0.09022
1203.52828	0.09152
1201.59955	0.09276
1199.67082	0.09391
1197.74209	0.09527
1195.81336	0.09670
1193.88462	0.09807
1191.95589	0.09943
1190.02716	0.10087
1188.09843	0.10241
1186.16970	0.10407
1184.24097	0.10582
1182.31224	0.10754
1180.38351	0.10910
1178.45478	0.11059
1176.52604	0.11220
1174.59731	0.11382
1172.66858	0.11524
1170.73985	0.11656
1168.81112	0.11798
1166.88239	0.11955
1164.95366	0.12107
1163.02493	0.12241
1161.09619	0.12357
1159.16746	0.12431
1157.23873	0.12457
1155.31000	0.12490
1153.38127	0.12568
1151.45254	0.12660
1149.52381	0.12738
1147.59508	0.12815
1145.66634	0.12902
1143.73761	0.12989
1141.80888	0.13067
1139.88015	0.13143
1137.95142	0.13212
1136.02269	0.13256
1134.09396	0.13292
1132.16523	0.13363
1130.23649	0.13470
1128.30776	0.13573
1126.37903	0.13650
1124.45030	0.13701
1122.52157	0.13749
1120.59284	0.13831
1118.66411	0.13958
1116.73538	0.14108
1114.80664	0.14274
1112.87791	0.14482
1110.94918	0.14743
1109.02045	0.15031
1107.09172	0.15321
1105.16299	0.15604
1103.23426	0.15868
1101.30553	0.16094
1099.37680	0.16273
1097.44806	0.16405
1095.51933	0.16495
1093.59060	0.16566
1091.66187	0.16637
1089.73314	0.16692
1087.80441	0.16713
1085.87568	0.16715
1083.94695	0.16709
1082.01821	0.16682
1080.08948	0.16659
1078.16075	0.16673
1076.23202	0.16718
1074.30329	0.16769
1072.37456	0.16827
1070.44583	0.16902
1068.51710	0.16966
1066.58836	0.17004
1064.65963	0.17049
1062.73090	0.17105
1060.80217	0.17128
1058.87344	0.17105
1056.94471	0.17068
1055.01598	0.17026
1053.08725	0.16968
1051.15851	0.16901
1049.22978	0.16841
1047.30105	0.16781
1045.37232	0.16730
1043.44359	0.16709
1041.51486	0.16691
1039.58613	0.16636
1037.65740	0.16557
1035.72866	0.16496
1033.79993	0.16459
1031.87120	0.16424
1029.94247	0.16396
1028.01374	0.16394
1026.08501	0.16421
1024.15628	0.16451
1022.22755	0.16470
1020.29882	0.16490
1018.37008	0.16507
1016.44135	0.16499
1014.51262	0.16480
1012.58389	0.16473
1010.65516	0.16472
1008.72643	0.16446
1006.79770	0.16380
1004.86897	0.16301
1002.94023	0.16226
1001.01150	0.16136
999.08277	0.16025
997.15404	0.15892
995.22531	0.15721
993.29658	0.15493
991.36785	0.15214
989.43912	0.14941
987.51038	0.14720
985.58165	0.14528
983.65292	0.14325
981.72419	0.14121
979.79546	0.13922
977.86673	0.13720
975.93800	0.13533
974.00927	0.13369
972.08053	0.13259
970.15180	0.13122
968.22307	0.12961
966.29434	0.12798
964.36561	0.12645
962.43688	0.12502
960.50815	0.12367
958.57942	0.12241
956.65068	0.12105
954.72195	0.11949
952.79322	0.11790
950.86449	0.11638
948.93576	0.11482
947.00703	0.11299
945.07830	0.11086
943.14957	0.10857
941.22084	0.10630
939.29210	0.10414
937.36337	0.10200
935.43464	0.09975
933.50591	0.09752
931.57718	0.09558
929.64845	0.09396
927.71972	0.09270
925.79099	0.09189
923.86225	0.09142
921.93352	0.09085
920.00479	0.08982
918.07606	0.08850
916.14733	0.08727
914.21860	0.08605
912.28987	0.08457
910.36114	0.08289
908.43240	0.08113
906.50367	0.07933
904.57494	0.07763
902.64621	0.07608
900.71748	0.07437
898.78875	0.07234
896.86002	0.07032
894.93129	0.06844
893.00255	0.06650
891.07382	0.06448
889.14509	0.06244
887.21636	0.06044
885.28763	0.05855
883.35890	0.05674
881.43017	0.05497
879.50144	0.05325
877.57270	0.05156
875.64397	0.04986
873.71524	0.04829
871.78651	0.04697
869.85778	0.04570
867.92905	0.04421
866.00032	0.04242
864.07159	0.04063
862.14286	0.03921
860.21412	0.03793
858.28539	0.03643
856.35666	0.03477
854.42793	0.03319
852.49920	0.03175
850.57047	0.03052
848.64174	0.02957
846.71301	0.02867
844.78427	0.02781
842.85554	0.02719
840.92681	0.02689
838.99808	0.02669
837.06935	0.02626
835.14062	0.02551
833.21189	0.02507
831.28316	0.02539
829.35442	0.02600
827.42569	0.02644
825.49696	0.02674
823.56823	0.02709
821.63950	0.02772
819.71077	0.02873
817.78204	0.03000
815.85331	0.03132
813.92457	0.03238
811.99584	0.03329
810.06711	0.03446
808.13838	0.03617
806.20965	0.03827
804.28092	0.04029
802.35219	0.04201
800.42346	0.04358
798.49472	0.04479
796.56599	0.04536
794.63726	0.04546
792.70853	0.04529
790.77980	0.04473
788.85107	0.04402
786.92234	0.04357
784.99361	0.04311
783.06488	0.04237
781.13614	0.04178
779.20741	0.04179
777.27868	0.04212
775.34995	0.04198
773.42122	0.04111
771.49249	0.04010
769.56376	0.03966
767.63503	0.03986
765.70629	0.04005
763.77756	0.04048
761.84883	0.04053
759.92010	0.04054
757.99137	0.04067
756.06264	0.04063
754.13391	0.04021
752.20518	0.03972
750.27644	0.03945
748.34771	0.03914
746.41898	0.03849
744.49025	0.03794
742.56152	0.03794
740.63279	0.03798
738.70406	0.03766
736.77533	0.03734
734.84659	0.03722
732.91786	0.03712
730.98913	0.03703
729.06040	0.03711
727.13167	0.03740
725.20294	0.03767
723.27421	0.03758
721.34548	0.03759
719.41674	0.03782
717.48801	0.03802
715.55928	0.03802
713.63055	0.03795
711.70182	0.03801
709.77309	0.03832
707.84436	0.03892
705.91563	0.03965
703.98690	0.04040
702.05816	0.04132
700.12943	0.04259
698.20070	0.04396
696.27197	0.04474
694.34324	0.04459
692.41451	0.04401
690.48578	0.04356
688.55705	0.04337
686.62831	0.04339
684.69958	0.04344
682.77085	0.04338
680.84212	0.04294
678.91339	0.04193
676.98466	0.04087
675.05593	0.04016
673.12720	0.03997
671.19846	0.03986
669.26973	0.03935
667.34100	0.03940
665.41227	0.04011
663.48354	0.04020
661.55481	0.03985
659.62608	0.03955
657.69735	0.03938
655.76861	0.03974
653.83988	0.04075
651.91115	0.04177
649.98242	0.04232
648.05369	0.04253
646.12496	0.04275
644.19623	0.04332
642.26750	0.04398
640.33876	0.04399
638.41003	0.04325
636.48130	0.04226
634.55257	0.04127
632.62384	0.04042
630.69511	0.03948
628.76638	0.03810
626.83765	0.03660
624.90892	0.03562
622.98018	0.03511
621.05145	0.03477
619.12272	0.03444
617.19399	0.03427
615.26526	0.03477
613.33653	0.03652
611.40780	0.03921
609.47907	0.04123
607.55033	0.04174
605.62160	0.04205
603.69287	0.04320
601.76414	0.04447
599.83541	0.04503
597.90668	0.04503
595.97795	0.04514
594.04922	0.04531
592.12048	0.04500
590.19175	0.04449
588.26302	0.04410
586.33429	0.04364
584.40556	0.04337
582.47683	0.04320
580.54810	0.04270
578.61937	0.04242
576.69063	0.04262
574.76190	0.04269
572.83317	0.04273
570.90444	0.04296
568.97571	0.04192
567.04698	0.04040
565.11825	0.03879
563.18952	0.03733
561.26078	0.03630
559.33205	0.03594
557.40332	0.03605
555.47459	0.03604
553.54586	0.03567
551.61713	0.03517
549.68840	0.03503
547.75967	0.03559
545.83094	0.03604
543.90220	0.03604
541.97347	0.03664
540.04474	0.03787
538.11601	0.03876
536.18728	0.03902
534.25855	0.03853
532.32982	0.03740
530.40109	0.03625
528.47235	0.03523
526.54362	0.03400
524.61489	0.03230
522.68616	0.03049
520.75743	0.02892
518.82870	0.02713
516.89997	0.02536
514.97124	0.02449
513.04250	0.02388
511.11377	0.02289
509.18504	0.02243
507.25631	0.02301
505.32758	0.02417
503.39885	0.02544
501.47012	0.02633
499.54139	0.02637
497.61265	0.02583
495.68392	0.02564
493.75519	0.02636
491.82646	0.02754
489.89773	0.02893
487.96900	0.03081
486.04027	0.03301
484.11154	0.03492
482.18280	0.03611
480.25407	0.03721
478.32534	0.03910
476.39661	0.04122
474.46788	0.04328
472.53915	0.04552
470.61042	0.04670
468.68169	0.04616
466.75296	0.04520
464.82422	0.04477
462.89549	0.04457
460.96676	0.04425
459.03803	0.04258
457.10930	0.03787
455.18057	0.03355
453.25184	0.03275
451.32311	0.03337
449.39437	0.03264
447.46564	0.03060
445.53691	0.02884
443.60818	0.02771
441.67945	0.02590
439.75072	0.02380
437.82199	0.02341
435.89326	0.02457
433.96452	0.02436
432.03579	0.02122
430.10706	0.01822
428.17833	0.01888
426.24960	0.02189
424.32087	0.02292
422.39214	0.01965
420.46341	0.01349
418.53467	0.00767
416.60594	0.00384
414.67721	0.00025
412.74848	-0.00361
410.81975	-0.00769
408.89102	-0.01643
406.96229	-0.02434
405.03356	-0.02692
403.10482	-0.03157
401.17609	-0.04027
399.24736	-0.04995
397.31863	-0.05746
395.38990	-0.06117
393.46117	-0.06216
391.53244	-0.06300
389.60371	-0.06217
387.67498	-0.05686
385.74624	-0.05025
383.81751	-0.04855
381.88878	-0.05746
379.96005	-0.08012
378.03132	-0.10901
376.10259	-0.12251
374.17386	-0.10399
372.24513	-0.06422
370.31639	-0.02409
368.38766	0.00210
