7496.97825	0.00019
7495.04952	0.00006
7493.12079	-0.00109
7491.19206	-0.00231
7489.26333	-0.00292
7487.33459	-0.00217
7485.40586	0.00094
7483.47713	0.00324
7481.54840	0.00236
7479.61967	0.00095
7477.69094	0.00015
7475.76221	0.00030
7473.83348	0.00217
7471.90474	0.00398
7469.97601	0.00351
7468.04728	0.00158
7466.11855	0.00095
7464.18982	0.00178
7462.26109	0.00249
7460.33236	0.00246
7458.40363	0.00213
7456.47489	0.00377
7454.54616	0.00704
7452.61743	0.00670
7450.68870	0.00189
7448.75997	-0.00129
7446.83124	0.00058
7444.90251	0.00483
7442.97378	0.00762
7441.04504	0.00738
7439.11631	0.00481
7437.18758	0.00166
7435.25885	-0.00061
7433.33012	-0.00222
7431.40139	-0.00394
7429.47266	-0.00497
7427.54393	-0.00401
7425.61520	-0.00109
7423.68646	0.00197
7421.75773	0.00314
7419.82900	0.00273
7417.90027	0.00234
7415.97154	0.00268
7414.04281	0.00405
7412.11408	0.00555
7410.18535	0.00468
7408.25661	0.00080
7406.32788	-0.00309
7404.39915	-0.00414
7402.47042	-0.00296
7400.54169	-0.00164
7398.61296	-0.00154
7396.68423	-0.00248
7394.75550	-0.00274
7392.82676	-0.00186
7390.89803	-0.00105
7388.96930	-0.00040
7387.04057	0.00063
7385.11184	0.00084
7383.18311	-0.00019
7381.25438	-0.00089
7379.32565	-0.00089
7377.39691	-0.00088
7375.46818	-0.00133
7373.53945	-0.00299
7371.61072	-0.00527
7369.68199	-0.00571
7367.75326	-0.00324
7365.82453	0.00017
7363.89580	0.00313
7361.96706	0.00513
7360.03833	0.00369
7358.10960	-0.00132
7356.18087	-0.00456
7354.25214	-0.00271
7352.32341	0.00065
7350.39468	0.00171
7348.46595	0.00052
7346.53722	-0.00133
7344.60848	-0.00234
7342.67975	-0.00214
7340.75102	-0.00146
7338.82229	-0.00109
7336.89356	-0.00081
7334.96483	0.00045
7333.03610	0.00157
7331.10737	-0.00074
7329.17863	-0.00584
7327.24990	-0.00818
7325.32117	-0.00648
7323.39244	-0.00479
7321.46371	-0.00303
7319.53498	0.00046
7317.60625	0.00246
7315.67752	0.00029
7313.74878	-0.00358
7311.82005	-0.00506
7309.89132	-0.00397
7307.96259	-0.00381
7306.03386	-0.00475
7304.10513	-0.00363
7302.17640	-0.00108
7300.24767	-0.00007
7298.31893	-0.00070
7296.39020	-0.00087
7294.46147	0.00049
7292.53274	0.00217
7290.60401	0.00225
7288.67528	0.00104
7286.74655	0.00041
7284.81782	0.00078
7282.88908	0.00136
7280.96035	0.00227
7279.03162	0.00427
7277.10289	0.00530
7275.17416	0.00276
7273.24543	0.00012
7271.31670	0.00180
7269.38797	0.00580
7267.45924	0.00795
7265.53050	0.00702
7263.60177	0.00415
7261.67304	0.00197
7259.74431	0.00277
7257.81558	0.00548
7255.88685	0.00673
7253.95812	0.00403
7252.02939	-0.00110
7250.10065	-0.00351
7248.17192	-0.00206
7246.24319	-0.00028
7244.31446	0.00081
7242.38573	0.00220
7240.45700	0.00279
7238.52827	0.00165
7236.59954	-0.00006
7234.67080	-0.00106
7232.74207	-0.00125
7230.81334	-0.00083
7228.88461	0.00055
7226.95588	0.00268
7225.02715	0.00485
7223.09842	0.00672
7221.16969	0.00782
7219.24095	0.00806
7217.31222	0.00811
7215.38349	0.00785
7213.45476	0.00650
7211.52603	0.00451
7209.59730	0.00280
7207.66857	0.00134
7205.73984	0.00060
7203.81110	0.00171
7201.88237	0.00452
7199.95364	0.00778
7198.02491	0.00968
7196.09618	0.00881
7194.16745	0.00628
7192.23872	0.00442
7190.30999	0.00398
7188.38126	0.00502
7186.45252	0.00660
7184.52379	0.00662
7182.59506	0.00432
7180.66633	0.00154
7178.73760	0.00104
7176.80887	0.00289
7174.88014	0.00498
7172.95141	0.00704
7171.02267	0.00973
7169.09394	0.01143
7167.16521	0.00990
7165.23648	0.00574
7163.30775	0.00087
7161.37902	-0.00208
7159.45029	0.00021
7157.52156	0.00563
7155.59282	0.00859
7153.66409	0.00869
7151.73536	0.00793
7149.80663	0.00700
7147.87790	0.00683
7145.94917	0.00734
7144.02044	0.00738
7142.09171	0.00662
7140.16297	0.00563
7138.23424	0.00515
7136.30551	0.00506
7134.37678	0.00526
7132.44805	0.00619
7130.51932	0.00742
7128.59059	0.00795
7126.66186	0.00757
7124.73312	0.00764
7122.80439	0.00881
7120.87566	0.00857
7118.94693	0.00549
7117.01820	0.00279
7115.08947	0.00263
7113.16074	0.00315
7111.23201	0.00335
7109.30328	0.00382
7107.37454	0.00457
7105.44581	0.00574
7103.51708	0.00772
7101.58835	0.00970
7099.65962	0.01026
7097.73089	0.00949
7095.80216	0.00836
7093.87343	0.00704
7091.94469	0.00546
7090.01596	0.00373
7088.08723	0.00286
7086.15850	0.00378
7084.22977	0.00590
7082.30104	0.00876
7080.37231	0.01127
7078.44358	0.01084
7076.51484	0.00720
7074.58611	0.00392
7072.65738	0.00420
7070.72865	0.00648
7068.79992	0.00735
7066.87119	0.00701
7064.94246	0.00709
7063.01373	0.00713
7061.08499	0.00631
7059.15626	0.00514
7057.22753	0.00486
7055.29880	0.00558
7053.37007	0.00608
7051.44134	0.00678
7049.51261	0.00870
7047.58388	0.00985
7045.65514	0.00805
7043.72641	0.00494
7041.79768	0.00357
7039.86895	0.00496
7037.94022	0.00736
7036.01149	0.00852
7034.08276	0.00872
7032.15403	0.00933
7030.22530	0.00980
7028.29656	0.00809
7026.36783	0.00447
7024.43910	0.00238
7022.51037	0.00354
7020.58164	0.00577
7018.65291	0.00644
7016.72418	0.00598
7014.79545	0.00657
7012.86671	0.00781
7010.93798	0.00796
7009.00925	0.00723
7007.08052	0.00633
7005.15179	0.00616
7003.22306	0.00753
7001.29433	0.00858
6999.36560	0.00738
6997.43686	0.00555
6995.50813	0.00517
6993.57940	0.00624
6991.65067	0.00772
6989.72194	0.00814
6987.79321	0.00687
6985.86448	0.00571
6983.93575	0.00656
6982.00701	0.00758
6980.07828	0.00657
6978.14955	0.00521
6976.22082	0.00526
6974.29209	0.00582
6972.36336	0.00574
6970.43463	0.00539
6968.50590	0.00536
6966.57716	0.00585
6964.64843	0.00720
6962.71970	0.00866
6960.79097	0.00907
6958.86224	0.00854
6956.93351	0.00732
6955.00478	0.00531
6953.07605	0.00341
6951.14732	0.00301
6949.21858	0.00391
6947.28985	0.00464
6945.36112	0.00442
6943.43239	0.00379
6941.50366	0.00316
6939.57493	0.00276
6937.64620	0.00304
6935.71747	0.00353
6933.78873	0.00365
6931.86000	0.00411
6929.93127	0.00493
6928.00254	0.00488
6926.07381	0.00470
6924.14508	0.00559
6922.21635	0.00654
6920.28762	0.00690
6918.35888	0.00626
6916.43015	0.00429
6914.50142	0.00315
6912.57269	0.00403
6910.64396	0.00490
6908.71523	0.00465
6906.78650	0.00441
6904.85777	0.00478
6902.92903	0.00540
6901.00030	0.00624
6899.07157	0.00660
6897.14284	0.00567
6895.21411	0.00429
6893.28538	0.00414
6891.35665	0.00550
6889.42792	0.00625
6887.49918	0.00528
6885.57045	0.00431
6883.64172	0.00421
6881.71299	0.00413
6879.78426	0.00373
6877.85553	0.00365
6875.92680	0.00416
6873.99807	0.00436
6872.06934	0.00434
6870.14060	0.00521
6868.21187	0.00657
6866.28314	0.00739
6864.35441	0.00736
6862.42568	0.00682
6860.49695	0.00635
6858.56822	0.00634
6856.63949	0.00610
6854.71075	0.00500
6852.78202	0.00460
6850.85329	0.00543
6848.92456	0.00502
6846.99583	0.00390
6845.06710	0.00300
6843.13837	0.00332
6841.20964	0.00462
6839.28090	0.00556
6837.35217	0.00510
6835.42344	0.00425
6833.49471	0.00399
6831.56598	0.00356
6829.63725	0.00345
6827.70852	0.00511
6825.77979	0.00753
6823.85105	0.00870
6821.92232	0.00845
6819.99359	0.00754
6818.06486	0.00682
6816.13613	0.00653
6814.20740	0.00563
6812.27867	0.00410
6810.34994	0.00296
6808.42120	0.00144
6806.49247	-0.00064
6804.56374	-0.00099
6802.63501	0.00046
6800.70628	0.00102
6798.77755	0.00103
6796.84882	0.00178
6794.92009	0.00193
6792.99136	0.00157
6791.06262	0.00214
6789.13389	0.00253
6787.20516	0.00234
6785.27643	0.00299
6783.34770	0.00395
6781.41897	0.00431
6779.49024	0.00471
6777.56151	0.00429
6775.63277	0.00222
6773.70404	0.00137
6771.77531	0.00334
6769.84658	0.00403
6767.91785	0.00135
6765.98912	-0.00110
6764.06039	-0.00092
6762.13166	0.00085
6760.20292	0.00236
6758.27419	0.00227
6756.34546	0.00131
6754.41673	0.00170
6752.48800	0.00362
6750.55927	0.00493
6748.63054	0.00470
6746.70181	0.00390
6744.77307	0.00363
6742.84434	0.00419
6740.91561	0.00469
6738.98688	0.00429
6737.05815	0.00339
6735.12942	0.00351
6733.20069	0.00513
6731.27196	0.00569
6729.34322	0.00385
6727.41449	0.00170
6725.48576	0.00079
6723.55703	0.00161
6721.62830	0.00356
6719.69957	0.00453
6717.77084	0.00373
6715.84211	0.00240
6713.91338	0.00200
6711.98464	0.00242
6710.05591	0.00212
6708.12718	0.00147
6706.19845	0.00221
6704.26972	0.00364
6702.34099	0.00379
6700.41226	0.00370
6698.48353	0.00445
6696.55479	0.00441
6694.62606	0.00353
6692.69733	0.00304
6690.76860	0.00240
6688.83987	0.00182
6686.91114	0.00206
6684.98241	0.00164
6683.05368	0.00025
6681.12494	0.00013
6679.19621	0.00116
6677.26748	0.00130
6675.33875	0.00102
6673.41002	0.00198
6671.48129	0.00354
6669.55256	0.00389
6667.62383	0.00326
6665.69509	0.00269
6663.76636	0.00230
6661.83763	0.00245
6659.90890	0.00314
6657.98017	0.00400
6656.05144	0.00491
6654.12271	0.00472
6652.19398	0.00291
6650.26524	0.00056
6648.33651	-0.00140
6646.40778	-0.00132
6644.47905	0.00140
6642.55032	0.00372
6640.62159	0.00354
6638.69286	0.00232
6636.76413	0.00207
6634.83540	0.00320
6632.90666	0.00403
6630.97793	0.00385
6629.04920	0.00410
6627.12047	0.00469
6625.19174	0.00471
6623.26301	0.00484
6621.33428	0.00506
6619.40555	0.00478
6617.47681	0.00436
6615.54808	0.00367
6613.61935	0.00259
6611.69062	0.00181
6609.76189	0.00186
6607.83316	0.00221
6605.90443	0.00248
6603.97570	0.00351
6602.04696	0.00466
6600.11823	0.00450
6598.18950	0.00380
6596.26077	0.00358
6594.33204	0.00384
6592.40331	0.00394
6590.47458	0.00334
6588.54585	0.00229
6586.61711	0.00138
6584.68838	0.00141
6582.75965	0.00199
6580.83092	0.00257
6578.90219	0.00332
6576.97346	0.00348
6575.04473	0.00302
6573.11600	0.00295
6571.18726	0.00329
6569.25853	0.00347
6567.32980	0.00280
6565.40107	0.00112
6563.47234	-0.00048
6561.54361	-0.00051
6559.61488	0.00076
6557.68615	0.00172
6555.75742	0.00216
6553.82868	0.00324
6551.89995	0.00431
6549.97122	0.00398
6548.04249	0.00357
6546.11376	0.00393
6544.18503	0.00398
6542.25630	0.00414
6540.32757	0.00439
6538.39883	0.00355
6536.47010	0.00228
6534.54137	0.00180
6532.61264	0.00166
6530.68391	0.00123
6528.75518	0.00142
6526.82645	0.00278
6524.89772	0.00355
6522.96898	0.00273
6521.04025	0.00194
6519.11152	0.00195
6517.18279	0.00194
6515.25406	0.00209
6513.32533	0.00236
6511.39660	0.00221
6509.46787	0.00247
6507.53913	0.00341
6505.61040	0.00419
6503.68167	0.00509
6501.75294	0.00620
6499.82421	0.00633
6497.89548	0.00528
6495.96675	0.00389
6494.03802	0.00198
6492.10928	-0.00007
6490.18055	-0.00049
6488.25182	0.00070
6486.32309	0.00193
6484.39436	0.00251
6482.46563	0.00197
6480.53690	0.00071
6478.60817	0.00033
6476.67944	0.00096
6474.75070	0.00185
6472.82197	0.00290
6470.89324	0.00356
6468.96451	0.00303
6467.03578	0.00202
6465.10705	0.00186
6463.17832	0.00207
6461.24959	0.00183
6459.32085	0.00193
6457.39212	0.00288
6455.46339	0.00412
6453.53466	0.00485
6451.60593	0.00424
6449.67720	0.00284
6447.74847	0.00285
6445.81974	0.00434
6443.89100	0.00494
6441.96227	0.00415
6440.03354	0.00308
6438.10481	0.00226
6436.17608	0.00217
6434.24735	0.00305
6432.31862	0.00416
6430.38989	0.00391
6428.46115	0.00237
6426.53242	0.00166
6424.60369	0.00187
6422.67496	0.00172
6420.74623	0.00156
6418.81750	0.00172
6416.88877	0.00143
6414.96004	0.00058
6413.03130	0.00047
6411.10257	0.00183
6409.17384	0.00351
6407.24511	0.00426
6405.31638	0.00411
6403.38765	0.00388
6401.45892	0.00397
6399.53019	0.00430
6397.60146	0.00463
6395.67272	0.00460
6393.74399	0.00437
6391.81526	0.00394
6389.88653	0.00325
6387.95780	0.00286
6386.02907	0.00252
6384.10034	0.00212
6382.17161	0.00234
6380.24287	0.00295
6378.31414	0.00345
6376.38541	0.00381
6374.45668	0.00368
6372.52795	0.00346
6370.59922	0.00401
6368.67049	0.00468
6366.74176	0.00437
6364.81302	0.00336
6362.88429	0.00280
6360.95556	0.00291
6359.02683	0.00273
6357.09810	0.00256
6355.16937	0.00320
6353.24064	0.00345
6351.31191	0.00282
6349.38317	0.00248
6347.45444	0.00285
6345.52571	0.00295
6343.59698	0.00184
6341.66825	0.00039
6339.73952	0.00009
6337.81079	0.00102
6335.88206	0.00229
6333.95332	0.00291
6332.02459	0.00273
6330.09586	0.00299
6328.16713	0.00428
6326.23840	0.00476
6324.30967	0.00385
6322.38094	0.00346
6320.45221	0.00361
6318.52348	0.00309
6316.59474	0.00270
6314.66601	0.00339
6312.73728	0.00390
6310.80855	0.00332
6308.87982	0.00305
6306.95109	0.00365
6305.02236	0.00398
6303.09363	0.00386
6301.16489	0.00387
6299.23616	0.00372
6297.30743	0.00332
6295.37870	0.00346
6293.44997	0.00410
6291.52124	0.00442
6289.59251	0.00417
6287.66378	0.00361
6285.73504	0.00289
6283.80631	0.00235
6281.87758	0.00269
6279.94885	0.00322
6278.02012	0.00285
6276.09139	0.00252
6274.16266	0.00305
6272.23393	0.00348
6270.30519	0.00355
6268.37646	0.00380
6266.44773	0.00379
6264.51900	0.00393
6262.59027	0.00497
6260.66154	0.00557
6258.73281	0.00498
6256.80408	0.00423
6254.87534	0.00357
6252.94661	0.00269
6251.01788	0.00181
6249.08915	0.00144
6247.16042	0.00153
6245.23169	0.00168
6243.30296	0.00217
6241.37423	0.00308
6239.44550	0.00337
6237.51676	0.00290
6235.58803	0.00289
6233.65930	0.00325
6231.73057	0.00319
6229.80184	0.00287
6227.87311	0.00256
6225.94438	0.00232
6224.01565	0.00232
6222.08691	0.00240
6220.15818	0.00234
6218.22945	0.00236
6216.30072	0.00272
6214.37199	0.00290
6212.44326	0.00245
6210.51453	0.00187
6208.58580	0.00184
6206.65706	0.00264
6204.72833	0.00379
6202.79960	0.00413
6200.87087	0.00310
6198.94214	0.00184
6197.01341	0.00216
6195.08468	0.00363
6193.15595	0.00441
6191.22721	0.00485
6189.29848	0.00542
6187.36975	0.00463
6185.44102	0.00284
6183.51229	0.00228
6181.58356	0.00304
6179.65483	0.00377
6177.72610	0.00396
6175.79736	0.00348
6173.86863	0.00275
6171.93990	0.00288
6170.01117	0.00374
6168.08244	0.00445
6166.15371	0.00476
6164.22498	0.00425
6162.29625	0.00291
6160.36752	0.00215
6158.43878	0.00267
6156.51005	0.00344
6154.58132	0.00344
6152.65259	0.00289
6150.72386	0.00260
6148.79513	0.00253
6146.86640	0.00217
6144.93767	0.00178
6143.00893	0.00215
6141.08020	0.00325
6139.15147	0.00409
6137.22274	0.00427
6135.29401	0.00392
6133.36528	0.00346
6131.43655	0.00328
6129.50782	0.00298
6127.57908	0.00228
6125.65035	0.00153
6123.72162	0.00123
6121.79289	0.00170
6119.86416	0.00253
6117.93543	0.00296
6116.00670	0.00308
6114.07797	0.00346
6112.14923	0.00351
6110.22050	0.00272
6108.29177	0.00202
6106.36304	0.00224
6104.43431	0.00321
6102.50558	0.00453
6100.57685	0.00542
6098.64812	0.00473
6096.71938	0.00271
6094.79065	0.00118
6092.86192	0.00115
6090.93319	0.00196
6089.00446	0.00234
6087.07573	0.00220
6085.14700	0.00259
6083.21827	0.00369
6081.28954	0.00449
6079.36080	0.00431
6077.43207	0.00360
6075.50334	0.00315
6073.57461	0.00307
6071.64588	0.00327
6069.71715	0.00396
6067.78842	0.00432
6065.85969	0.00345
6063.93095	0.00245
6062.00222	0.00240
6060.07349	0.00255
6058.14476	0.00261
6056.21603	0.00306
6054.28730	0.00362
6052.35857	0.00368
6050.42984	0.00313
6048.50110	0.00241
6046.57237	0.00220
6044.64364	0.00271
6042.71491	0.00332
6040.78618	0.00308
6038.85745	0.00230
6036.92872	0.00225
6034.99999	0.00279
6033.07125	0.00306
6031.14252	0.00317
6029.21379	0.00341
6027.28506	0.00340
6025.35633	0.00307
6023.42760	0.00329
6021.49887	0.00427
6019.57014	0.00460
6017.64140	0.00389
6015.71267	0.00338
6013.78394	0.00311
6011.85521	0.00220
6009.92648	0.00132
6007.99775	0.00155
6006.06902	0.00246
6004.14029	0.00333
6002.21156	0.00404
6000.28282	0.00412
5998.35409	0.00354
5996.42536	0.00341
5994.49663	0.00401
5992.56790	0.00441
5990.63917	0.00415
5988.71044	0.00345
5986.78171	0.00270
5984.85297	0.00268
5982.92424	0.00347
5980.99551	0.00398
5979.06678	0.00390
5977.13805	0.00395
5975.20932	0.00382
5973.28059	0.00294
5971.35186	0.00250
5969.42312	0.00318
5967.49439	0.00380
5965.56566	0.00371
5963.63693	0.00331
5961.70820	0.00316
5959.77947	0.00334
5957.85074	0.00352
5955.92201	0.00386
5953.99327	0.00425
5952.06454	0.00398
5950.13581	0.00331
5948.20708	0.00313
5946.27835	0.00327
5944.34962	0.00356
5942.42089	0.00429
5940.49216	0.00482
5938.56342	0.00460
5936.63469	0.00428
5934.70596	0.00425
5932.77723	0.00436
5930.84850	0.00471
5928.91977	0.00487
5926.99104	0.00426
5925.06231	0.00325
5923.13358	0.00261
5921.20484	0.00258
5919.27611	0.00283
5917.34738	0.00323
5915.41865	0.00380
5913.48992	0.00399
5911.56119	0.00357
5909.63246	0.00309
5907.70373	0.00270
5905.77499	0.00239
5903.84626	0.00262
5901.91753	0.00331
5899.98880	0.00358
5898.06007	0.00301
5896.13134	0.00220
5894.20261	0.00211
5892.27388	0.00261
5890.34514	0.00297
5888.41641	0.00320
5886.48768	0.00357
5884.55895	0.00410
5882.63022	0.00449
5880.70149	0.00429
5878.77276	0.00377
5876.84403	0.00364
5874.91529	0.00402
5872.98656	0.00428
5871.05783	0.00396
5869.12910	0.00363
5867.20037	0.00363
5865.27164	0.00335
5863.34291	0.00293
5861.41418	0.00324
5859.48544	0.00392
5857.55671	0.00390
5855.62798	0.00327
5853.69925	0.00281
5851.77052	0.00264
5849.84179	0.00258
5847.91306	0.00255
5845.98433	0.00273
5844.05560	0.00327
5842.12686	0.00359
5840.19813	0.00337
5838.26940	0.00324
5836.34067	0.00341
5834.41194	0.00329
5832.48321	0.00254
5830.55448	0.00193
5828.62575	0.00215
5826.69701	0.00257
5824.76828	0.00248
5822.83955	0.00227
5820.91082	0.00235
5818.98209	0.00251
5817.05336	0.00262
5815.12463	0.00286
5813.19590	0.00308
5811.26716	0.00290
5809.33843	0.00257
5807.40970	0.00242
5805.48097	0.00232
5803.55224	0.00239
5801.62351	0.00243
5799.69478	0.00193
5797.76605	0.00143
5795.83731	0.00162
5793.90858	0.00217
5791.97985	0.00250
5790.05112	0.00232
5788.12239	0.00172
5786.19366	0.00131
5784.26493	0.00134
5782.33620	0.00164
5780.40746	0.00215
5778.47873	0.00255
5776.55000	0.00231
5774.62127	0.00179
5772.69254	0.00172
5770.76381	0.00215
5768.83508	0.00265
5766.90635	0.00269
5764.97762	0.00231
5763.04888	0.00211
5761.12015	0.00216
5759.19142	0.00208
5757.26269	0.00167
5755.33396	0.00106
5753.40523	0.00082
5751.47650	0.00128
5749.54777	0.00194
5747.61903	0.00237
5745.69030	0.00292
5743.76157	0.00354
5741.83284	0.00356
5739.90411	0.00288
5737.97538	0.00214
5736.04665	0.00155
5734.11792	0.00117
5732.18918	0.00095
5730.26045	0.00085
5728.33172	0.00110
5726.40299	0.00155
5724.47426	0.00147
5722.54553	0.00100
5720.61680	0.00098
5718.68807	0.00126
5716.75933	0.00137
5714.83060	0.00144
5712.90187	0.00157
5710.97314	0.00159
5709.04441	0.00152
5707.11568	0.00174
5705.18695	0.00213
5703.25822	0.00219
5701.32948	0.00209
5699.40075	0.00214
5697.47202	0.00205
5695.54329	0.00186
5693.61456	0.00224
5691.68583	0.00316
5689.75710	0.00368
5687.82837	0.00351
5685.89964	0.00297
5683.97090	0.00230
5682.04217	0.00190
5680.11344	0.00172
5678.18471	0.00130
5676.25598	0.00114
5674.32725	0.00173
5672.39852	0.00222
5670.46979	0.00224
5668.54105	0.00234
5666.61232	0.00236
5664.68359	0.00214
5662.75486	0.00213
5660.82613	0.00227
5658.89740	0.00227
5656.96867	0.00229
5655.03994	0.00237
5653.11120	0.00225
5651.18247	0.00204
5649.25374	0.00212
5647.32501	0.00244
5645.39628	0.00266
5643.46755	0.00265
5641.53882	0.00257
5639.61009	0.00274
5637.68135	0.00295
5635.75262	0.00270
5633.82389	0.00232
5631.89516	0.00241
5629.96643	0.00262
5628.03770	0.00256
5626.10897	0.00256
5624.18024	0.00267
5622.25150	0.00236
5620.32277	0.00173
5618.39404	0.00172
5616.46531	0.00252
5614.53658	0.00329
5612.60785	0.00358
5610.67912	0.00340
5608.75039	0.00310
5606.82166	0.00301
5604.89292	0.00285
5602.96419	0.00256
5601.03546	0.00233
5599.10673	0.00182
5597.17800	0.00168
5595.24927	0.00156
5593.32054	0.00148
5591.39181	0.00182
5589.46307	0.00270
5587.53434	0.00350
5585.60561	0.00349
5583.67688	0.00312
5581.74815	0.00305
5579.81942	0.00321
5577.89069	0.00327
5575.96196	0.00312
5574.03322	0.00282
5572.10449	0.00250
5570.17576	0.00232
5568.24703	0.00220
5566.31830	0.00206
5564.38957	0.00196
5562.46084	0.00201
5560.53211	0.00220
5558.60337	0.00232
5556.67464	0.00223
5554.74591	0.00216
5552.81718	0.00222
5550.88845	0.00218
5548.95972	0.00208
5547.03099	0.00216
5545.10226	0.00225
5543.17352	0.00210
5541.24479	0.00176
5539.31606	0.00134
5537.38733	0.00107
5535.45860	0.00124
5533.52987	0.00179
5531.60114	0.00224
5529.67241	0.00229
5527.74368	0.00220
5525.81494	0.00211
5523.88621	0.00186
5521.95748	0.00171
5520.02875	0.00184
5518.10002	0.00188
5516.17129	0.00173
5514.24256	0.00190
5512.31383	0.00234
5510.38509	0.00225
5508.45636	0.00146
5506.52763	0.00077
5504.59890	0.00084
5502.67017	0.00139
5500.74144	0.00186
5498.81271	0.00211
5496.88398	0.00214
5494.95524	0.00159
5493.02651	0.00049
5491.09778	-0.00028
5489.16905	-0.00006
5487.24032	0.00074
5485.31159	0.00157
5483.38286	0.00227
5481.45413	0.00274
5479.52539	0.00249
5477.59666	0.00106
5475.66793	-0.00056
5473.73920	-0.00050
5471.81047	0.00093
5469.88174	0.00173
5467.95301	0.00148
5466.02428	0.00094
5464.09554	0.00032
5462.16681	-0.00026
5460.23808	-0.00025
5458.30935	0.00055
5456.38062	0.00150
5454.45189	0.00190
5452.52316	0.00142
5450.59443	0.00013
5448.66570	-0.00122
5446.73696	-0.00191
5444.80823	-0.00201
5442.87950	-0.00207
5440.95077	-0.00187
5439.02204	-0.00102
5437.09331	-0.00040
5435.16458	-0.00045
5433.23585	-0.00067
5431.30711	-0.00127
5429.37838	-0.00200
5427.44965	-0.00142
5425.52092	0.00024
5423.59219	0.00144
5421.66346	0.00196
5419.73473	0.00226
5417.80600	0.00174
5415.87726	-0.00032
5413.94853	-0.00283
5412.01980	-0.00390
5410.09107	-0.00330
5408.16234	-0.00203
5406.23361	-0.00079
5404.30488	0.00024
5402.37615	0.00121
5400.44741	0.00185
5398.51868	0.00147
5396.58995	-0.00008
5394.66122	-0.00168
5392.73249	-0.00170
5390.80376	-0.00035
5388.87503	0.00038
5386.94630	-0.00013
5385.01756	-0.00045
5383.08883	0.00025
5381.16010	0.00082
5379.23137	0.00008
5377.30264	-0.00133
5375.37391	-0.00182
5373.44518	-0.00097
5371.51645	0.00026
5369.58772	0.00083
5367.65898	0.00044
5365.73025	-0.00044
5363.80152	-0.00100
5361.87279	-0.00074
5359.94406	-0.00013
5358.01533	-0.00030
5356.08660	-0.00183
5354.15787	-0.00352
5352.22913	-0.00362
5350.30040	-0.00265
5348.37167	-0.00278
5346.44294	-0.00439
5344.51421	-0.00541
5342.58548	-0.00478
5340.65675	-0.00422
5338.72802	-0.00446
5336.79928	-0.00396
5334.87055	-0.00247
5332.94182	-0.00132
5331.01309	-0.00123
5329.08436	-0.00194
5327.15563	-0.00218
5325.22690	-0.00105
5323.29817	0.00061
5321.36943	0.00155
5319.44070	0.00159
5317.51197	0.00106
5315.58324	0.00055
5313.65451	0.00055
5311.72578	0.00070
5309.79705	0.00027
5307.86832	-0.00035
5305.93958	-0.00012
5304.01085	0.00068
5302.08212	0.00099
5300.15339	0.00080
5298.22466	0.00069
5296.29593	0.00081
5294.36720	0.00082
5292.43847	0.00028
5290.50974	-0.00034
5288.58100	-0.00025
5286.65227	0.00021
5284.72354	0.00028
5282.79481	0.00009
5280.86608	0.00013
5278.93735	0.00063
5277.00862	0.00147
5275.07989	0.00217
5273.15115	0.00217
5271.22242	0.00132
5269.29369	0.00020
5267.36496	-0.00077
5265.43623	-0.00189
5263.50750	-0.00270
5261.57877	-0.00219
5259.65004	-0.00094
5257.72130	-0.00057
5255.79257	-0.00130
5253.86384	-0.00170
5251.93511	-0.00143
5250.00638	-0.00175
5248.07765	-0.00261
5246.14892	-0.00291
5244.22019	-0.00218
5242.29145	-0.00071
5240.36272	0.00061
5238.43399	0.00097
5236.50526	0.00072
5234.57653	0.00039
5232.64780	0.00001
5230.71907	-0.00044
5228.79034	-0.00097
5226.86160	-0.00166
5224.93287	-0.00191
5223.00414	-0.00132
5221.07541	-0.00086
5219.14668	-0.00105
5217.21795	-0.00086
5215.28922	0.00014
5213.36049	0.00093
5211.43176	0.00044
5209.50302	-0.00134
5207.57429	-0.00315
5205.64556	-0.00326
5203.71683	-0.00166
5201.78810	-0.00024
5199.85937	-0.00012
5197.93064	-0.00074
5196.00191	-0.00106
5194.07317	-0.00080
5192.14444	-0.00043
5190.21571	-0.00048
5188.28698	-0.00100
5186.35825	-0.00159
5184.42952	-0.00161
5182.50079	-0.00090
5180.57206	-0.00010
5178.64332	0.00020
5176.71459	0.00005
5174.78586	-0.00024
5172.85713	-0.00040
5170.92840	-0.00028
5168.99967	0.00015
5167.07094	0.00044
5165.14221	0.00014
5163.21347	-0.00041
5161.28474	-0.00071
5159.35601	-0.00084
5157.42728	-0.00088
5155.49855	-0.00059
5153.56982	-0.00002
5151.64109	0.00033
5149.71236	0.00023
5147.78362	0.00009
5145.85489	0.00010
5143.92616	0.00005
5141.99743	-0.00003
5140.06870	0.00012
5138.13997	0.00045
5136.21124	0.00072
5134.28251	0.00092
5132.35378	0.00096
5130.42504	0.00082
5128.49631	0.00082
5126.56758	0.00099
5124.63885	0.00107
5122.71012	0.00112
5120.78139	0.00116
5118.85266	0.00107
5116.92393	0.00088
5114.99519	0.00073
5113.06646	0.00062
5111.13773	0.00051
5109.20900	0.00053
5107.28027	0.00069
5105.35154	0.00085
5103.42281	0.00094
5101.49408	0.00094
5099.56534	0.00090
5097.63661	0.00101
5095.70788	0.00108
5093.77915	0.00082
5091.85042	0.00043
5089.92169	0.00034
5087.99296	0.00055
5086.06423	0.00079
5084.13549	0.00093
5082.20676	0.00107
5080.27803	0.00126
5078.34930	0.00150
5076.42057	0.00165
5074.49184	0.00159
5072.56311	0.00142
5070.63438	0.00130
5068.70564	0.00130
5066.77691	0.00140
5064.84818	0.00147
5062.91945	0.00137
5060.99072	0.00116
5059.06199	0.00092
5057.13326	0.00086
5055.20453	0.00101
5053.27580	0.00097
5051.34706	0.00079
5049.41833	0.00088
5047.48960	0.00106
5045.56087	0.00111
5043.63214	0.00125
5041.70341	0.00144
5039.77468	0.00130
5037.84595	0.00106
5035.91721	0.00113
5033.98848	0.00125
5032.05975	0.00109
5030.13102	0.00085
5028.20229	0.00077
5026.27356	0.00080
5024.34483	0.00091
5022.41610	0.00104
5020.48736	0.00113
5018.55863	0.00117
5016.62990	0.00109
5014.70117	0.00082
5012.77244	0.00059
5010.84371	0.00070
5008.91498	0.00108
5006.98625	0.00149
5005.05751	0.00167
5003.12878	0.00151
5001.20005	0.00119
4999.27132	0.00090
4997.34259	0.00086
4995.41386	0.00071
4993.48513	0.00028
4991.55640	-0.00005
4989.62766	0.00006
4987.69893	0.00051
4985.77020	0.00103
4983.84147	0.00131
4981.91274	0.00120
4979.98401	0.00093
4978.05528	0.00083
4976.12655	0.00097
4974.19782	0.00115
4972.26908	0.00119
4970.34035	0.00118
4968.41162	0.00115
4966.48289	0.00093
4964.55416	0.00070
4962.62543	0.00077
4960.69670	0.00106
4958.76797	0.00121
4956.83923	0.00092
4954.91050	0.00048
4952.98177	0.00030
4951.05304	0.00029
4949.12431	0.00042
4947.19558	0.00070
4945.26685	0.00084
4943.33812	0.00080
4941.40938	0.00069
4939.48065	0.00059
4937.55192	0.00063
4935.62319	0.00067
4933.69446	0.00064
4931.76573	0.00065
4929.83700	0.00069
4927.90827	0.00065
4925.97953	0.00057
4924.05080	0.00062
4922.12207	0.00085
4920.19334	0.00104
4918.26461	0.00113
4916.33588	0.00124
4914.40715	0.00129
4912.47842	0.00113
4910.54968	0.00098
4908.62095	0.00105
4906.69222	0.00110
4904.76349	0.00085
4902.83476	0.00056
4900.90603	0.00065
4898.97730	0.00092
4897.04857	0.00099
4895.11984	0.00103
4893.19110	0.00128
4891.26237	0.00149
4889.33364	0.00151
4887.40491	0.00144
4885.47618	0.00140
4883.54745	0.00138
4881.61872	0.00120
4879.68999	0.00102
4877.76125	0.00112
4875.83252	0.00126
4873.90379	0.00113
4871.97506	0.00093
4870.04633	0.00087
4868.11760	0.00089
4866.18887	0.00098
4864.26014	0.00107
4862.33140	0.00104
4860.40267	0.00094
4858.47394	0.00078
4856.54521	0.00062
4854.61648	0.00062
4852.68775	0.00066
4850.75902	0.00057
4848.83029	0.00048
4846.90155	0.00052
4844.97282	0.00060
4843.04409	0.00079
4841.11536	0.00103
4839.18663	0.00102
4837.25790	0.00078
4835.32917	0.00062
4833.40044	0.00064
4831.47170	0.00054
4829.54297	0.00012
4827.61424	-0.00009
4825.68551	0.00029
4823.75678	0.00072
4821.82805	0.00071
4819.89932	0.00056
4817.97059	0.00053
4816.04186	0.00047
4814.11312	0.00031
4812.18439	0.00021
4810.25566	0.00021
4808.32693	0.00026
4806.39820	0.00029
4804.46947	0.00021
4802.54074	0.00011
4800.61201	0.00019
4798.68327	0.00034
4796.75454	0.00047
4794.82581	0.00071
4792.89708	0.00095
4790.96835	0.00095
4789.03962	0.00060
4787.11089	0.00012
4785.18216	0.00002
4783.25342	0.00025
4781.32469	0.00031
4779.39596	0.00019
4777.46723	0.00014
4775.53850	0.00010
4773.60977	0.00008
4771.68104	0.00018
4769.75231	0.00036
4767.82357	0.00051
4765.89484	0.00043
4763.96611	0.00006
4762.03738	-0.00017
4760.10865	0.00001
4758.17992	0.00021
4756.25119	0.00005
4754.32246	-0.00043
4752.39372	-0.00075
4750.46499	-0.00061
4748.53626	-0.00032
4746.60753	-0.00018
4744.67880	-0.00020
4742.75007	-0.00043
4740.82134	-0.00060
4738.89261	-0.00043
4736.96388	-0.00025
4735.03514	-0.00046
4733.10641	-0.00084
4731.17768	-0.00097
4729.24895	-0.00093
4727.32022	-0.00087
4725.39149	-0.00071
4723.46276	-0.00060
4721.53403	-0.00051
4719.60529	-0.00034
4717.67656	-0.00031
4715.74783	-0.00056
4713.81910	-0.00080
4711.89037	-0.00090
4709.96164	-0.00092
4708.03291	-0.00080
4706.10418	-0.00068
4704.17544	-0.00072
4702.24671	-0.00076
4700.31798	-0.00068
4698.38925	-0.00057
4696.46052	-0.00066
4694.53179	-0.00089
4692.60306	-0.00094
4690.67433	-0.00066
4688.74559	-0.00020
4686.81686	0.00014
4684.88813	0.00012
4682.95940	-0.00010
4681.03067	-0.00020
4679.10194	-0.00020
4677.17321	-0.00021
4675.24448	-0.00024
4673.31574	-0.00034
4671.38701	-0.00029
4669.45828	0.00003
4667.52955	0.00024
4665.60082	0.00022
4663.67209	0.00018
4661.74336	0.00013
4659.81463	0.00002
4657.88590	-0.00003
4655.95716	-0.00014
4654.02843	-0.00032
4652.09970	-0.00031
4650.17097	-0.00004
4648.24224	0.00019
4646.31351	0.00024
4644.38478	0.00025
4642.45605	0.00019
4640.52731	0.00005
4638.59858	0.00014
4636.66985	0.00055
4634.74112	0.00077
4632.81239	0.00068
4630.88366	0.00060
4628.95493	0.00054
4627.02620	0.00030
4625.09746	0.00004
4623.16873	-0.00001
4621.24000	0.00014
4619.31127	0.00027
4617.38254	0.00038
4615.45381	0.00052
4613.52508	0.00043
4611.59635	0.00016
4609.66761	0.00021
4607.73888	0.00059
4605.81015	0.00085
4603.88142	0.00093
4601.95269	0.00101
4600.02396	0.00109
4598.09523	0.00113
4596.16650	0.00109
4594.23776	0.00096
4592.30903	0.00080
4590.38030	0.00069
4588.45157	0.00058
4586.52284	0.00042
4584.59411	0.00029
4582.66538	0.00032
4580.73665	0.00043
4578.80792	0.00057
4576.87918	0.00068
4574.95045	0.00076
4573.02172	0.00078
4571.09299	0.00069
4569.16426	0.00059
4567.23553	0.00053
4565.30680	0.00051
4563.37807	0.00056
4561.44933	0.00059
4559.52060	0.00052
4557.59187	0.00038
4555.66314	0.00017
4553.73441	-0.00001
4551.80568	0.00000
4549.87695	0.00031
4547.94822	0.00077
4546.01948	0.00107
4544.09075	0.00100
4542.16202	0.00073
4540.23329	0.00072
4538.30456	0.00098
4536.37583	0.00102
4534.44710	0.00069
4532.51837	0.00033
4530.58963	0.00022
4528.66090	0.00035
4526.73217	0.00049
4524.80344	0.00050
4522.87471	0.00053
4520.94598	0.00060
4519.01725	0.00064
4517.08852	0.00061
4515.15978	0.00048
4513.23105	0.00037
4511.30232	0.00033
4509.37359	0.00023
4507.44486	0.00006
4505.51613	-0.00011
4503.58740	-0.00018
4501.65867	-0.00010
4499.72994	0.00005
4497.80120	0.00003
4495.87247	-0.00009
4493.94374	-0.00008
4492.01501	-0.00000
4490.08628	-0.00003
4488.15755	-0.00013
4486.22882	-0.00013
4484.30009	0.00010
4482.37135	0.00036
4480.44262	0.00036
4478.51389	0.00016
4476.58516	0.00005
4474.65643	-0.00001
4472.72770	-0.00018
4470.79897	-0.00023
4468.87024	-0.00009
4466.94150	0.00004
4465.01277	0.00017
4463.08404	0.00029
4461.15531	0.00033
4459.22658	0.00037
4457.29785	0.00033
4455.36912	0.00014
4453.44039	-0.00003
4451.51165	-0.00004
4449.58292	0.00012
4447.65419	0.00032
4445.72546	0.00040
4443.79673	0.00029
4441.86800	0.00004
4439.93927	-0.00002
4438.01054	0.00028
4436.08180	0.00051
4434.15307	0.00034
4432.22434	0.00011
4430.29561	0.00021
4428.36688	0.00037
4426.43815	0.00031
4424.50942	0.00019
4422.58069	0.00011
4420.65196	-0.00002
4418.72322	-0.00019
4416.79449	-0.00017
4414.86576	0.00015
4412.93703	0.00046
4411.00830	0.00048
4409.07957	0.00026
4407.15084	0.00014
4405.22211	0.00015
4403.29337	0.00002
4401.36464	-0.00017
4399.43591	-0.00016
4397.50718	-0.00011
4395.57845	-0.00020
4393.64972	-0.00033
4391.72099	-0.00026
4389.79226	-0.00005
4387.86352	0.00009
4385.93479	0.00022
4384.00606	0.00034
4382.07733	0.00034
4380.14860	0.00031
4378.21987	0.00023
4376.29114	-0.00009
4374.36241	-0.00052
4372.43367	-0.00070
4370.50494	-0.00057
4368.57621	-0.00039
4366.64748	-0.00022
4364.71875	0.00000
4362.79002	0.00015
4360.86129	0.00024
4358.93256	0.00033
4357.00382	0.00026
4355.07509	0.00017
4353.14636	0.00026
4351.21763	0.00030
4349.28890	0.00016
4347.36017	0.00010
4345.43144	0.00028
4343.50271	0.00048
4341.57398	0.00048
4339.64524	0.00028
4337.71651	0.00009
4335.78778	0.00003
4333.85905	-0.00002
4331.93032	-0.00008
4330.00159	0.00008
4328.07286	0.00024
4326.14413	0.00006
4324.21539	-0.00026
4322.28666	-0.00045
4320.35793	-0.00047
4318.42920	-0.00040
4316.50047	-0.00024
4314.57174	-0.00006
4312.64301	-0.00006
4310.71428	-0.00026
4308.78554	-0.00039
4306.85681	-0.00041
4304.92808	-0.00032
4302.99935	-0.00024
4301.07062	-0.00028
4299.14189	-0.00040
4297.21316	-0.00040
4295.28443	-0.00030
4293.35569	-0.00028
4291.42696	-0.00032
4289.49823	-0.00017
4287.56950	0.00009
4285.64077	0.00012
4283.71204	-0.00003
4281.78331	-0.00013
4279.85458	-0.00009
4277.92584	-0.00001
4275.99711	-0.00006
4274.06838	-0.00016
4272.13965	-0.00021
4270.21092	-0.00022
4268.28219	-0.00011
4266.35346	0.00003
4264.42473	0.00000
4262.49600	-0.00011
4260.56726	-0.00023
4258.63853	-0.00034
4256.70980	-0.00027
4254.78107	-0.00006
4252.85234	0.00007
4250.92361	0.00006
4248.99488	0.00002
4247.06615	-0.00005
4245.13741	-0.00019
4243.20868	-0.00031
4241.27995	-0.00037
4239.35122	-0.00046
4237.42249	-0.00060
4235.49376	-0.00062
4233.56503	-0.00045
4231.63630	-0.00039
4229.70756	-0.00061
4227.77883	-0.00080
4225.85010	-0.00070
4223.92137	-0.00044
4221.99264	-0.00041
4220.06391	-0.00075
4218.13518	-0.00106
4216.20645	-0.00095
4214.27771	-0.00062
4212.34898	-0.00045
4210.42025	-0.00047
4208.49152	-0.00049
4206.56279	-0.00051
4204.63406	-0.00058
4202.70533	-0.00059
4200.77660	-0.00050
4198.84786	-0.00048
4196.91913	-0.00052
4194.99040	-0.00065
4193.06167	-0.00083
4191.13294	-0.00088
4189.20421	-0.00076
4187.27548	-0.00060
4185.34675	-0.00059
4183.41802	-0.00088
4181.48928	-0.00118
4179.56055	-0.00115
4177.63182	-0.00099
4175.70309	-0.00100
4173.77436	-0.00103
4171.84563	-0.00095
4169.91690	-0.00092
4167.98817	-0.00102
4166.05943	-0.00109
4164.13070	-0.00112
4162.20197	-0.00121
4160.27324	-0.00127
4158.34451	-0.00128
4156.41578	-0.00137
4154.48705	-0.00150
4152.55832	-0.00150
4150.62958	-0.00150
4148.70085	-0.00152
4146.77212	-0.00145
4144.84339	-0.00145
4142.91466	-0.00164
4140.98593	-0.00190
4139.05720	-0.00209
4137.12847	-0.00226
4135.19973	-0.00248
4133.27100	-0.00253
4131.34227	-0.00231
4129.41354	-0.00205
4127.48481	-0.00196
4125.55608	-0.00208
4123.62735	-0.00218
4121.69862	-0.00218
4119.76988	-0.00223
4117.84115	-0.00227
4115.91242	-0.00219
4113.98369	-0.00211
4112.05496	-0.00220
4110.12623	-0.00249
4108.19750	-0.00307
4106.26877	-0.00363
4104.34004	-0.00343
4102.41130	-0.00266
4100.48257	-0.00222
4098.55384	-0.00225
4096.62511	-0.00239
4094.69638	-0.00241
4092.76765	-0.00241
4090.83892	-0.00272
4088.91019	-0.00326
4086.98145	-0.00340
4085.05272	-0.00304
4083.12399	-0.00287
4081.19526	-0.00320
4079.26653	-0.00345
4077.33780	-0.00313
4075.40907	-0.00272
4073.48034	-0.00263
4071.55160	-0.00266
4069.62287	-0.00266
4067.69414	-0.00265
4065.76541	-0.00271
4063.83668	-0.00294
4061.90795	-0.00330
4059.97922	-0.00348
4058.05049	-0.00326
4056.12175	-0.00303
4054.19302	-0.00310
4052.26429	-0.00326
4050.33556	-0.00327
4048.40683	-0.00360
4046.47810	-0.00484
4044.54937	-0.00570
4042.62064	-0.00485
4040.69190	-0.00354
4038.76317	-0.00312
4036.83444	-0.00326
4034.90571	-0.00344
4032.97698	-0.00363
4031.04825	-0.00381
4029.11952	-0.00421
4027.19079	-0.00497
4025.26206	-0.00538
4023.33332	-0.00501
4021.40459	-0.00490
4019.47586	-0.00526
4017.54713	-0.00501
4015.61840	-0.00436
4013.68967	-0.00423
4011.76094	-0.00494
4009.83221	-0.00608
4007.90347	-0.00632
4005.97474	-0.00531
4004.04601	-0.00435
4002.11728	-0.00396
4000.18855	-0.00380
3998.25982	-0.00453
3996.33109	-0.00481
3994.40236	-0.00496
3992.47362	-0.00510
3990.54489	-0.00518
3988.61616	-0.00530
3986.68743	-0.00549
3984.75870	-0.00563
3982.82997	-0.00570
3980.90124	-0.00570
3978.97251	-0.00556
3977.04377	-0.00532
3975.11504	-0.00525
3973.18631	-0.00537
3971.25758	-0.00546
3969.32885	-0.00546
3967.40012	-0.00549
3965.47139	-0.00565
3963.54266	-0.00597
3961.61392	-0.00623
3959.68519	-0.00621
3957.75646	-0.00600
3955.82773	-0.00580
3953.89900	-0.00571
3951.97027	-0.00602
3950.04154	-0.00695
3948.11281	-0.00789
3946.18408	-0.00788
3944.25534	-0.00718
3942.32661	-0.00678
3940.39788	-0.00675
3938.46915	-0.00680
3936.54042	-0.00729
3934.61169	-0.00841
3932.68296	-0.00932
3930.75423	-0.00913
3928.82549	-0.00824
3926.89676	-0.00755
3924.96803	-0.00746
3923.03930	-0.00793
3921.11057	-0.00857
3919.18184	-0.00929
3917.25311	-0.00966
3915.32438	-0.00922
3913.39564	-0.00853
3911.46691	-0.00829
3909.53818	-0.00840
3907.60945	-0.00858
3905.68072	-0.00925
3903.75199	-0.01061
3901.82326	-0.01142
3899.89453	-0.01119
3897.96579	-0.01124
3896.03706	-0.01185
3894.10833	-0.01232
3892.17960	-0.01268
3890.25087	-0.01317
3888.32214	-0.01357
3886.39341	-0.01386
3884.46468	-0.01411
3882.53594	-0.01463
3880.60721	-0.01527
3878.67848	-0.01561
3876.74975	-0.01557
3874.82102	-0.01569
3872.89229	-0.01618
3870.96356	-0.01676
3869.03483	-0.01721
3867.10610	-0.01745
3865.17736	-0.01751
3863.24863	-0.01785
3861.31990	-0.01863
3859.39117	-0.01956
3857.46244	-0.02036
3855.53371	-0.02024
3853.60498	-0.01863
3851.67625	-0.01747
3849.74751	-0.01788
3847.81878	-0.01874
3845.89005	-0.01879
3843.96132	-0.01853
3842.03259	-0.01866
3840.10386	-0.01887
3838.17513	-0.01883
3836.24640	-0.01859
3834.31766	-0.01853
3832.38893	-0.01876
3830.46020	-0.01891
3828.53147	-0.01901
3826.60274	-0.01918
3824.67401	-0.01927
3822.74528	-0.01915
3820.81655	-0.01924
3818.88781	-0.01942
3816.95908	-0.01902
3815.03035	-0.01823
3813.10162	-0.01765
3811.17289	-0.01733
3809.24416	-0.01704
3807.31543	-0.01706
3805.38670	-0.01729
3803.45796	-0.01718
3801.52923	-0.01679
3799.60050	-0.01655
3797.67177	-0.01617
3795.74304	-0.01542
3793.81431	-0.01435
3791.88558	-0.01354
3789.95685	-0.01326
3788.02812	-0.01326
3786.09938	-0.01324
3784.17065	-0.01318
3782.24192	-0.01287
3780.31319	-0.01253
3778.38446	-0.01268
3776.45573	-0.01310
3774.52700	-0.01334
3772.59827	-0.01348
3770.66953	-0.01401
3768.74080	-0.01493
3766.81207	-0.01570
3764.88334	-0.01633
3762.95461	-0.01703
3761.02588	-0.01787
3759.09715	-0.01914
3757.16842	-0.02073
3755.23968	-0.02178
3753.31095	-0.02238
3751.38222	-0.02387
3749.45349	-0.02619
3747.52476	-0.02741
3745.59603	-0.02758
3743.66730	-0.02640
3741.73857	-0.02482
3739.80983	-0.02394
3737.88110	-0.02322
3735.95237	-0.02242
3734.02364	-0.02155
3732.09491	-0.02028
3730.16618	-0.01888
3728.23745	-0.01779
3726.30872	-0.01684
3724.37998	-0.01557
3722.45125	-0.01372
3720.52252	-0.01151
3718.59379	-0.00955
3716.66506	-0.00781
3714.73633	-0.00575
3712.80760	-0.00318
3710.87887	-0.00100
3708.95014	0.00056
3707.02140	0.00244
3705.09267	0.00494
3703.16394	0.00765
3701.23521	0.00984
3699.30648	0.01121
3697.37775	0.01222
3695.44902	0.01326
3693.52029	0.01464
3691.59155	0.01646
3689.66282	0.01811
3687.73409	0.01914
3685.80536	0.01995
3683.87663	0.02089
3681.94790	0.02230
3680.01917	0.02431
3678.09044	0.02678
3676.16170	0.02994
3674.23297	0.03314
3672.30424	0.03582
3670.37551	0.03808
3668.44678	0.03989
3666.51805	0.04148
3664.58932	0.04352
3662.66059	0.04614
3660.73185	0.04874
3658.80312	0.05083
3656.87439	0.05240
3654.94566	0.05378
3653.01693	0.05557
3651.08820	0.05765
3649.15947	0.05898
3647.23074	0.06021
3645.30200	0.06184
3643.37327	0.06354
3641.44454	0.06546
3639.51581	0.06746
3637.58708	0.06915
3635.65835	0.07065
3633.72962	0.07239
3631.80089	0.07441
3629.87216	0.07653
3627.94342	0.07843
3626.01469	0.07977
3624.08596	0.08095
3622.15723	0.08262
3620.22850	0.08450
3618.29977	0.08544
3616.37104	0.08551
3614.44231	0.08584
3612.51357	0.08670
3610.58484	0.08779
3608.65611	0.08933
3606.72738	0.09135
3604.79865	0.09343
3602.86992	0.09511
3600.94119	0.09627
3599.01246	0.09715
3597.08372	0.09816
3595.15499	0.09930
3593.22626	0.10037
3591.29753	0.10146
3589.36880	0.10276
3587.44007	0.10416
3585.51134	0.10560
3583.58261	0.10697
3581.65387	0.10819
3579.72514	0.10942
3577.79641	0.11067
3575.86768	0.11175
3573.93895	0.11260
3572.01022	0.11337
3570.08149	0.11404
3568.15276	0.11454
3566.22402	0.11528
3564.29529	0.11654
3562.36656	0.11794
3560.43783	0.11928
3558.50910	0.12051
3556.58037	0.12154
3554.65164	0.12233
3552.72291	0.12296
3550.79418	0.12332
3548.86544	0.12330
3546.93671	0.12342
3545.00798	0.12442
3543.07925	0.12598
3541.15052	0.12728
3539.22179	0.12814
3537.29306	0.12883
3535.36433	0.12949
3533.43559	0.13015
3531.50686	0.13063
3529.57813	0.13073
3527.64940	0.13055
3525.72067	0.13084
3523.79194	0.13187
3521.86321	0.13300
3519.93448	0.13386
3518.00574	0.13455
3516.07701	0.13510
3514.14828	0.13558
3512.21955	0.13595
3510.29082	0.13616
3508.36209	0.13624
3506.43336	0.13647
3504.50463	0.13692
3502.57589	0.13743
3500.64716	0.13805
3498.71843	0.13896
3496.78970	0.13984
3494.86097	0.14037
3492.93224	0.14074
3491.00351	0.14123
3489.07478	0.14186
3487.14604	0.14240
3485.21731	0.14276
3483.28858	0.14308
3481.35985	0.14348
3479.43112	0.14400
3477.50239	0.14450
3475.57366	0.14484
3473.64493	0.14511
3471.71620	0.14551
3469.78746	0.14593
3467.85873	0.14617
3465.93000	0.14629
3464.00127	0.14646
3462.07254	0.14666
3460.14381	0.14684
3458.21508	0.14709
3456.28635	0.14739
3454.35761	0.14772
3452.42888	0.14794
3450.50015	0.14810
3448.57142	0.14839
3446.64269	0.14848
3444.71396	0.14828
3442.78523	0.14818
3440.85650	0.14842
3438.92776	0.14871
3436.99903	0.14883
3435.07030	0.14886
3433.14157	0.14891
3431.21284	0.14893
3429.28411	0.14884
3427.35538	0.14878
3425.42665	0.14873
3423.49791	0.14855
3421.56918	0.14829
3419.64045	0.14827
3417.71172	0.14860
3415.78299	0.14890
3413.85426	0.14885
3411.92553	0.14851
3409.99680	0.14827
3408.06806	0.14810
3406.13933	0.14784
3404.21060	0.14754
3402.28187	0.14748
3400.35314	0.14729
3398.42441	0.14600
3396.49568	0.14531
3394.56695	0.14494
3392.63822	0.14472
3390.70948	0.14485
3388.78075	0.14501
3386.85202	0.14477
3384.92329	0.14438
3382.99456	0.14426
3381.06583	0.14426
3379.13710	0.14399
3377.20837	0.14336
3375.27963	0.14268
3373.35090	0.14224
3371.42217	0.14189
3369.49344	0.14136
3367.56471	0.14059
3365.63598	0.13985
3363.70725	0.13933
3361.77852	0.13902
3359.84978	0.13879
3357.92105	0.13845
3355.99232	0.13807
3354.06359	0.13778
3352.13486	0.13741
3350.20613	0.13684
3348.27740	0.13627
3346.34867	0.13575
3344.41993	0.13523
3342.49120	0.13465
3340.56247	0.13400
3338.63374	0.13320
3336.70501	0.13230
3334.77628	0.13163
3332.84755	0.13124
3330.91882	0.13076
3328.99008	0.13005
3327.06135	0.12934
3325.13262	0.12877
3323.20389	0.12830
3321.27516	0.12787
3319.34643	0.12737
3317.41770	0.12675
3315.48897	0.12603
3313.56024	0.12514
3311.63150	0.12403
3309.70277	0.12283
3307.77404	0.12202
3305.84531	0.12170
3303.91658	0.12132
3301.98785	0.12058
3300.05912	0.11958
3298.13039	0.11852
3296.20165	0.11753
3294.27292	0.11665
3292.34419	0.11585
3290.41546	0.11513
3288.48673	0.11444
3286.55800	0.11367
3284.62927	0.11285
3282.70054	0.11201
3280.77180	0.11110
3278.84307	0.10998
3276.91434	0.10868
3274.98561	0.10749
3273.05688	0.10673
3271.12815	0.10629
3269.19942	0.10567
3267.27069	0.10459
3265.34195	0.10336
3263.41322	0.10239
3261.48449	0.10147
3259.55576	0.10035
3257.62703	0.09916
3255.69830	0.09799
3253.76957	0.09695
3251.84084	0.09616
3249.91210	0.09538
3247.98337	0.09423
3246.05464	0.09282
3244.12591	0.09168
3242.19718	0.09080
3240.26845	0.08979
3238.33972	0.08868
3236.41099	0.08765
3234.48226	0.08662
3232.55352	0.08552
3230.62479	0.08439
3228.69606	0.08324
3226.76733	0.08215
3224.83860	0.08122
3222.90987	0.08026
3220.98114	0.07905
3219.05241	0.07772
3217.12367	0.07655
3215.19494	0.07557
3213.26621	0.07464
3211.33748	0.07364
3209.40875	0.07265
3207.48002	0.07190
3205.55129	0.07116
3203.62256	0.07017
3201.69382	0.06907
3199.76509	0.06801
3197.83636	0.06703
3195.90763	0.06622
3193.97890	0.06542
3192.05017	0.06451
3190.12144	0.06358
3188.19271	0.06255
3186.26397	0.06137
3184.33524	0.06035
3182.40651	0.05955
3180.47778	0.05858
3178.54905	0.05751
3176.62032	0.05679
3174.69159	0.05625
3172.76286	0.05558
3170.83412	0.05473
3168.90539	0.05377
3166.97666	0.05280
3165.04793	0.05196
3163.11920	0.05129
3161.19047	0.05067
3159.26174	0.04996
3157.33301	0.04917
3155.40428	0.04833
3153.47554	0.04749
3151.54681	0.04672
3149.61808	0.04596
3147.68935	0.04521
3145.76062	0.04450
3143.83189	0.04384
3141.90316	0.04324
3139.97443	0.04264
3138.04569	0.04202
3136.11696	0.04132
3134.18823	0.04051
3132.25950	0.03976
3130.33077	0.03925
3128.40204	0.03879
3126.47331	0.03815
3124.54458	0.03739
3122.61584	0.03676
3120.68711	0.03638
3118.75838	0.03614
3116.82965	0.03601
3114.90092	0.03598
3112.97219	0.03610
3111.04346	0.03641
3109.11473	0.03677
3107.18599	0.03695
3105.25726	0.03694
3103.32853	0.03685
3101.39980	0.03696
3099.47107	0.03739
3097.54234	0.03785
3095.61361	0.03828
3093.68488	0.03900
3091.75614	0.03994
3089.82741	0.04068
3087.89868	0.04117
3085.96995	0.04163
3084.04122	0.04211
3082.11249	0.04249
3080.18376	0.04287
3078.25503	0.04348
3076.32630	0.04425
3074.39756	0.04497
3072.46883	0.04546
3070.54010	0.04557
3068.61137	0.04545
3066.68264	0.04547
3064.75391	0.04593
3062.82518	0.04660
3060.89645	0.04696
3058.96771	0.04695
3057.03898	0.04699
3055.11025	0.04734
3053.18152	0.04767
3051.25279	0.04762
3049.32406	0.04733
3047.39533	0.04721
3045.46660	0.04725
3043.53786	0.04725
3041.60913	0.04714
3039.68040	0.04686
3037.75167	0.04633
3035.82294	0.04569
3033.89421	0.04504
3031.96548	0.04459
3030.03675	0.04447
3028.10801	0.04438
3026.17928	0.04407
3024.25055	0.04370
3022.32182	0.04339
3020.39309	0.04292
3018.46436	0.04223
3016.53563	0.04164
3014.60690	0.04133
3012.67816	0.04120
3010.74943	0.04124
3008.82070	0.04140
3006.89197	0.04143
3004.96324	0.04138
3003.03451	0.04149
3001.10578	0.04172
2999.17705	0.04203
2997.24832	0.04208
2995.31958	0.04208
2993.39085	0.04231
2991.46212	0.04287
2989.53339	0.04343
2987.60466	0.04395
2985.67593	0.04458
2983.74720	0.04512
2981.81847	0.04553
2979.88973	0.04593
2977.96100	0.04633
2976.03227	0.04671
2974.10354	0.04719
2972.17481	0.04783
2970.24608	0.04840
2968.31735	0.04879
2966.38862	0.04917
2964.45988	0.04964
2962.53115	0.05019
2960.60242	0.05073
2958.67369	0.05114
2956.74496	0.05142
2954.81623	0.05168
2952.88750	0.05203
2950.95877	0.05242
2949.03003	0.05287
2947.10130	0.05345
2945.17257	0.05414
2943.24384	0.05484
2941.31511	0.05548
2939.38638	0.05598
2937.45765	0.05638
2935.52892	0.05686
2933.60018	0.05749
2931.67145	0.05818
2929.74272	0.05879
2927.81399	0.05926
2925.88526	0.05965
2923.95653	0.05990
2922.02780	0.05985
2920.09907	0.05948
2918.17034	0.05882
2916.24160	0.05798
2914.31287	0.05714
2912.38414	0.05635
2910.45541	0.05557
2908.52668	0.05476
2906.59795	0.05397
2904.66922	0.05331
2902.74049	0.05276
2900.81175	0.05229
2898.88302	0.05190
2896.95429	0.05155
2895.02556	0.05118
2893.09683	0.05073
2891.16810	0.05022
2889.23937	0.04974
2887.31064	0.04939
2885.38190	0.04907
2883.45317	0.04871
2881.52444	0.04844
2879.59571	0.04833
2877.66698	0.04820
2875.73825	0.04799
2873.80952	0.04784
2871.88079	0.04769
2869.95205	0.04746
2868.02332	0.04716
2866.09459	0.04691
2864.16586	0.04685
2862.23713	0.04701
2860.30840	0.04719
2858.37967	0.04731
2856.45094	0.04749
2854.52220	0.04766
2852.59347	0.04753
2850.66474	0.04696
2848.73601	0.04596
2846.80728	0.04460
2844.87855	0.04316
2842.94982	0.04190
2841.02109	0.04087
2839.09236	0.04004
2837.16362	0.03928
2835.23489	0.03852
2833.30616	0.03784
2831.37743	0.03730
2829.44870	0.03688
2827.51997	0.03650
2825.59124	0.03617
2823.66251	0.03576
2821.73377	0.03520
2819.80504	0.03466
2817.87631	0.03430
2815.94758	0.03399
2814.01885	0.03362
2812.09012	0.03323
2810.16139	0.03285
2808.23266	0.03243
2806.30392	0.03199
2804.37519	0.03156
2802.44646	0.03114
2800.51773	0.03073
2798.58900	0.03037
2796.66027	0.03008
2794.73154	0.02981
2792.80281	0.02950
2790.87407	0.02919
2788.94534	0.02884
2787.01661	0.02848
2785.08788	0.02816
2783.15915	0.02788
2781.23042	0.02760
2779.30169	0.02730
2777.37296	0.02697
2775.44422	0.02669
2773.51549	0.02649
2771.58676	0.02629
2769.65803	0.02604
2767.72930	0.02575
2765.80057	0.02552
2763.87184	0.02542
2761.94311	0.02534
2760.01438	0.02524
2758.08564	0.02509
2756.15691	0.02484
2754.22818	0.02460
2752.29945	0.02447
2750.37072	0.02435
2748.44199	0.02416
2746.51326	0.02391
2744.58453	0.02360
2742.65579	0.02328
2740.72706	0.02303
2738.79833	0.02284
2736.86960	0.02265
2734.94087	0.02240
2733.01214	0.02205
2731.08341	0.02173
2729.15468	0.02149
2727.22594	0.02125
2725.29721	0.02095
2723.36848	0.02065
2721.43975	0.02035
2719.51102	0.02007
2717.58229	0.01980
2715.65356	0.01955
2713.72483	0.01936
2711.79609	0.01920
2709.86736	0.01899
2707.93863	0.01867
2706.00990	0.01835
2704.08117	0.01805
2702.15244	0.01774
2700.22371	0.01743
2698.29498	0.01720
2696.36624	0.01700
2694.43751	0.01676
2692.50878	0.01648
2690.58005	0.01618
2688.65132	0.01589
2686.72259	0.01570
2684.79386	0.01552
2682.86513	0.01525
2680.93640	0.01499
2679.00766	0.01486
2677.07893	0.01473
2675.15020	0.01445
2673.22147	0.01408
2671.29274	0.01376
2669.36401	0.01351
2667.43528	0.01325
2665.50655	0.01298
2663.57781	0.01273
2661.64908	0.01249
2659.72035	0.01225
2657.79162	0.01197
2655.86289	0.01169
2653.93416	0.01149
2652.00543	0.01134
2650.07670	0.01123
2648.14796	0.01115
2646.21923	0.01107
2644.29050	0.01099
2642.36177	0.01089
2640.43304	0.01075
2638.50431	0.01063
2636.57558	0.01053
2634.64685	0.01044
2632.71811	0.01038
2630.78938	0.01029
2628.86065	0.01017
2626.93192	0.01012
2625.00319	0.01010
2623.07446	0.01004
2621.14573	0.00995
2619.21700	0.00984
2617.28826	0.00981
2615.35953	0.00980
2613.43080	0.00974
2611.50207	0.00966
2609.57334	0.00956
2607.64461	0.00947
2605.71588	0.00943
2603.78715	0.00931
2601.85842	0.00911
2599.92968	0.00899
2598.00095	0.00894
2596.07222	0.00887
2594.14349	0.00881
2592.21476	0.00874
2590.28603	0.00861
2588.35730	0.00844
2586.42857	0.00826
2584.49983	0.00808
2582.57110	0.00794
2580.64237	0.00780
2578.71364	0.00767
2576.78491	0.00756
2574.85618	0.00746
2572.92745	0.00739
2570.99872	0.00734
2569.06998	0.00721
2567.14125	0.00706
2565.21252	0.00703
2563.28379	0.00697
2561.35506	0.00680
2559.42633	0.00670
2557.49760	0.00672
2555.56887	0.00666
2553.64013	0.00653
2551.71140	0.00648
2549.78267	0.00659
2547.85394	0.00666
2545.92521	0.00671
2543.99648	0.00681
2542.06775	0.00687
2540.13902	0.00683
2538.21028	0.00684
2536.28155	0.00695
2534.35282	0.00711
2532.42409	0.00723
2530.49536	0.00729
2528.56663	0.00737
2526.63790	0.00746
2524.70917	0.00757
2522.78044	0.00773
2520.85170	0.00795
2518.92297	0.00817
2516.99424	0.00837
2515.06551	0.00859
2513.13678	0.00883
2511.20805	0.00899
2509.27932	0.00908
2507.35059	0.00915
2505.42185	0.00915
2503.49312	0.00912
2501.56439	0.00912
2499.63566	0.00910
2497.70693	0.00899
2495.77820	0.00878
2493.84947	0.00852
2491.92074	0.00827
2489.99200	0.00796
2488.06327	0.00756
2486.13454	0.00710
2484.20581	0.00664
2482.27708	0.00618
2480.34835	0.00569
2478.41962	0.00517
2476.49089	0.00465
2474.56215	0.00411
2472.63342	0.00357
2470.70469	0.00315
2468.77596	0.00277
2466.84723	0.00230
2464.91850	0.00178
2462.98977	0.00132
2461.06104	0.00093
2459.13230	0.00056
2457.20357	0.00018
2455.27484	-0.00020
2453.34611	-0.00057
2451.41738	-0.00090
2449.48865	-0.00122
2447.55992	-0.00157
2445.63119	-0.00195
2443.70246	-0.00224
2441.77372	-0.00249
2439.84499	-0.00273
2437.91626	-0.00298
2435.98753	-0.00317
2434.05880	-0.00334
2432.13007	-0.00355
2430.20134	-0.00385
2428.27261	-0.00419
2426.34387	-0.00439
2424.41514	-0.00441
2422.48641	-0.00440
2420.55768	-0.00448
2418.62895	-0.00457
2416.70022	-0.00459
2414.77149	-0.00458
2412.84276	-0.00455
2410.91402	-0.00454
2408.98529	-0.00460
2407.05656	-0.00466
2405.12783	-0.00469
2403.19910	-0.00471
2401.27037	-0.00474
2399.34164	-0.00487
2397.41291	-0.00485
2395.48417	-0.00474
2393.55544	-0.00466
2391.62671	-0.00457
2389.69798	-0.00443
2387.76925	-0.00425
2385.84052	-0.00407
2383.91179	-0.00401
2381.98306	-0.00417
2380.05432	-0.00458
2378.12559	-0.00506
2376.19686	-0.00532
2374.26813	-0.00500
2372.33940	-0.00421
2370.41067	-0.00347
2368.48194	-0.00311
2366.55321	-0.00304
2364.62448	-0.00326
2362.69574	-0.00363
2360.76701	-0.00401
2358.83828	-0.00460
2356.90955	-0.00550
2354.98082	-0.00641
2353.05209	-0.00682
2351.12336	-0.00642
2349.19463	-0.00603
2347.26589	-0.00637
2345.33716	-0.00664
2343.40843	-0.00625
2341.47970	-0.00578
2339.55097	-0.00546
2337.62224	-0.00536
2335.69351	-0.00562
2333.76478	-0.00612
2331.83604	-0.00665
2329.90731	-0.00713
2327.97858	-0.00756
2326.04985	-0.00803
2324.12112	-0.00846
2322.19239	-0.00869
2320.26366	-0.00877
2318.33493	-0.00891
2316.40619	-0.00926
2314.47746	-0.00961
2312.54873	-0.00968
2310.62000	-0.00943
2308.69127	-0.00910
2306.76254	-0.00881
2304.83381	-0.00854
2302.90508	-0.00832
2300.97634	-0.00817
2299.04761	-0.00804
2297.11888	-0.00790
2295.19015	-0.00778
2293.26142	-0.00764
2291.33269	-0.00751
2289.40396	-0.00743
2287.47523	-0.00737
2285.54650	-0.00730
2283.61776	-0.00722
2281.68903	-0.00715
2279.76030	-0.00705
2277.83157	-0.00693
2275.90284	-0.00680
2273.97411	-0.00670
2272.04538	-0.00660
2270.11665	-0.00652
2268.18791	-0.00648
2266.25918	-0.00649
2264.33045	-0.00650
2262.40172	-0.00649
2260.47299	-0.00651
2258.54426	-0.00655
2256.61553	-0.00660
2254.68680	-0.00660
2252.75806	-0.00649
2250.82933	-0.00657
2248.90060	-0.00729
2246.97187	-0.00700
2245.04314	-0.00681
2243.11441	-0.00667
2241.18568	-0.00655
2239.25695	-0.00646
2237.32821	-0.00633
2235.39948	-0.00617
2233.47075	-0.00606
2231.54202	-0.00596
2229.61329	-0.00580
2227.68456	-0.00568
2225.75583	-0.00560
2223.82710	-0.00555
2221.89836	-0.00556
2219.96963	-0.00574
2218.04090	-0.00589
2216.11217	-0.00604
2214.18344	-0.00621
2212.25471	-0.00636
2210.32598	-0.00647
2208.39725	-0.00656
2206.46852	-0.00662
2204.53978	-0.00665
2202.61105	-0.00666
2200.68232	-0.00664
2198.75359	-0.00665
2196.82486	-0.00670
2194.89613	-0.00679
2192.96740	-0.00690
2191.03867	-0.00702
2189.10993	-0.00714
2187.18120	-0.00725
2185.25247	-0.00730
2183.32374	-0.00731
2181.39501	-0.00739
2179.46628	-0.00748
2177.53755	-0.00751
2175.60882	-0.00752
2173.68008	-0.00760
2171.75135	-0.00768
2169.82262	-0.00766
2167.89389	-0.00759
2165.96516	-0.00762
2164.03643	-0.00775
2162.10770	-0.00782
2160.17897	-0.00773
2158.25023	-0.00759
2156.32150	-0.00751
2154.39277	-0.00748
2152.46404	-0.00748
2150.53531	-0.00751
2148.60658	-0.00761
2146.67785	-0.00776
2144.74912	-0.00785
2142.82038	-0.00785
2140.89165	-0.00795
2138.96292	-0.00824
2137.03419	-0.00850
2135.10546	-0.00851
2133.17673	-0.00841
2131.24800	-0.00845
2129.31927	-0.00856
2127.39054	-0.00861
2125.46180	-0.00865
2123.53307	-0.00872
2121.60434	-0.00880
2119.67561	-0.00890
2117.74688	-0.00920
2115.81815	-0.00960
2113.88942	-0.00968
2111.96069	-0.00943
2110.03195	-0.00927
2108.10322	-0.00931
2106.17449	-0.00941
2104.24576	-0.00954
2102.31703	-0.00966
2100.38830	-0.00974
2098.45957	-0.00971
2096.53084	-0.00983
2094.60210	-0.01001
2092.67337	-0.01022
2090.74464	-0.01043
2088.81591	-0.01062
2086.88718	-0.01080
2084.95845	-0.01095
2083.02972	-0.01116
2081.10099	-0.01148
2079.17225	-0.01192
2077.24352	-0.01237
2075.31479	-0.01274
2073.38606	-0.01297
2071.45733	-0.01315
2069.52860	-0.01336
2067.59987	-0.01352
2065.67114	-0.01362
2063.74240	-0.01367
2061.81367	-0.01359
2059.88494	-0.01335
2057.95621	-0.01303
2056.02748	-0.01271
2054.09875	-0.01236
2052.17002	-0.01195
2050.24129	-0.01152
2048.31256	-0.01115
2046.38382	-0.01089
2044.45509	-0.01059
2042.52636	-0.01009
2040.59763	-0.00955
2038.66890	-0.00909
2036.74017	-0.00867
2034.81144	-0.00829
2032.88271	-0.00794
2030.95397	-0.00765
2029.02524	-0.00750
2027.09651	-0.00746
2025.16778	-0.00744
2023.23905	-0.00732
2021.31032	-0.00700
2019.38159	-0.00652
2017.45286	-0.00618
2015.52412	-0.00604
2013.59539	-0.00588
2011.66666	-0.00561
2009.73793	-0.00546
2007.80920	-0.00534
2005.88047	-0.00511
2003.95174	-0.00483
2002.02301	-0.00462
2000.09427	-0.00450
1998.16554	-0.00445
1996.23681	-0.00449
1994.30808	-0.00458
1992.37935	-0.00462
1990.45062	-0.00449
1988.52189	-0.00420
1986.59316	-0.00401
1984.66442	-0.00389
1982.73569	-0.00375
1980.80696	-0.00364
1978.87823	-0.00356
1976.94950	-0.00348
1975.02077	-0.00341
1973.09204	-0.00339
1971.16331	-0.00346
1969.23458	-0.00354
1967.30584	-0.00358
1965.37711	-0.00366
1963.44838	-0.00364
1961.51965	-0.00353
1959.59092	-0.00350
1957.66219	-0.00353
1955.73346	-0.00358
1953.80473	-0.00362
1951.87599	-0.00366
1949.94726	-0.00364
1948.01853	-0.00359
1946.08980	-0.00354
1944.16107	-0.00359
1942.23234	-0.00366
1940.30361	-0.00364
1938.37488	-0.00352
1936.44614	-0.00333
1934.51741	-0.00323
1932.58868	-0.00326
1930.65995	-0.00331
1928.73122	-0.00335
1926.80249	-0.00351
1924.87376	-0.00364
1922.94503	-0.00385
1921.01629	-0.00398
1919.08756	-0.00383
1917.15883	-0.00379
1915.23010	-0.00415
1913.30137	-0.00434
1911.37264	-0.00407
1909.44391	-0.00377
1907.51518	-0.00366
1905.58644	-0.00352
1903.65771	-0.00320
1901.72898	-0.00289
1899.80025	-0.00264
1897.87152	-0.00242
1895.94279	-0.00229
1894.01406	-0.00222
1892.08533	-0.00194
1890.15660	-0.00154
1888.22786	-0.00148
1886.29913	-0.00164
1884.37040	-0.00166
1882.44167	-0.00157
1880.51294	-0.00148
1878.58421	-0.00149
1876.65548	-0.00167
1874.72675	-0.00188
1872.79801	-0.00179
1870.86928	-0.00140
1868.94055	-0.00125
1867.01182	-0.00179
1865.08309	-0.00264
1863.15436	-0.00320
1861.22563	-0.00359
1859.29690	-0.00408
1857.36816	-0.00460
1855.43943	-0.00508
1853.51070	-0.00559
1851.58197	-0.00613
1849.65324	-0.00657
1847.72451	-0.00688
1845.79578	-0.00718
1843.86705	-0.00751
1841.93831	-0.00801
1840.00958	-0.00835
1838.08085	-0.00826
1836.15212	-0.00802
1834.22339	-0.00757
1832.29466	-0.00646
1830.36593	-0.00522
1828.43720	-0.00466
1826.50846	-0.00432
1824.57973	-0.00364
1822.65100	-0.00291
1820.72227	-0.00246
1818.79354	-0.00211
1816.86481	-0.00141
1814.93608	-0.00025
1813.00735	0.00087
1811.07862	0.00144
1809.14988	0.00140
1807.22115	0.00112
1805.29242	0.00055
1803.36369	-0.00038
1801.43496	-0.00125
1799.50623	-0.00168
1797.57750	-0.00196
1795.64877	-0.00208
1793.72003	-0.00197
1791.79130	-0.00249
1789.86257	-0.00407
1787.93384	-0.00591
1786.00511	-0.00725
1784.07638	-0.00773
1782.14765	-0.00761
1780.21892	-0.00776
1778.29018	-0.00838
1776.36145	-0.00841
1774.43272	-0.00748
1772.50399	-0.00689
1770.57526	-0.00804
1768.64653	-0.00993
1766.71780	-0.01102
1764.78907	-0.01104
1762.86033	-0.01072
1760.93160	-0.01080
1759.00287	-0.01131
1757.07414	-0.01188
1755.14541	-0.01229
1753.21668	-0.01223
1751.28795	-0.01189
1749.35922	-0.01224
1747.43048	-0.01317
1745.50175	-0.01374
1743.57302	-0.01356
1741.64429	-0.01302
1739.71556	-0.01273
1737.78683	-0.01243
1735.85810	-0.01140
1733.92937	-0.01041
1732.00064	-0.01077
1730.07190	-0.01173
1728.14317	-0.01251
1726.21444	-0.01282
1724.28571	-0.01276
1722.35698	-0.01215
1720.42825	-0.01034
1718.49952	-0.00814
1716.57079	-0.00807
1714.64205	-0.01001
1712.71332	-0.01214
1710.78459	-0.01316
1708.85586	-0.01292
1706.92713	-0.01234
1704.99840	-0.01224
1703.06967	-0.01178
1701.14094	-0.01018
1699.21220	-0.00871
1697.28347	-0.00826
1695.35474	-0.00848
1693.42601	-0.00885
1691.49728	-0.00861
1689.56855	-0.00713
1687.63982	-0.00386
1685.71109	0.00061
1683.78235	0.00318
1681.85362	0.00222
1679.92489	0.00115
1677.99616	0.00230
1676.06743	0.00508
1674.13870	0.00757
1672.20997	0.00947
1670.28124	0.01128
1668.35250	0.01231
1666.42377	0.01256
1664.49504	0.01322
1662.56631	0.01404
1660.63758	0.01381
1658.70885	0.01343
1656.78012	0.01492
1654.85139	0.01812
1652.92266	0.01936
1650.99392	0.01749
1649.06519	0.01628
1647.13646	0.01732
1645.20773	0.01775
1643.27900	0.01641
1641.35027	0.01543
1639.42154	0.01637
1637.49281	0.01840
1635.56407	0.01889
1633.63534	0.01665
1631.70661	0.01396
1629.77788	0.01253
1627.84915	0.01187
1625.92042	0.01105
1623.99169	0.00965
1622.06296	0.00744
1620.13422	0.00566
1618.20549	0.00489
1616.27676	0.00329
1614.34803	-0.00002
1612.41930	-0.00331
1610.49057	-0.00547
1608.56184	-0.00708
1606.63311	-0.00878
1604.70437	-0.01041
1602.77564	-0.01181
1600.84691	-0.01297
1598.91818	-0.01382
1596.98945	-0.01435
1595.06072	-0.01480
1593.13199	-0.01522
1591.20326	-0.01554
1589.27452	-0.01566
1587.34579	-0.01563
1585.41706	-0.01567
1583.48833	-0.01587
1581.55960	-0.01590
1579.63087	-0.01499
1577.70214	-0.01339
1575.77341	-0.01279
1573.84468	-0.01362
1571.91594	-0.01389
1569.98721	-0.01297
1568.05848	-0.01247
1566.12975	-0.01264
1564.20102	-0.01184
1562.27229	-0.00853
1560.34356	-0.00313
1558.41483	-0.00051
1556.48609	-0.00270
1554.55736	-0.00514
1552.62863	-0.00565
1550.69990	-0.00477
1548.77117	-0.00348
1546.84244	-0.00163
1544.91371	0.00130
1542.98498	0.00519
1541.05624	0.00879
1539.12751	0.00939
1537.19878	0.00719
1535.27005	0.00636
1533.34132	0.00771
1531.41259	0.00874
1529.48386	0.00913
1527.55513	0.00986
1525.62639	0.01082
1523.69766	0.01197
1521.76893	0.01281
1519.84020	0.01238
1517.91147	0.01172
1515.98274	0.01132
1514.05401	0.01060
1512.12528	0.01022
1510.19654	0.01152
1508.26781	0.01417
1506.33908	0.01543
1504.41035	0.01340
1502.48162	0.01090
1500.55289	0.01058
1498.62416	0.01229
1496.69543	0.01369
1494.76670	0.01390
1492.83796	0.01416
1490.90923	0.01521
1488.98050	0.01599
1487.05177	0.01578
1485.12304	0.01520
1483.19431	0.01489
1481.26558	0.01498
1479.33685	0.01534
1477.40811	0.01623
1475.47938	0.01778
1473.55065	0.01918
1471.62192	0.01901
1469.69319	0.01739
1467.76446	0.01640
1465.83573	0.01662
1463.90700	0.01658
1461.97826	0.01647
1460.04953	0.01777
1458.12080	0.01956
1456.19207	0.01930
1454.26334	0.01737
1452.33461	0.01580
1450.40588	0.01580
1448.47715	0.01638
1446.54841	0.01614
1444.61968	0.01518
1442.69095	0.01428
1440.76222	0.01379
1438.83349	0.01353
1436.90476	0.01284
1434.97603	0.01129
1433.04730	0.00927
1431.11856	0.00731
1429.18983	0.00498
1427.26110	0.00184
1425.33237	-0.00187
1423.40364	-0.00594
1421.47491	-0.01037
1419.54618	-0.01551
1417.61745	-0.02156
1415.68872	-0.02726
1413.75998	-0.03234
1411.83125	-0.03747
1409.90252	-0.04284
1407.97379	-0.04790
1406.04506	-0.05246
1404.11633	-0.05663
1402.18760	-0.05978
1400.25887	-0.06145
1398.33013	-0.06180
1396.40140	-0.06061
1394.47267	-0.05810
1392.54394	-0.05545
1390.61521	-0.05333
1388.68648	-0.05224
1386.75775	-0.05247
1384.82902	-0.05142
1382.90028	-0.04605
1380.97155	-0.03751
1379.04282	-0.02933
1377.11409	-0.02308
1375.18536	-0.01819
1373.25663	-0.01439
1371.32790	-0.01156
1369.39917	-0.00928
1367.47043	-0.00748
1365.54170	-0.00620
1363.61297	-0.00534
1361.68424	-0.00475
1359.75551	-0.00413
1357.82678	-0.00355
1355.89805	-0.00326
1353.96932	-0.00325
1352.04058	-0.00328
1350.11185	-0.00326
1348.18312	-0.00337
1346.25439	-0.00376
1344.32566	-0.00430
1342.39693	-0.00483
1340.46820	-0.00541
1338.53947	-0.00597
1336.61074	-0.00623
1334.68200	-0.00619
1332.75327	-0.00613
1330.82454	-0.00640
1328.89581	-0.00725
1326.96708	-0.00817
1325.03835	-0.00887
1323.10962	-0.00926
1321.18089	-0.00938
1319.25215	-0.00947
1317.32342	-0.00953
1315.39469	-0.00932
1313.46596	-0.00876
1311.53723	-0.00808
1309.60850	-0.00742
1307.67977	-0.00674
1305.75104	-0.00589
1303.82230	-0.00475
1301.89357	-0.00360
1299.96484	-0.00296
1298.03611	-0.00279
1296.10738	-0.00264
1294.17865	-0.00235
1292.24992	-0.00224
1290.32119	-0.00248
1288.39245	-0.00291
1286.46372	-0.00326
1284.53499	-0.00325
1282.60626	-0.00291
1280.67753	-0.00236
1278.74880	-0.00160
1276.82007	-0.00062
1274.89134	0.00055
1272.96260	0.00200
1271.03387	0.00397
1269.10514	0.00662
1267.17641	0.00991
1265.24768	0.01377
1263.31895	0.01820
1261.39022	0.02319
1259.46149	0.02861
1257.53276	0.03447
1255.60402	0.04081
1253.67529	0.04757
1251.74656	0.05456
1249.81783	0.06146
1247.88910	0.06805
1245.96037	0.07419
1244.03164	0.07981
1242.10291	0.08491
1240.17417	0.08951
1238.24544	0.09363
1236.31671	0.09724
1234.38798	0.10042
1232.45925	0.10319
1230.53052	0.10553
1228.60179	0.10755
1226.67306	0.10946
1224.74432	0.11140
1222.81559	0.11323
1220.88686	0.11486
1218.95813	0.11656
1217.02940	0.11842
1215.10067	0.12028
1213.17194	0.12206
1211.24321	0.12379
1209.31447	0.12549
1207.38574	0.12719
1205.45701	0.12890
1203.52828	0.13064
1201.59955	0.13266
1199.67082	0.13518
1197.74209	0.13752
1195.81336	0.14011
1193.88462	0.14271
1191.95589	0.14485
1190.02716	0.14650
1188.09843	0.14816
1186.16970	0.15039
1184.24097	0.15293
1182.31224	0.15505
1180.38351	0.15659
1178.45478	0.15787
1176.52604	0.15909
1174.59731	0.16044
1172.66858	0.16199
1170.73985	0.16359
1168.81112	0.16513
1166.88239	0.16672
1164.95366	0.16847
1163.02493	0.17026
1161.09619	0.17178
1159.16746	0.17285
1157.23873	0.17367
1155.31000	0.17436
1153.38127	0.17502
1151.45254	0.17590
1149.52381	0.17714
1147.59508	0.17850
1145.66634	0.17962
1143.73761	0.18059
1141.80888	0.18166
1139.88015	0.18274
1137.95142	0.18358
1136.02269	0.18447
1134.09396	0.18602
1132.16523	0.18818
1130.23649	0.19049
1128.30776	0.19270
1126.37903	0.19474
1124.45030	0.19686
1122.52157	0.19938
1120.59284	0.20248
1118.66411	0.20634
1116.73538	0.21107
1114.80664	0.21639
1112.87791	0.22210
1110.94918	0.22829
1109.02045	0.23493
1107.09172	0.24147
1105.16299	0.24721
1103.23426	0.25221
1101.30553	0.25692
1099.37680	0.26114
1097.44806	0.26453
1095.51933	0.26715
1093.59060	0.26890
1091.66187	0.26969
1089.73314	0.27028
1087.80441	0.27106
1085.87568	0.27125
1083.94695	0.27064
1082.01821	0.27003
1080.08948	0.26970
1078.16075	0.26909
1076.23202	0.26789
1074.30329	0.26669
1072.37456	0.26592
1070.44583	0.26512
1068.51710	0.26397
1066.58836	0.26280
1064.65963	0.26162
1062.73090	0.25990
1060.80217	0.25759
1058.87344	0.25528
1056.94471	0.25300
1055.01598	0.25033
1053.08725	0.24746
1051.15851	0.24466
1049.22978	0.24171
1047.30105	0.23867
1045.37232	0.23615
1043.44359	0.23381
1041.51486	0.23091
1039.58613	0.22780
1037.65740	0.22500
1035.72866	0.22220
1033.79993	0.21936
1031.87120	0.21688
1029.94247	0.21466
1028.01374	0.21256
1026.08501	0.21099
1024.15628	0.21000
1022.22755	0.20917
1020.29882	0.20830
1018.37008	0.20729
1016.44135	0.20607
1014.51262	0.20489
1012.58389	0.20399
1010.65516	0.20312
1008.72643	0.20180
1006.79770	0.19986
1004.86897	0.19756
1002.94023	0.19535
1001.01150	0.19315
999.08277	0.19052
997.15404	0.18723
995.22531	0.18303
993.29658	0.17788
991.36785	0.17255
989.43912	0.16781
987.51038	0.16375
985.58165	0.16013
983.65292	0.15658
981.72419	0.15286
979.79546	0.14902
977.86673	0.14524
975.93800	0.14161
974.00927	0.13875
972.08053	0.13600
970.15180	0.13337
968.22307	0.13081
966.29434	0.12824
964.36561	0.12555
962.43688	0.12272
960.50815	0.11991
958.57942	0.11732
956.65068	0.11484
954.72195	0.11212
952.79322	0.10906
950.86449	0.10574
948.93576	0.10242
947.00703	0.09916
945.07830	0.09575
943.14957	0.09219
941.22084	0.08858
939.29210	0.08484
937.36337	0.08098
935.43464	0.07721
933.50591	0.07355
931.57718	0.07004
929.64845	0.06692
927.71972	0.06420
925.79099	0.06175
923.86225	0.05965
921.93352	0.05788
920.00479	0.05599
918.07606	0.05366
916.14733	0.05107
914.21860	0.04848
912.28987	0.04600
910.36114	0.04348
908.43240	0.04055
906.50367	0.03729
904.57494	0.03425
902.64621	0.03139
900.71748	0.02836
898.78875	0.02522
896.86002	0.02202
894.93129	0.01873
893.00255	0.01558
891.07382	0.01278
889.14509	0.01021
887.21636	0.00766
885.28763	0.00521
883.35890	0.00291
881.43017	0.00069
879.50144	-0.00131
877.57270	-0.00295
875.64397	-0.00418
873.71524	-0.00494
871.78651	-0.00511
869.85778	-0.00434
867.92905	-0.00260
866.00032	-0.00070
864.07159	0.00039
862.14286	0.00023
860.21412	-0.00143
858.28539	-0.00471
856.35666	-0.00898
854.42793	-0.01302
852.49920	-0.01611
850.57047	-0.01847
848.64174	-0.02044
846.71301	-0.02208
844.78427	-0.02331
842.85554	-0.02421
840.92681	-0.02473
838.99808	-0.02469
837.06935	-0.02436
835.14062	-0.02419
833.21189	-0.02396
831.28316	-0.02336
829.35442	-0.02262
827.42569	-0.02184
825.49696	-0.02078
823.56823	-0.01937
821.63950	-0.01767
819.71077	-0.01589
817.78204	-0.01412
815.85331	-0.01228
813.92457	-0.01020
811.99584	-0.00760
810.06711	-0.00467
808.13838	-0.00183
806.20965	0.00109
804.28092	0.00432
802.35219	0.00722
800.42346	0.00887
798.49472	0.00923
796.56599	0.00912
794.63726	0.00904
792.70853	0.00883
790.77980	0.00829
788.85107	0.00723
786.92234	0.00570
784.99361	0.00429
783.06488	0.00342
781.13614	0.00255
779.20741	0.00093
777.27868	-0.00104
775.34995	-0.00280
773.42122	-0.00444
771.49249	-0.00556
769.56376	-0.00594
767.63503	-0.00616
765.70629	-0.00568
763.77756	-0.00537
761.84883	-0.00484
759.92010	-0.00444
757.99137	-0.00426
756.06264	-0.00434
754.13391	-0.00453
752.20518	-0.00443
750.27644	-0.00389
748.34771	-0.00322
746.41898	-0.00273
744.49025	-0.00203
742.56152	-0.00054
740.63279	0.00163
738.70406	0.00368
736.77533	0.00468
734.84659	0.00428
732.91786	0.00298
730.98913	0.00163
729.06040	0.00083
727.13167	0.00068
725.20294	0.00047
723.27421	-0.00229
721.34548	-0.00355
719.41674	-0.00382
717.48801	-0.00369
715.55928	-0.00335
713.63055	-0.00312
711.70182	-0.00289
709.77309	-0.00288
707.84436	-0.00302
705.91563	-0.00287
703.98690	-0.00255
702.05816	-0.00222
700.12943	-0.00187
698.20070	-0.00147
696.27197	-0.00165
694.34324	-0.00259
692.41451	-0.00378
690.48578	-0.00479
688.55705	-0.00569
686.62831	-0.00664
684.69958	-0.00752
682.77085	-0.00806
680.84212	-0.00850
678.91339	-0.00947
676.98466	-0.01047
675.05593	-0.01097
673.12720	-0.01141
671.19846	-0.01332
669.26973	-0.01622
667.34100	-0.01675
665.41227	-0.01532
663.48354	-0.01537
661.55481	-0.01662
659.62608	-0.01703
657.69735	-0.01653
655.76861	-0.01601
653.83988	-0.01568
651.91115	-0.01498
649.98242	-0.01367
648.05369	-0.01220
646.12496	-0.01117
644.19623	-0.01059
642.26750	-0.01018
640.33876	-0.01004
638.41003	-0.01026
636.48130	-0.01043
634.55257	-0.01021
632.62384	-0.00995
630.69511	-0.01084
628.76638	-0.01372
626.83765	-0.01590
624.90892	-0.01741
622.98018	-0.01782
621.05145	-0.01797
619.12272	-0.01897
617.19399	-0.01926
615.26526	-0.01698
613.33653	-0.01289
611.40780	-0.00911
609.47907	-0.00687
607.55033	-0.00568
605.62160	-0.00486
603.69287	-0.00373
601.76414	-0.00213
599.83541	-0.00078
597.90668	-0.00033
595.97795	-0.00008
594.04922	0.00038
592.12048	0.00016
590.19175	-0.00078
588.26302	-0.00146
586.33429	-0.00199
584.40556	-0.00291
582.47683	-0.00374
580.54810	-0.00369
578.61937	-0.00290
576.69063	-0.00249
574.76190	-0.00286
572.83317	-0.00327
570.90444	-0.00361
568.97571	-0.00564
567.04698	-0.00699
565.11825	-0.00783
563.18952	-0.00918
561.26078	-0.01125
559.33205	-0.01355
557.40332	-0.01509
555.47459	-0.01578
553.54586	-0.01643
551.61713	-0.01671
549.68840	-0.01632
547.75967	-0.01591
545.83094	-0.01514
543.90220	-0.01379
541.97347	-0.01317
540.04474	-0.01392
538.11601	-0.01499
536.18728	-0.01592
534.25855	-0.01714
532.32982	-0.01835
530.40109	-0.01972
528.47235	-0.02200
526.54362	-0.02508
524.61489	-0.02819
522.68616	-0.03068
520.75743	-0.03229
518.82870	-0.03354
516.89997	-0.03487
514.97124	-0.03583
513.04250	-0.03686
511.11377	-0.03829
509.18504	-0.03859
507.25631	-0.03739
505.32758	-0.03599
503.39885	-0.03462
501.47012	-0.03363
499.54139	-0.03327
497.61265	-0.03170
495.68392	-0.02829
493.75519	-0.02481
491.82646	-0.02188
489.89773	-0.01881
487.96900	-0.01589
486.04027	-0.01369
484.11154	-0.01184
482.18280	-0.00943
480.25407	-0.00560
478.32534	-0.00014
476.39661	0.00607
474.46788	0.01138
472.53915	0.01438
470.61042	0.01548
468.68169	0.01590
466.75296	0.01551
464.82422	0.01338
462.89549	0.00921
460.96676	0.00442
459.03803	0.00231
457.10930	0.00380
455.18057	0.00622
453.25184	0.00687
451.32311	0.00620
449.39437	0.00596
447.46564	0.00693
445.53691	0.00849
443.60818	0.01037
441.67945	0.01264
439.75072	0.01399
437.82199	0.01406
435.89326	0.01456
433.96452	0.01504
432.03579	0.01405
430.10706	0.01239
428.17833	0.00984
426.24960	0.00521
424.32087	0.00074
422.39214	-0.00037
420.46341	0.00120
418.53467	0.00267
416.60594	0.00373
414.67721	0.00441
412.74848	0.00393
410.81975	0.00263
408.89102	0.00226
406.96229	0.00692
405.03356	0.01602
403.10482	0.02239
401.17609	0.01858
399.24736	0.00690
397.31863	-0.00098
395.38990	0.00200
393.46117	0.00949
391.53244	0.01492
389.60371	0.02027
387.67498	0.02627
385.74624	0.02654
383.81751	0.02078
381.88878	0.01677
379.96005	0.01598
378.03132	0.02556
376.10259	0.05626
374.17386	0.07497
372.24513	0.04164
370.31639	0.00095
368.38766	-0.00403
