7496.97825	0.00219
7495.04952	0.00157
7493.12079	-0.00155
7491.19206	-0.00519
7489.26333	-0.00643
7487.33459	-0.00380
7485.40586	0.00051
7483.47713	0.00348
7481.54840	0.00424
7479.61967	0.00307
7477.69094	0.00079
7475.76221	-0.00120
7473.83348	-0.00141
7471.90474	-0.00003
7469.97601	-0.00105
7468.04728	-0.00663
7466.11855	-0.01207
7464.18982	-0.01256
7462.26109	-0.00959
7460.33236	-0.00787
7458.40363	-0.00741
7456.47489	-0.00414
7454.54616	-0.00005
7452.61743	0.00061
7450.68870	0.00022
7448.75997	0.00157
7446.83124	0.00239
7444.90251	0.00040
7442.97378	-0.00211
7441.04504	-0.00174
7439.11631	0.00062
7437.18758	0.00253
7435.25885	0.00335
7433.33012	0.00335
7431.40139	0.00272
7429.47266	0.00054
7427.54393	-0.00419
7425.61520	-0.00965
7423.68646	-0.01191
7421.75773	-0.00955
7419.82900	-0.00386
7417.90027	0.00380
7415.97154	0.00917
7414.04281	0.00855
7412.11408	0.00509
7410.18535	0.00245
7408.25661	-0.00078
7406.32788	-0.00502
7404.39915	-0.00648
7402.47042	-0.00391
7400.54169	-0.00101
7398.61296	-0.00001
7396.68423	0.00045
7394.75550	0.00118
7392.82676	0.00106
7390.89803	0.00021
7388.96930	0.00004
7387.04057	0.00058
7385.11184	0.00130
7383.18311	0.00193
7381.25438	0.00131
7379.32565	-0.00146
7377.39691	-0.00419
7375.46818	-0.00376
7373.53945	-0.00200
7371.61072	-0.00365
7369.68199	-0.00820
7367.75326	-0.01132
7365.82453	-0.01178
7363.89580	-0.01096
7361.96706	-0.00932
7360.03833	-0.00724
7358.10960	-0.00586
7356.18087	-0.00468
7354.25214	-0.00214
7352.32341	0.00100
7350.39468	0.00285
7348.46595	0.00163
7346.53722	-0.00152
7344.60848	-0.00210
7342.67975	0.00009
7340.75102	0.00119
7338.82229	0.00122
7336.89356	0.00276
7334.96483	0.00492
7333.03610	0.00444
7331.10737	0.00097
7329.17863	-0.00241
7327.24990	-0.00372
7325.32117	-0.00395
7323.39244	-0.00358
7321.46371	-0.00157
7319.53498	-0.00028
7317.60625	-0.00170
7315.67752	-0.00202
7313.74878	-0.00017
7311.82005	-0.00070
7309.89132	-0.00401
7307.96259	-0.00612
7306.03386	-0.00415
7304.10513	-0.00019
7302.17640	0.00077
7300.24767	-0.00170
7298.31893	-0.00404
7296.39020	-0.00456
7294.46147	-0.00418
7292.53274	-0.00343
7290.60401	-0.00164
7288.67528	0.00040
7286.74655	0.00056
7284.81782	-0.00044
7282.88908	-0.00002
7280.96035	0.00153
7279.03162	0.00164
7277.10289	-0.00014
7275.17416	-0.00277
7273.24543	-0.00628
7271.31670	-0.00925
7269.38797	-0.00963
7267.45924	-0.00813
7265.53050	-0.00521
7263.60177	-0.00106
7261.67304	0.00096
7259.74431	-0.00078
7257.81558	-0.00271
7255.88685	-0.00244
7253.95812	-0.00080
7252.02939	0.00182
7250.10065	0.00350
7248.17192	0.00106
7246.24319	-0.00366
7244.31446	-0.00602
7242.38573	-0.00413
7240.45700	-0.00060
7238.52827	0.00042
7236.59954	-0.00090
7234.67080	-0.00273
7232.74207	-0.00479
7230.81334	-0.00599
7228.88461	-0.00558
7226.95588	-0.00375
7225.02715	-0.00065
7223.09842	0.00328
7221.16969	0.00710
7219.24095	0.00796
7217.31222	0.00429
7215.38349	-0.00045
7213.45476	-0.00248
7211.52603	-0.00185
7209.59730	0.00050
7207.66857	0.00385
7205.73984	0.00600
7203.81110	0.00625
7201.88237	0.00695
7199.95364	0.00809
7198.02491	0.00692
7196.09618	0.00343
7194.16745	0.00100
7192.23872	0.00138
7190.30999	0.00205
7188.38126	0.00102
7186.45252	0.00046
7184.52379	0.00125
7182.59506	0.00082
7180.66633	-0.00038
7178.73760	-0.00016
7176.80887	0.00061
7174.88014	0.00111
7172.95141	0.00240
7171.02267	0.00512
7169.09394	0.00739
7167.16521	0.00666
7165.23648	0.00406
7163.30775	0.00216
7161.37902	0.00187
7159.45029	0.00382
7157.52156	0.00598
7155.59282	0.00488
7153.66409	0.00052
7151.73536	-0.00290
7149.80663	-0.00201
7147.87790	-0.00004
7145.94917	-0.00114
7144.02044	-0.00293
7142.09171	-0.00196
7140.16297	0.00098
7138.23424	0.00378
7136.30551	0.00452
7134.37678	0.00329
7132.44805	0.00189
7130.51932	0.00086
7128.59059	0.00085
7126.66186	0.00260
7124.73312	0.00428
7122.80439	0.00390
7120.87566	0.00192
7118.94693	-0.00066
7117.01820	-0.00207
7115.08947	-0.00112
7113.16074	0.00034
7111.23201	0.00097
7109.30328	0.00151
7107.37454	0.00300
7105.44581	0.00560
7103.51708	0.00705
7101.58835	0.00508
7099.65962	0.00161
7097.73089	-0.00035
7095.80216	-0.00058
7093.87343	0.00036
7091.94469	0.00161
7090.01596	0.00185
7088.08723	0.00175
7086.15850	0.00262
7084.22977	0.00248
7082.30104	-0.00027
7080.37231	-0.00220
7078.44358	-0.00097
7076.51484	0.00065
7074.58611	0.00093
7072.65738	0.00110
7070.72865	0.00175
7068.79992	0.00180
7066.87119	0.00094
7064.94246	0.00051
7063.01373	0.00175
7061.08499	0.00448
7059.15626	0.00608
7057.22753	0.00445
7055.29880	0.00160
7053.37007	0.00058
7051.44134	0.00170
7049.51261	0.00309
7047.58388	0.00269
7045.65514	0.00098
7043.72641	0.00028
7041.79768	0.00089
7039.86895	0.00135
7037.94022	0.00111
7036.01149	0.00067
7034.08276	0.00029
7032.15403	-0.00014
7030.22530	-0.00050
7028.29656	-0.00055
7026.36783	-0.00030
7024.43910	-0.00065
7022.51037	-0.00236
7020.58164	-0.00370
7018.65291	-0.00290
7016.72418	-0.00086
7014.79545	0.00075
7012.86671	0.00154
7010.93798	0.00190
7009.00925	0.00208
7007.08052	0.00213
7005.15179	0.00144
7003.22306	-0.00073
7001.29433	-0.00284
6999.36560	-0.00208
6997.43686	0.00124
6995.50813	0.00404
6993.57940	0.00478
6991.65067	0.00512
6989.72194	0.00592
6987.79321	0.00453
6985.86448	0.00056
6983.93575	-0.00245
6982.00701	-0.00302
6980.07828	-0.00213
6978.14955	-0.00160
6976.22082	-0.00290
6974.29209	-0.00441
6972.36336	-0.00404
6970.43463	-0.00319
6968.50590	-0.00384
6966.57716	-0.00489
6964.64843	-0.00479
6962.71970	-0.00333
6960.79097	-0.00135
6958.86224	-0.00034
6956.93351	-0.00057
6955.00478	-0.00120
6953.07605	-0.00066
6951.14732	0.00198
6949.21858	0.00388
6947.28985	0.00252
6945.36112	0.00040
6943.43239	0.00031
6941.50366	0.00104
6939.57493	0.00108
6937.64620	0.00093
6935.71747	0.00049
6933.78873	-0.00056
6931.86000	-0.00049
6929.93127	0.00172
6928.00254	0.00417
6926.07381	0.00496
6924.14508	0.00406
6922.21635	0.00238
6920.28762	0.00156
6918.35888	0.00226
6916.43015	0.00352
6914.50142	0.00434
6912.57269	0.00423
6910.64396	0.00390
6908.71523	0.00403
6906.78650	0.00368
6904.85777	0.00165
6902.92903	-0.00093
6901.00030	-0.00095
6899.07157	0.00183
6897.14284	0.00428
6895.21411	0.00510
6893.28538	0.00547
6891.35665	0.00565
6889.42792	0.00510
6887.49918	0.00413
6885.57045	0.00324
6883.64172	0.00293
6881.71299	0.00282
6879.78426	0.00129
6877.85553	-0.00110
6875.92680	-0.00190
6873.99807	-0.00076
6872.06934	0.00095
6870.14060	0.00260
6868.21187	0.00439
6866.28314	0.00562
6864.35441	0.00453
6862.42568	0.00132
6860.49695	-0.00077
6858.56822	0.00044
6856.63949	0.00322
6854.71075	0.00454
6852.78202	0.00431
6850.85329	0.00526
6848.92456	0.00740
6846.99583	0.00732
6845.06710	0.00473
6843.13837	0.00333
6841.20964	0.00380
6839.28090	0.00347
6837.35217	0.00168
6835.42344	-0.00079
6833.49471	-0.00247
6831.56598	-0.00140
6829.63725	0.00019
6827.70852	-0.00025
6825.77979	-0.00012
6823.85105	0.00278
6821.92232	0.00551
6819.99359	0.00490
6818.06486	0.00226
6816.13613	-0.00006
6814.20740	-0.00051
6812.27867	0.00119
6810.34994	0.00257
6808.42120	0.00233
6806.49247	0.00108
6804.56374	-0.00073
6802.63501	-0.00143
6800.70628	-0.00010
6798.77755	0.00142
6796.84882	0.00106
6794.92009	-0.00059
6792.99136	-0.00110
6791.06262	-0.00023
6789.13389	0.00070
6787.20516	0.00146
6785.27643	0.00166
6783.34770	0.00132
6781.41897	0.00107
6779.49024	0.00106
6777.56151	0.00188
6775.63277	0.00332
6773.70404	0.00390
6771.77531	0.00319
6769.84658	0.00235
6767.91785	0.00195
6765.98912	0.00156
6764.06039	0.00137
6762.13166	0.00097
6760.20292	-0.00009
6758.27419	-0.00009
6756.34546	0.00197
6754.41673	0.00378
6752.48800	0.00295
6750.55927	0.00010
6748.63054	-0.00172
6746.70181	-0.00085
6744.77307	0.00113
6742.84434	0.00260
6740.91561	0.00318
6738.98688	0.00335
6737.05815	0.00373
6735.12942	0.00348
6733.20069	0.00271
6731.27196	0.00322
6729.34322	0.00480
6727.41449	0.00512
6725.48576	0.00309
6723.55703	0.00108
6721.62830	0.00137
6719.69957	0.00272
6717.77084	0.00316
6715.84211	0.00230
6713.91338	0.00111
6711.98464	0.00125
6710.05591	0.00331
6708.12718	0.00535
6706.19845	0.00550
6704.26972	0.00477
6702.34099	0.00442
6700.41226	0.00413
6698.48353	0.00389
6696.55479	0.00352
6694.62606	0.00284
6692.69733	0.00262
6690.76860	0.00303
6688.83987	0.00367
6686.91114	0.00446
6684.98241	0.00473
6683.05368	0.00406
6681.12494	0.00321
6679.19621	0.00310
6677.26748	0.00379
6675.33875	0.00431
6673.41002	0.00433
6671.48129	0.00405
6669.55256	0.00344
6667.62383	0.00286
6665.69509	0.00273
6663.76636	0.00324
6661.83763	0.00407
6659.90890	0.00418
6657.98017	0.00336
6656.05144	0.00284
6654.12271	0.00305
6652.19398	0.00334
6650.26524	0.00349
6648.33651	0.00289
6646.40778	0.00235
6644.47905	0.00412
6642.55032	0.00685
6640.62159	0.00768
6638.69286	0.00661
6636.76413	0.00460
6634.83540	0.00286
6632.90666	0.00241
6630.97793	0.00286
6629.04920	0.00361
6627.12047	0.00480
6625.19174	0.00648
6623.26301	0.00743
6621.33428	0.00625
6619.40555	0.00372
6617.47681	0.00259
6615.54808	0.00415
6613.61935	0.00645
6611.69062	0.00737
6609.76189	0.00672
6607.83316	0.00591
6605.90443	0.00587
6603.97570	0.00557
6602.04696	0.00438
6600.11823	0.00347
6598.18950	0.00374
6596.26077	0.00426
6594.33204	0.00366
6592.40331	0.00268
6590.47458	0.00312
6588.54585	0.00517
6586.61711	0.00654
6584.68838	0.00498
6582.75965	0.00222
6580.83092	0.00158
6578.90219	0.00240
6576.97346	0.00276
6575.04473	0.00357
6573.11600	0.00489
6571.18726	0.00511
6569.25853	0.00451
6567.32980	0.00421
6565.40107	0.00429
6563.47234	0.00473
6561.54361	0.00550
6559.61488	0.00527
6557.68615	0.00325
6555.75742	0.00093
6553.82868	-0.00015
6551.89995	0.00103
6549.97122	0.00447
6548.04249	0.00784
6546.11376	0.00842
6544.18503	0.00646
6542.25630	0.00478
6540.32757	0.00435
6538.39883	0.00398
6536.47010	0.00353
6534.54137	0.00324
6532.61264	0.00299
6530.68391	0.00328
6528.75518	0.00469
6526.82645	0.00663
6524.89772	0.00720
6522.96898	0.00569
6521.04025	0.00394
6519.11152	0.00369
6517.18279	0.00470
6515.25406	0.00599
6513.32533	0.00651
6511.39660	0.00571
6509.46787	0.00437
6507.53913	0.00351
6505.61040	0.00310
6503.68167	0.00229
6501.75294	0.00190
6499.82421	0.00309
6497.89548	0.00406
6495.96675	0.00371
6494.03802	0.00376
6492.10928	0.00460
6490.18055	0.00507
6488.25182	0.00497
6486.32309	0.00463
6484.39436	0.00433
6482.46563	0.00398
6480.53690	0.00359
6478.60817	0.00359
6476.67944	0.00386
6474.75070	0.00493
6472.82197	0.00708
6470.89324	0.00809
6468.96451	0.00676
6467.03578	0.00494
6465.10705	0.00417
6463.17832	0.00433
6461.24959	0.00459
6459.32085	0.00447
6457.39212	0.00396
6455.46339	0.00363
6453.53466	0.00383
6451.60593	0.00387
6449.67720	0.00363
6447.74847	0.00385
6445.81974	0.00465
6443.89100	0.00541
6441.96227	0.00530
6440.03354	0.00483
6438.10481	0.00514
6436.17608	0.00567
6434.24735	0.00569
6432.31862	0.00622
6430.38989	0.00782
6428.46115	0.00857
6426.53242	0.00667
6424.60369	0.00357
6422.67496	0.00206
6420.74623	0.00306
6418.81750	0.00518
6416.88877	0.00650
6414.96004	0.00633
6413.03130	0.00526
6411.10257	0.00406
6409.17384	0.00370
6407.24511	0.00439
6405.31638	0.00490
6403.38765	0.00497
6401.45892	0.00571
6399.53019	0.00679
6397.60146	0.00688
6395.67272	0.00598
6393.74399	0.00522
6391.81526	0.00529
6389.88653	0.00562
6387.95780	0.00529
6386.02907	0.00485
6384.10034	0.00529
6382.17161	0.00589
6380.24287	0.00581
6378.31414	0.00581
6376.38541	0.00620
6374.45668	0.00623
6372.52795	0.00605
6370.59922	0.00623
6368.67049	0.00626
6366.74176	0.00572
6364.81302	0.00526
6362.88429	0.00519
6360.95556	0.00544
6359.02683	0.00631
6357.09810	0.00699
6355.16937	0.00624
6353.24064	0.00471
6351.31191	0.00359
6349.38317	0.00301
6347.45444	0.00274
6345.52571	0.00289
6343.59698	0.00337
6341.66825	0.00376
6339.73952	0.00394
6337.81079	0.00429
6335.88206	0.00532
6333.95332	0.00655
6332.02459	0.00670
6330.09586	0.00584
6328.16713	0.00515
6326.23840	0.00539
6324.30967	0.00612
6322.38094	0.00614
6320.45221	0.00571
6318.52348	0.00564
6316.59474	0.00517
6314.66601	0.00428
6312.73728	0.00413
6310.80855	0.00495
6308.87982	0.00593
6306.95109	0.00646
6305.02236	0.00658
6303.09363	0.00658
6301.16489	0.00655
6299.23616	0.00660
6297.30743	0.00754
6295.37870	0.00914
6293.44997	0.00947
6291.52124	0.00826
6289.59251	0.00733
6287.66378	0.00769
6285.73504	0.00831
6283.80631	0.00788
6281.87758	0.00681
6279.94885	0.00628
6278.02012	0.00675
6276.09139	0.00753
6274.16266	0.00777
6272.23393	0.00817
6270.30519	0.00893
6268.37646	0.00901
6266.44773	0.00813
6264.51900	0.00706
6262.59027	0.00671
6260.66154	0.00734
6258.73281	0.00841
6256.80408	0.00883
6254.87534	0.00833
6252.94661	0.00810
6251.01788	0.00877
6249.08915	0.00913
6247.16042	0.00806
6245.23169	0.00669
6243.30296	0.00641
6241.37423	0.00648
6239.44550	0.00625
6237.51676	0.00652
6235.58803	0.00723
6233.65930	0.00753
6231.73057	0.00779
6229.80184	0.00837
6227.87311	0.00818
6225.94438	0.00728
6224.01565	0.00697
6222.08691	0.00743
6220.15818	0.00802
6218.22945	0.00822
6216.30072	0.00812
6214.37199	0.00795
6212.44326	0.00746
6210.51453	0.00725
6208.58580	0.00760
6206.65706	0.00741
6204.72833	0.00675
6202.79960	0.00672
6200.87087	0.00725
6198.94214	0.00775
6197.01341	0.00829
6195.08468	0.00866
6193.15595	0.00836
6191.22721	0.00777
6189.29848	0.00741
6187.36975	0.00726
6185.44102	0.00732
6183.51229	0.00741
6181.58356	0.00727
6179.65483	0.00704
6177.72610	0.00694
6175.79736	0.00693
6173.86863	0.00714
6171.93990	0.00776
6170.01117	0.00833
6168.08244	0.00866
6166.15371	0.00888
6164.22498	0.00903
6162.29625	0.00951
6160.36752	0.00986
6158.43878	0.00883
6156.51005	0.00710
6154.58132	0.00658
6152.65259	0.00740
6150.72386	0.00825
6148.79513	0.00848
6146.86640	0.00848
6144.93767	0.00861
6143.00893	0.00839
6141.08020	0.00789
6139.15147	0.00812
6137.22274	0.00870
6135.29401	0.00885
6133.36528	0.00936
6131.43655	0.01004
6129.50782	0.00964
6127.57908	0.00854
6125.65035	0.00728
6123.72162	0.00615
6121.79289	0.00628
6119.86416	0.00761
6117.93543	0.00858
6116.00670	0.00874
6114.07797	0.00871
6112.14923	0.00878
6110.22050	0.00873
6108.29177	0.00851
6106.36304	0.00830
6104.43431	0.00862
6102.50558	0.00999
6100.57685	0.01126
6098.64812	0.01089
6096.71938	0.00972
6094.79065	0.00930
6092.86192	0.00911
6090.93319	0.00850
6089.00446	0.00823
6087.07573	0.00841
6085.14700	0.00846
6083.21827	0.00836
6081.28954	0.00810
6079.36080	0.00783
6077.43207	0.00823
6075.50334	0.00919
6073.57461	0.00971
6071.64588	0.00950
6069.71715	0.00887
6067.78842	0.00854
6065.85969	0.00935
6063.93095	0.01049
6062.00222	0.01036
6060.07349	0.00930
6058.14476	0.00846
6056.21603	0.00800
6054.28730	0.00784
6052.35857	0.00818
6050.42984	0.00857
6048.50110	0.00856
6046.57237	0.00863
6044.64364	0.00918
6042.71491	0.00978
6040.78618	0.01021
6038.85745	0.01040
6036.92872	0.01038
6034.99999	0.01053
6033.07125	0.01062
6031.14252	0.01041
6029.21379	0.01019
6027.28506	0.00986
6025.35633	0.00961
6023.42760	0.00962
6021.49887	0.00955
6019.57014	0.00966
6017.64140	0.01012
6015.71267	0.01005
6013.78394	0.00919
6011.85521	0.00823
6009.92648	0.00764
6007.99775	0.00774
6006.06902	0.00870
6004.14029	0.00959
6002.21156	0.00968
6000.28282	0.00974
5998.35409	0.01007
5996.42536	0.00984
5994.49663	0.00934
5992.56790	0.00948
5990.63917	0.01004
5988.71044	0.01035
5986.78171	0.01014
5984.85297	0.00965
5982.92424	0.00915
5980.99551	0.00857
5979.06678	0.00816
5977.13805	0.00810
5975.20932	0.00796
5973.28059	0.00786
5971.35186	0.00825
5969.42312	0.00841
5967.49439	0.00789
5965.56566	0.00777
5963.63693	0.00857
5961.70820	0.00925
5959.77947	0.00943
5957.85074	0.00970
5955.92201	0.01001
5953.99327	0.01003
5952.06454	0.01001
5950.13581	0.01010
5948.20708	0.01009
5946.27835	0.00986
5944.34962	0.00941
5942.42089	0.00894
5940.49216	0.00866
5938.56342	0.00854
5936.63469	0.00851
5934.70596	0.00860
5932.77723	0.00873
5930.84850	0.00901
5928.91977	0.00979
5926.99104	0.01047
5925.06231	0.01015
5923.13358	0.00929
5921.20484	0.00871
5919.27611	0.00854
5917.34738	0.00879
5915.41865	0.00942
5913.48992	0.00977
5911.56119	0.00935
5909.63246	0.00893
5907.70373	0.00936
5905.77499	0.01011
5903.84626	0.01020
5901.91753	0.00961
5899.98880	0.00940
5898.06007	0.00993
5896.13134	0.01020
5894.20261	0.01010
5892.27388	0.01030
5890.34514	0.01046
5888.41641	0.01046
5886.48768	0.01104
5884.55895	0.01174
5882.63022	0.01166
5880.70149	0.01137
5878.77276	0.01106
5876.84403	0.01033
5874.91529	0.00992
5872.98656	0.01024
5871.05783	0.01060
5869.12910	0.01058
5867.20037	0.01023
5865.27164	0.00993
5863.34291	0.01003
5861.41418	0.01034
5859.48544	0.01051
5857.55671	0.01036
5855.62798	0.00983
5853.69925	0.00946
5851.77052	0.00982
5849.84179	0.01041
5847.91306	0.01080
5845.98433	0.01106
5844.05560	0.01091
5842.12686	0.01057
5840.19813	0.01052
5838.26940	0.01054
5836.34067	0.01053
5834.41194	0.01068
5832.48321	0.01105
5830.55448	0.01136
5828.62575	0.01113
5826.69701	0.01050
5824.76828	0.00976
5822.83955	0.00915
5820.91082	0.00913
5818.98209	0.00958
5817.05336	0.00985
5815.12463	0.00985
5813.19590	0.00971
5811.26716	0.00959
5809.33843	0.00993
5807.40970	0.01041
5805.48097	0.01042
5803.55224	0.01035
5801.62351	0.01047
5799.69478	0.01059
5797.76605	0.01096
5795.83731	0.01146
5793.90858	0.01162
5791.97985	0.01150
5790.05112	0.01137
5788.12239	0.01160
5786.19366	0.01228
5784.26493	0.01285
5782.33620	0.01306
5780.40746	0.01274
5778.47873	0.01220
5776.55000	0.01212
5774.62127	0.01206
5772.69254	0.01175
5770.76381	0.01147
5768.83508	0.01110
5766.90635	0.01094
5764.97762	0.01124
5763.04888	0.01159
5761.12015	0.01166
5759.19142	0.01160
5757.26269	0.01157
5755.33396	0.01149
5753.40523	0.01154
5751.47650	0.01191
5749.54777	0.01236
5747.61903	0.01260
5745.69030	0.01253
5743.76157	0.01204
5741.83284	0.01138
5739.90411	0.01118
5737.97538	0.01162
5736.04665	0.01203
5734.11792	0.01217
5732.18918	0.01245
5730.26045	0.01291
5728.33172	0.01311
5726.40299	0.01277
5724.47426	0.01218
5722.54553	0.01186
5720.61680	0.01200
5718.68807	0.01241
5716.75933	0.01300
5714.83060	0.01352
5712.90187	0.01357
5710.97314	0.01330
5709.04441	0.01305
5707.11568	0.01292
5705.18695	0.01292
5703.25822	0.01281
5701.32948	0.01236
5699.40075	0.01185
5697.47202	0.01177
5695.54329	0.01187
5693.61456	0.01203
5691.68583	0.01225
5689.75710	0.01191
5687.82837	0.01120
5685.89964	0.01120
5683.97090	0.01184
5682.04217	0.01232
5680.11344	0.01250
5678.18471	0.01251
5676.25598	0.01238
5674.32725	0.01214
5672.39852	0.01210
5670.46979	0.01233
5668.54105	0.01231
5666.61232	0.01204
5664.68359	0.01206
5662.75486	0.01214
5660.82613	0.01200
5658.89740	0.01191
5656.96867	0.01194
5655.03994	0.01201
5653.11120	0.01215
5651.18247	0.01224
5649.25374	0.01223
5647.32501	0.01231
5645.39628	0.01243
5643.46755	0.01243
5641.53882	0.01247
5639.61009	0.01248
5637.68135	0.01236
5635.75262	0.01231
5633.82389	0.01234
5631.89516	0.01217
5629.96643	0.01195
5628.03770	0.01204
5626.10897	0.01237
5624.18024	0.01269
5622.25150	0.01287
5620.32277	0.01291
5618.39404	0.01296
5616.46531	0.01321
5614.53658	0.01358
5612.60785	0.01368
5610.67912	0.01343
5608.75039	0.01318
5606.82166	0.01324
5604.89292	0.01356
5602.96419	0.01366
5601.03546	0.01357
5599.10673	0.01355
5597.17800	0.01326
5595.24927	0.01267
5593.32054	0.01229
5591.39181	0.01221
5589.46307	0.01225
5587.53434	0.01237
5585.60561	0.01235
5583.67688	0.01220
5581.74815	0.01231
5579.81942	0.01258
5577.89069	0.01266
5575.96196	0.01271
5574.03322	0.01292
5572.10449	0.01313
5570.17576	0.01344
5568.24703	0.01377
5566.31830	0.01371
5564.38957	0.01330
5562.46084	0.01295
5560.53211	0.01279
5558.60337	0.01278
5556.67464	0.01297
5554.74591	0.01315
5552.81718	0.01303
5550.88845	0.01279
5548.95972	0.01280
5547.03099	0.01308
5545.10226	0.01348
5543.17352	0.01374
5541.24479	0.01380
5539.31606	0.01375
5537.38733	0.01350
5535.45860	0.01319
5533.52987	0.01305
5531.60114	0.01310
5529.67241	0.01322
5527.74368	0.01321
5525.81494	0.01296
5523.88621	0.01276
5521.95748	0.01283
5520.02875	0.01307
5518.10002	0.01321
5516.17129	0.01314
5514.24256	0.01313
5512.31383	0.01334
5510.38509	0.01345
5508.45636	0.01329
5506.52763	0.01327
5504.59890	0.01347
5502.67017	0.01367
5500.74144	0.01367
5498.81271	0.01345
5496.88398	0.01332
5494.95524	0.01324
5493.02651	0.01303
5491.09778	0.01274
5489.16905	0.01239
5487.24032	0.01240
5485.31159	0.01292
5483.38286	0.01342
5481.45413	0.01359
5479.52539	0.01367
5477.59666	0.01351
5475.66793	0.01308
5473.73920	0.01311
5471.81047	0.01349
5469.88174	0.01359
5467.95301	0.01330
5466.02428	0.01296
5464.09554	0.01316
5462.16681	0.01358
5460.23808	0.01351
5458.30935	0.01327
5456.38062	0.01342
5454.45189	0.01395
5452.52316	0.01434
5450.59443	0.01423
5448.66570	0.01393
5446.73696	0.01372
5444.80823	0.01396
5442.87950	0.01422
5440.95077	0.01385
5439.02204	0.01348
5437.09331	0.01288
5435.16458	0.01204
5433.23585	0.01213
5431.30711	0.01269
5429.37838	0.01258
5427.44965	0.01252
5425.52092	0.01276
5423.59219	0.01290
5421.66346	0.01314
5419.73473	0.01350
5417.80600	0.01381
5415.87726	0.01380
5413.94853	0.01358
5412.01980	0.01342
5410.09107	0.01332
5408.16234	0.01352
5406.23361	0.01386
5404.30488	0.01399
5402.37615	0.01416
5400.44741	0.01451
5398.51868	0.01479
5396.58995	0.01472
5394.66122	0.01415
5392.73249	0.01371
5390.80376	0.01417
5388.87503	0.01469
5386.94630	0.01400
5385.01756	0.01290
5383.08883	0.01294
5381.16010	0.01383
5379.23137	0.01438
5377.30264	0.01411
5375.37391	0.01370
5373.44518	0.01369
5371.51645	0.01398
5369.58772	0.01439
5367.65898	0.01476
5365.73025	0.01479
5363.80152	0.01432
5361.87279	0.01389
5359.94406	0.01399
5358.01533	0.01440
5356.08660	0.01425
5354.15787	0.01326
5352.22913	0.01272
5350.30040	0.01319
5348.37167	0.01374
5346.44294	0.01337
5344.51421	0.01269
5342.58548	0.01328
5340.65675	0.01400
5338.72802	0.01352
5336.79928	0.01285
5334.87055	0.01283
5332.94182	0.01332
5331.01309	0.01398
5329.08436	0.01414
5327.15563	0.01382
5325.22690	0.01369
5323.29817	0.01369
5321.36943	0.01390
5319.44070	0.01439
5317.51197	0.01478
5315.58324	0.01487
5313.65451	0.01485
5311.72578	0.01498
5309.79705	0.01495
5307.86832	0.01451
5305.93958	0.01433
5304.01085	0.01447
5302.08212	0.01441
5300.15339	0.01419
5298.22466	0.01402
5296.29593	0.01400
5294.36720	0.01423
5292.43847	0.01431
5290.50974	0.01405
5288.58100	0.01408
5286.65227	0.01425
5284.72354	0.01424
5282.79481	0.01428
5280.86608	0.01429
5278.93735	0.01429
5277.00862	0.01427
5275.07989	0.01413
5273.15115	0.01410
5271.22242	0.01432
5269.29369	0.01472
5267.36496	0.01506
5265.43623	0.01482
5263.50750	0.01436
5261.57877	0.01446
5259.65004	0.01513
5257.72130	0.01574
5255.79257	0.01566
5253.86384	0.01551
5251.93511	0.01582
5250.00638	0.01570
5248.07765	0.01508
5246.14892	0.01459
5244.22019	0.01420
5242.29145	0.01399
5240.36272	0.01397
5238.43399	0.01411
5236.50526	0.01444
5234.57653	0.01473
5232.64780	0.01479
5230.71907	0.01482
5228.79034	0.01486
5226.86160	0.01438
5224.93287	0.01366
5223.00414	0.01339
5221.07541	0.01316
5219.14668	0.01265
5217.21795	0.01246
5215.28922	0.01306
5213.36049	0.01393
5211.43176	0.01431
5209.50302	0.01398
5207.57429	0.01332
5205.64556	0.01309
5203.71683	0.01337
5201.78810	0.01346
5199.85937	0.01349
5197.93064	0.01382
5196.00191	0.01430
5194.07317	0.01437
5192.14444	0.01383
5190.21571	0.01332
5188.28698	0.01351
5186.35825	0.01391
5184.42952	0.01385
5182.50079	0.01358
5180.57206	0.01350
5178.64332	0.01360
5176.71459	0.01355
5174.78586	0.01327
5172.85713	0.01298
5170.92840	0.01291
5168.99967	0.01327
5167.07094	0.01381
5165.14221	0.01406
5163.21347	0.01407
5161.28474	0.01412
5159.35601	0.01421
5157.42728	0.01402
5155.49855	0.01362
5153.56982	0.01364
5151.64109	0.01396
5149.71236	0.01391
5147.78362	0.01361
5145.85489	0.01369
5143.92616	0.01392
5141.99743	0.01380
5140.06870	0.01362
5138.13997	0.01366
5136.21124	0.01375
5134.28251	0.01370
5132.35378	0.01353
5130.42504	0.01339
5128.49631	0.01346
5126.56758	0.01375
5124.63885	0.01415
5122.71012	0.01442
5120.78139	0.01443
5118.85266	0.01443
5116.92393	0.01452
5114.99519	0.01443
5113.06646	0.01421
5111.13773	0.01417
5109.20900	0.01431
5107.28027	0.01428
5105.35154	0.01399
5103.42281	0.01377
5101.49408	0.01380
5099.56534	0.01385
5097.63661	0.01392
5095.70788	0.01406
5093.77915	0.01404
5091.85042	0.01397
5089.92169	0.01411
5087.99296	0.01439
5086.06423	0.01472
5084.13549	0.01497
5082.20676	0.01498
5080.27803	0.01482
5078.34930	0.01473
5076.42057	0.01469
5074.49184	0.01451
5072.56311	0.01428
5070.63438	0.01428
5068.70564	0.01456
5066.77691	0.01489
5064.84818	0.01498
5062.91945	0.01485
5060.99072	0.01475
5059.06199	0.01474
5057.13326	0.01489
5055.20453	0.01528
5053.27580	0.01563
5051.34706	0.01560
5049.41833	0.01550
5047.48960	0.01573
5045.56087	0.01581
5043.63214	0.01531
5041.70341	0.01483
5039.77468	0.01496
5037.84595	0.01538
5035.91721	0.01552
5033.98848	0.01516
5032.05975	0.01470
5030.13102	0.01474
5028.20229	0.01509
5026.27356	0.01522
5024.34483	0.01521
5022.41610	0.01531
5020.48736	0.01556
5018.55863	0.01581
5016.62990	0.01569
5014.70117	0.01522
5012.77244	0.01501
5010.84371	0.01524
5008.91498	0.01548
5006.98625	0.01555
5005.05751	0.01555
5003.12878	0.01557
5001.20005	0.01564
4999.27132	0.01579
4997.34259	0.01598
4995.41386	0.01618
4993.48513	0.01625
4991.55640	0.01617
4989.62766	0.01597
4987.69893	0.01591
4985.77020	0.01626
4983.84147	0.01673
4981.91274	0.01684
4979.98401	0.01673
4978.05528	0.01685
4976.12655	0.01704
4974.19782	0.01696
4972.26908	0.01669
4970.34035	0.01648
4968.41162	0.01638
4966.48289	0.01619
4964.55416	0.01594
4962.62543	0.01590
4960.69670	0.01615
4958.76797	0.01648
4956.83923	0.01674
4954.91050	0.01701
4952.98177	0.01714
4951.05304	0.01703
4949.12431	0.01693
4947.19558	0.01702
4945.26685	0.01717
4943.33812	0.01708
4941.40938	0.01674
4939.48065	0.01641
4937.55192	0.01622
4935.62319	0.01619
4933.69446	0.01632
4931.76573	0.01662
4929.83700	0.01699
4927.90827	0.01706
4925.97953	0.01676
4924.05080	0.01653
4922.12207	0.01666
4920.19334	0.01687
4918.26461	0.01707
4916.33588	0.01722
4914.40715	0.01714
4912.47842	0.01698
4910.54968	0.01709
4908.62095	0.01741
4906.69222	0.01752
4904.76349	0.01737
4902.83476	0.01726
4900.90603	0.01723
4898.97730	0.01701
4897.04857	0.01662
4895.11984	0.01640
4893.19110	0.01656
4891.26237	0.01699
4889.33364	0.01737
4887.40491	0.01747
4885.47618	0.01734
4883.54745	0.01722
4881.61872	0.01716
4879.68999	0.01701
4877.76125	0.01673
4875.83252	0.01647
4873.90379	0.01647
4871.97506	0.01672
4870.04633	0.01701
4868.11760	0.01728
4866.18887	0.01759
4864.26014	0.01777
4862.33140	0.01765
4860.40267	0.01735
4858.47394	0.01722
4856.54521	0.01731
4854.61648	0.01746
4852.68775	0.01746
4850.75902	0.01725
4848.83029	0.01707
4846.90155	0.01699
4844.97282	0.01692
4843.04409	0.01696
4841.11536	0.01706
4839.18663	0.01705
4837.25790	0.01701
4835.32917	0.01717
4833.40044	0.01756
4831.47170	0.01781
4829.54297	0.01768
4827.61424	0.01731
4825.68551	0.01689
4823.75678	0.01657
4821.82805	0.01645
4819.89932	0.01646
4817.97059	0.01663
4816.04186	0.01683
4814.11312	0.01683
4812.18439	0.01673
4810.25566	0.01671
4808.32693	0.01677
4806.39820	0.01698
4804.46947	0.01730
4802.54074	0.01741
4800.61201	0.01718
4798.68327	0.01690
4796.75454	0.01683
4794.82581	0.01679
4792.89708	0.01682
4790.96835	0.01712
4789.03962	0.01743
4787.11089	0.01752
4785.18216	0.01750
4783.25342	0.01722
4781.32469	0.01679
4779.39596	0.01675
4777.46723	0.01717
4775.53850	0.01758
4773.60977	0.01754
4771.68104	0.01722
4769.75231	0.01706
4767.82357	0.01710
4765.89484	0.01719
4763.96611	0.01727
4762.03738	0.01724
4760.10865	0.01722
4758.17992	0.01741
4756.25119	0.01769
4754.32246	0.01771
4752.39372	0.01742
4750.46499	0.01710
4748.53626	0.01703
4746.60753	0.01723
4744.67880	0.01739
4742.75007	0.01741
4740.82134	0.01751
4738.89261	0.01761
4736.96388	0.01750
4735.03514	0.01735
4733.10641	0.01735
4731.17768	0.01731
4729.24895	0.01721
4727.32022	0.01733
4725.39149	0.01763
4723.46276	0.01782
4721.53403	0.01789
4719.60529	0.01787
4717.67656	0.01772
4715.74783	0.01747
4713.81910	0.01729
4711.89037	0.01742
4709.96164	0.01774
4708.03291	0.01787
4706.10418	0.01782
4704.17544	0.01793
4702.24671	0.01824
4700.31798	0.01846
4698.38925	0.01847
4696.46052	0.01840
4694.53179	0.01824
4692.60306	0.01799
4690.67433	0.01786
4688.74559	0.01792
4686.81686	0.01798
4684.88813	0.01798
4682.95940	0.01805
4681.03067	0.01818
4679.10194	0.01820
4677.17321	0.01820
4675.24448	0.01843
4673.31574	0.01864
4671.38701	0.01851
4669.45828	0.01830
4667.52955	0.01833
4665.60082	0.01841
4663.67209	0.01844
4661.74336	0.01866
4659.81463	0.01909
4657.88590	0.01938
4655.95716	0.01937
4654.02843	0.01919
4652.09970	0.01896
4650.17097	0.01884
4648.24224	0.01882
4646.31351	0.01880
4644.38478	0.01879
4642.45605	0.01878
4640.52731	0.01889
4638.59858	0.01910
4636.66985	0.01912
4634.74112	0.01885
4632.81239	0.01854
4630.88366	0.01845
4628.95493	0.01875
4627.02620	0.01913
4625.09746	0.01913
4623.16873	0.01876
4621.24000	0.01852
4619.31127	0.01854
4617.38254	0.01854
4615.45381	0.01851
4613.52508	0.01869
4611.59635	0.01905
4609.66761	0.01918
4607.73888	0.01888
4605.81015	0.01860
4603.88142	0.01867
4601.95269	0.01883
4600.02396	0.01881
4598.09523	0.01874
4596.16650	0.01883
4594.23776	0.01904
4592.30903	0.01923
4590.38030	0.01933
4588.45157	0.01932
4586.52284	0.01926
4584.59411	0.01913
4582.66538	0.01893
4580.73665	0.01879
4578.80792	0.01868
4576.87918	0.01860
4574.95045	0.01879
4573.02172	0.01910
4571.09299	0.01913
4569.16426	0.01896
4567.23553	0.01892
4565.30680	0.01897
4563.37807	0.01897
4561.44933	0.01901
4559.52060	0.01912
4557.59187	0.01915
4555.66314	0.01907
4553.73441	0.01902
4551.80568	0.01907
4549.87695	0.01913
4547.94822	0.01908
4546.01948	0.01896
4544.09075	0.01893
4542.16202	0.01895
4540.23329	0.01885
4538.30456	0.01873
4536.37583	0.01892
4534.44710	0.01933
4532.51837	0.01959
4530.58963	0.01966
4528.66090	0.01964
4526.73217	0.01960
4524.80344	0.01958
4522.87471	0.01946
4520.94598	0.01925
4519.01725	0.01914
4517.08852	0.01917
4515.15978	0.01923
4513.23105	0.01924
4511.30232	0.01920
4509.37359	0.01917
4507.44486	0.01920
4505.51613	0.01927
4503.58740	0.01937
4501.65867	0.01949
4499.72994	0.01958
4497.80120	0.01957
4495.87247	0.01948
4493.94374	0.01949
4492.01501	0.01962
4490.08628	0.01969
4488.15755	0.01964
4486.22882	0.01952
4484.30009	0.01935
4482.37135	0.01925
4480.44262	0.01931
4478.51389	0.01950
4476.58516	0.01969
4474.65643	0.01968
4472.72770	0.01958
4470.79897	0.01962
4468.87024	0.01965
4466.94150	0.01966
4465.01277	0.01986
4463.08404	0.02014
4461.15531	0.02023
4459.22658	0.02007
4457.29785	0.01991
4455.36912	0.02002
4453.44039	0.02024
4451.51165	0.02031
4449.58292	0.02015
4447.65419	0.01996
4445.72546	0.02000
4443.79673	0.02023
4441.86800	0.02037
4439.93927	0.02030
4438.01054	0.02013
4436.08180	0.02011
4434.15307	0.02033
4432.22434	0.02069
4430.29561	0.02093
4428.36688	0.02095
4426.43815	0.02087
4424.50942	0.02079
4422.58069	0.02061
4420.65196	0.02043
4418.72322	0.02040
4416.79449	0.02051
4414.86576	0.02061
4412.93703	0.02066
4411.00830	0.02060
4409.07957	0.02045
4407.15084	0.02028
4405.22211	0.02021
4403.29337	0.02041
4401.36464	0.02079
4399.43591	0.02091
4397.50718	0.02069
4395.57845	0.02049
4393.64972	0.02046
4391.72099	0.02048
4389.79226	0.02048
4387.86352	0.02043
4385.93479	0.02039
4384.00606	0.02048
4382.07733	0.02059
4380.14860	0.02064
4378.21987	0.02072
4376.29114	0.02078
4374.36241	0.02078
4372.43367	0.02091
4370.50494	0.02099
4368.57621	0.02082
4366.64748	0.02077
4364.71875	0.02102
4362.79002	0.02119
4360.86129	0.02112
4358.93256	0.02104
4357.00382	0.02113
4355.07509	0.02125
4353.14636	0.02122
4351.21763	0.02119
4349.28890	0.02133
4347.36017	0.02154
4345.43144	0.02160
4343.50271	0.02152
4341.57398	0.02141
4339.64524	0.02138
4337.71651	0.02140
4335.78778	0.02140
4333.85905	0.02142
4331.93032	0.02142
4330.00159	0.02135
4328.07286	0.02131
4326.14413	0.02126
4324.21539	0.02124
4322.28666	0.02139
4320.35793	0.02147
4318.42920	0.02130
4316.50047	0.02115
4314.57174	0.02121
4312.64301	0.02125
4310.71428	0.02120
4308.78554	0.02128
4306.85681	0.02139
4304.92808	0.02149
4302.99935	0.02156
4301.07062	0.02157
4299.14189	0.02161
4297.21316	0.02159
4295.28443	0.02145
4293.35569	0.02141
4291.42696	0.02150
4289.49823	0.02149
4287.56950	0.02148
4285.64077	0.02161
4283.71204	0.02166
4281.78331	0.02151
4279.85458	0.02143
4277.92584	0.02158
4275.99711	0.02173
4274.06838	0.02168
4272.13965	0.02161
4270.21092	0.02167
4268.28219	0.02177
4266.35346	0.02182
4264.42473	0.02187
4262.49600	0.02194
4260.56726	0.02188
4258.63853	0.02171
4256.70980	0.02166
4254.78107	0.02169
4252.85234	0.02157
4250.92361	0.02132
4248.99488	0.02116
4247.06615	0.02124
4245.13741	0.02140
4243.20868	0.02146
4241.27995	0.02146
4239.35122	0.02145
4237.42249	0.02142
4235.49376	0.02150
4233.56503	0.02174
4231.63630	0.02196
4229.70756	0.02201
4227.77883	0.02201
4225.85010	0.02202
4223.92137	0.02193
4221.99264	0.02171
4220.06391	0.02147
4218.13518	0.02141
4216.20645	0.02150
4214.27771	0.02151
4212.34898	0.02145
4210.42025	0.02153
4208.49152	0.02172
4206.56279	0.02183
4204.63406	0.02187
4202.70533	0.02192
4200.77660	0.02197
4198.84786	0.02201
4196.91913	0.02205
4194.99040	0.02201
4193.06167	0.02200
4191.13294	0.02209
4189.20421	0.02218
4187.27548	0.02220
4185.34675	0.02213
4183.41802	0.02197
4181.48928	0.02189
4179.56055	0.02197
4177.63182	0.02209
4175.70309	0.02219
4173.77436	0.02217
4171.84563	0.02204
4169.91690	0.02189
4167.98817	0.02180
4166.05943	0.02193
4164.13070	0.02220
4162.20197	0.02227
4160.27324	0.02214
4158.34451	0.02196
4156.41578	0.02171
4154.48705	0.02154
4152.55832	0.02154
4150.62958	0.02157
4148.70085	0.02157
4146.77212	0.02153
4144.84339	0.02148
4142.91466	0.02150
4140.98593	0.02149
4139.05720	0.02141
4137.12847	0.02140
4135.19973	0.02147
4133.27100	0.02147
4131.34227	0.02144
4129.41354	0.02146
4127.48481	0.02154
4125.55608	0.02155
4123.62735	0.02146
4121.69862	0.02138
4119.76988	0.02142
4117.84115	0.02145
4115.91242	0.02131
4113.98369	0.02121
4112.05496	0.02135
4110.12623	0.02151
4108.19750	0.02156
4106.26877	0.02148
4104.34004	0.02138
4102.41130	0.02145
4100.48257	0.02159
4098.55384	0.02159
4096.62511	0.02150
4094.69638	0.02149
4092.76765	0.02150
4090.83892	0.02139
4088.91019	0.02127
4086.98145	0.02123
4085.05272	0.02121
4083.12399	0.02122
4081.19526	0.02125
4079.26653	0.02121
4077.33780	0.02113
4075.40907	0.02113
4073.48034	0.02118
4071.55160	0.02121
4069.62287	0.02119
4067.69414	0.02111
4065.76541	0.02105
4063.83668	0.02105
4061.90795	0.02110
4059.97922	0.02124
4058.05049	0.02133
4056.12175	0.02122
4054.19302	0.02106
4052.26429	0.02106
4050.33556	0.02123
4048.40683	0.02129
4046.47810	0.02109
4044.54937	0.02094
4042.62064	0.02110
4040.69190	0.02127
4038.76317	0.02130
4036.83444	0.02132
4034.90571	0.02128
4032.97698	0.02118
4031.04825	0.02119
4029.11952	0.02128
4027.19079	0.02120
4025.26206	0.02105
4023.33332	0.02092
4021.40459	0.02077
4019.47586	0.02067
4017.54713	0.02079
4015.61840	0.02099
4013.68967	0.02097
4011.76094	0.02077
4009.83221	0.02060
4007.90347	0.02056
4005.97474	0.02061
4004.04601	0.02070
4002.11728	0.02081
4000.18855	0.02094
3998.25982	0.02097
3996.33109	0.02089
3994.40236	0.02079
3992.47362	0.02065
3990.54489	0.02053
3988.61616	0.02055
3986.68743	0.02059
3984.75870	0.02050
3982.82997	0.02033
3980.90124	0.02028
3978.97251	0.02043
3977.04377	0.02056
3975.11504	0.02053
3973.18631	0.02043
3971.25758	0.02035
3969.32885	0.02036
3967.40012	0.02047
3965.47139	0.02054
3963.54266	0.02039
3961.61392	0.02017
3959.68519	0.02014
3957.75646	0.02021
3955.82773	0.02032
3953.89900	0.02045
3951.97027	0.02042
3950.04154	0.02017
3948.11281	0.02004
3946.18408	0.02017
3944.25534	0.02009
3942.32661	0.01983
3940.39788	0.01975
3938.46915	0.01984
3936.54042	0.02013
3934.61169	0.02025
3932.68296	0.01996
3930.75423	0.01976
3928.82549	0.01993
3926.89676	0.02002
3924.96803	0.01992
3923.03930	0.02002
3921.11057	0.02007
3919.18184	0.01963
3917.25311	0.01909
3915.32438	0.01907
3913.39564	0.01936
3911.46691	0.01963
3909.53818	0.02019
3907.60945	0.02080
3905.68072	0.02072
3903.75199	0.02009
3901.82326	0.01940
3899.89453	0.01876
3897.96579	0.01885
3896.03706	0.01958
3894.10833	0.01975
3892.17960	0.01916
3890.25087	0.01931
3888.32214	0.01987
3886.39341	0.01953
3884.46468	0.01936
3882.53594	0.01920
3880.60721	0.01850
3878.67848	0.01866
3876.74975	0.01930
3874.82102	0.01958
3872.89229	0.01976
3870.96356	0.01933
3869.03483	0.01912
3867.10610	0.01945
3865.17736	0.01902
3863.24863	0.01835
3861.31990	0.01836
3859.39117	0.01925
3857.46244	0.02024
3855.53371	0.01949
3853.60498	0.01734
3851.67625	0.01700
3849.74751	0.01801
3847.81878	0.01877
3845.89005	0.01918
3843.96132	0.01960
3842.03259	0.02012
3840.10386	0.01989
3838.17513	0.01888
3836.24640	0.01838
3834.31766	0.01836
3832.38893	0.01820
3830.46020	0.01831
3828.53147	0.01857
3826.60274	0.01899
3824.67401	0.01975
3822.74528	0.01951
3820.81655	0.01899
3818.88781	0.01924
3816.95908	0.01844
3815.03035	0.01758
3813.10162	0.01818
3811.17289	0.01914
3809.24416	0.01929
3807.31543	0.01893
3805.38670	0.01946
3803.45796	0.01943
3801.52923	0.01840
3799.60050	0.01845
3797.67177	0.01870
3795.74304	0.01857
3793.81431	0.01879
3791.88558	0.01905
3789.95685	0.01922
3788.02812	0.01930
3786.09938	0.01915
3784.17065	0.01916
3782.24192	0.01935
3780.31319	0.01906
3778.38446	0.01880
3776.45573	0.01911
3774.52700	0.01966
3772.59827	0.01987
3770.66953	0.01945
3768.74080	0.01913
3766.81207	0.01906
3764.88334	0.01933
3762.95461	0.02003
3761.02588	0.02014
3759.09715	0.01992
3757.16842	0.02051
3755.23968	0.02162
3753.31095	0.02174
3751.38222	0.02075
3749.45349	0.02074
3747.52476	0.02156
3745.59603	0.02070
3743.66730	0.02010
3741.73857	0.02168
3739.80983	0.02325
3737.88110	0.02366
3735.95237	0.02334
3734.02364	0.02309
3732.09491	0.02332
3730.16618	0.02428
3728.23745	0.02523
3726.30872	0.02594
3724.37998	0.02688
3722.45125	0.02794
3720.52252	0.02920
3718.59379	0.03092
3716.66506	0.03316
3714.73633	0.03525
3712.80760	0.03654
3710.87887	0.03781
3708.95014	0.03996
3707.02140	0.04260
3705.09267	0.04492
3703.16394	0.04654
3701.23521	0.04821
3699.30648	0.05048
3697.37775	0.05281
3695.44902	0.05514
3693.52029	0.05733
3691.59155	0.05866
3689.66282	0.05921
3687.73409	0.06039
3685.80536	0.06272
3683.87663	0.06516
3681.94790	0.06755
3680.01917	0.07031
3678.09044	0.07315
3676.16170	0.07602
3674.23297	0.08013
3672.30424	0.08318
3670.37551	0.08358
3668.44678	0.08446
3666.51805	0.08670
3664.58932	0.08931
3662.66059	0.09235
3660.73185	0.09563
3658.80312	0.09801
3656.87439	0.09927
3654.94566	0.10108
3653.01693	0.10309
3651.08820	0.10372
3649.15947	0.10400
3647.23074	0.10566
3645.30200	0.10833
3643.37327	0.11056
3641.44454	0.11203
3639.51581	0.11333
3637.58708	0.11492
3635.65835	0.11700
3633.72962	0.11963
3631.80089	0.12188
3629.87216	0.12243
3627.94342	0.12318
3626.01469	0.12546
3624.08596	0.12784
3622.15723	0.12942
3620.22850	0.13010
3618.29977	0.13072
3616.37104	0.13167
3614.44231	0.13227
3612.51357	0.13274
3610.58484	0.13325
3608.65611	0.13370
3606.72738	0.13473
3604.79865	0.13616
3602.86992	0.13711
3600.94119	0.13767
3599.01246	0.13835
3597.08372	0.13907
3595.15499	0.13980
3593.22626	0.14102
3591.29753	0.14241
3589.36880	0.14289
3587.44007	0.14293
3585.51134	0.14377
3583.58261	0.14500
3581.65387	0.14593
3579.72514	0.14680
3577.79641	0.14781
3575.86768	0.14884
3573.93895	0.14995
3572.01022	0.15121
3570.08149	0.15220
3568.15276	0.15261
3566.22402	0.15325
3564.29529	0.15447
3562.36656	0.15554
3560.43783	0.15635
3558.50910	0.15722
3556.58037	0.15813
3554.65164	0.15880
3552.72291	0.15929
3550.79418	0.16004
3548.86544	0.16080
3546.93671	0.16121
3545.00798	0.16153
3543.07925	0.16206
3541.15052	0.16270
3539.22179	0.16324
3537.29306	0.16363
3535.36433	0.16415
3533.43559	0.16487
3531.50686	0.16553
3529.57813	0.16600
3527.64940	0.16635
3525.72067	0.16668
3523.79194	0.16707
3521.86321	0.16761
3519.93448	0.16810
3518.00574	0.16849
3516.07701	0.16900
3514.14828	0.16960
3512.21955	0.17010
3510.29082	0.17051
3508.36209	0.17116
3506.43336	0.17187
3504.50463	0.17219
3502.57589	0.17245
3500.64716	0.17304
3498.71843	0.17366
3496.78970	0.17410
3494.86097	0.17447
3492.93224	0.17492
3491.00351	0.17546
3489.07478	0.17592
3487.14604	0.17633
3485.21731	0.17691
3483.28858	0.17747
3481.35985	0.17791
3479.43112	0.17831
3477.50239	0.17860
3475.57366	0.17877
3473.64493	0.17904
3471.71620	0.17950
3469.78746	0.18000
3467.85873	0.18041
3465.93000	0.18084
3464.00127	0.18127
3462.07254	0.18156
3460.14381	0.18174
3458.21508	0.18186
3456.28635	0.18206
3454.35761	0.18250
3452.42888	0.18296
3450.50015	0.18326
3448.57142	0.18339
3446.64269	0.18348
3444.71396	0.18360
3442.78523	0.18364
3440.85650	0.18376
3438.92776	0.18392
3436.99903	0.18402
3435.07030	0.18421
3433.14157	0.18445
3431.21284	0.18463
3429.28411	0.18485
3427.35538	0.18516
3425.42665	0.18539
3423.49791	0.18543
3421.56918	0.18542
3419.64045	0.18544
3417.71172	0.18547
3415.78299	0.18564
3413.85426	0.18592
3411.92553	0.18600
3409.99680	0.18588
3408.06806	0.18573
3406.13933	0.18559
3404.21060	0.18552
3402.28187	0.18552
3400.35314	0.18547
3398.42441	0.18518
3396.49568	0.18506
3394.56695	0.18498
3392.63822	0.18479
3390.70948	0.18456
3388.78075	0.18443
3386.85202	0.18426
3384.92329	0.18398
3382.99456	0.18367
3381.06583	0.18343
3379.13710	0.18318
3377.20837	0.18289
3375.27963	0.18256
3373.35090	0.18215
3371.42217	0.18164
3369.49344	0.18124
3367.56471	0.18102
3365.63598	0.18079
3363.70725	0.18044
3361.77852	0.18018
3359.84978	0.18006
3357.92105	0.17983
3355.99232	0.17944
3354.06359	0.17896
3352.13486	0.17841
3350.20613	0.17788
3348.27740	0.17745
3346.34867	0.17704
3344.41993	0.17652
3342.49120	0.17592
3340.56247	0.17541
3338.63374	0.17504
3336.70501	0.17477
3334.77628	0.17444
3332.84755	0.17397
3330.91882	0.17344
3328.99008	0.17286
3327.06135	0.17226
3325.13262	0.17171
3323.20389	0.17119
3321.27516	0.17061
3319.34643	0.16999
3317.41770	0.16943
3315.48897	0.16900
3313.56024	0.16872
3311.63150	0.16843
3309.70277	0.16795
3307.77404	0.16731
3305.84531	0.16667
3303.91658	0.16607
3301.98785	0.16550
3300.05912	0.16491
3298.13039	0.16428
3296.20165	0.16362
3294.27292	0.16287
3292.34419	0.16210
3290.41546	0.16152
3288.48673	0.16104
3286.55800	0.16042
3284.62927	0.15967
3282.70054	0.15889
3280.77180	0.15819
3278.84307	0.15758
3276.91434	0.15693
3274.98561	0.15614
3273.05688	0.15521
3271.12815	0.15427
3269.19942	0.15353
3267.27069	0.15296
3265.34195	0.15222
3263.41322	0.15126
3261.48449	0.15031
3259.55576	0.14946
3257.62703	0.14859
3255.69830	0.14760
3253.76957	0.14654
3251.84084	0.14559
3249.91210	0.14480
3247.98337	0.14409
3246.05464	0.14341
3244.12591	0.14271
3242.19718	0.14190
3240.26845	0.14087
3238.33972	0.13965
3236.41099	0.13840
3234.48226	0.13738
3232.55352	0.13659
3230.62479	0.13586
3228.69606	0.13504
3226.76733	0.13419
3224.83860	0.13340
3222.90987	0.13268
3220.98114	0.13196
3219.05241	0.13115
3217.12367	0.13032
3215.19494	0.12952
3213.26621	0.12881
3211.33748	0.12804
3209.40875	0.12711
3207.48002	0.12611
3205.55129	0.12515
3203.62256	0.12427
3201.69382	0.12346
3199.76509	0.12263
3197.83636	0.12181
3195.90763	0.12103
3193.97890	0.12024
3192.05017	0.11946
3190.12144	0.11865
3188.19271	0.11782
3186.26397	0.11700
3184.33524	0.11619
3182.40651	0.11537
3180.47778	0.11447
3178.54905	0.11347
3176.62032	0.11257
3174.69159	0.11185
3172.76286	0.11124
3170.83412	0.11062
3168.90539	0.10991
3166.97666	0.10918
3165.04793	0.10849
3163.11920	0.10783
3161.19047	0.10716
3159.26174	0.10641
3157.33301	0.10553
3155.40428	0.10468
3153.47554	0.10405
3151.54681	0.10357
3149.61808	0.10303
3147.68935	0.10232
3145.76062	0.10160
3143.83189	0.10094
3141.90316	0.10034
3139.97443	0.09988
3138.04569	0.09950
3136.11696	0.09893
3134.18823	0.09815
3132.25950	0.09742
3130.33077	0.09686
3128.40204	0.09631
3126.47331	0.09582
3124.54458	0.09545
3122.61584	0.09507
3120.68711	0.09463
3118.75838	0.09425
3116.82965	0.09403
3114.90092	0.09398
3112.97219	0.09394
3111.04346	0.09375
3109.11473	0.09354
3107.18599	0.09341
3105.25726	0.09346
3103.32853	0.09373
3101.39980	0.09401
3099.47107	0.09427
3097.54234	0.09460
3095.61361	0.09496
3093.68488	0.09523
3091.75614	0.09548
3089.82741	0.09583
3087.89868	0.09624
3085.96995	0.09659
3084.04122	0.09684
3082.11249	0.09702
3080.18376	0.09720
3078.25503	0.09743
3076.32630	0.09772
3074.39756	0.09803
3072.46883	0.09831
3070.54010	0.09847
3068.61137	0.09847
3066.68264	0.09846
3064.75391	0.09856
3062.82518	0.09873
3060.89645	0.09880
3058.96771	0.09873
3057.03898	0.09852
3055.11025	0.09836
3053.18152	0.09828
3051.25279	0.09819
3049.32406	0.09805
3047.39533	0.09789
3045.46660	0.09774
3043.53786	0.09750
3041.60913	0.09717
3039.68040	0.09677
3037.75167	0.09634
3035.82294	0.09596
3033.89421	0.09561
3031.96548	0.09517
3030.03675	0.09468
3028.10801	0.09420
3026.17928	0.09367
3024.25055	0.09317
3022.32182	0.09275
3020.39309	0.09239
3018.46436	0.09204
3016.53563	0.09166
3014.60690	0.09123
3012.67816	0.09087
3010.74943	0.09066
3008.82070	0.09050
3006.89197	0.09035
3004.96324	0.09026
3003.03451	0.09025
3001.10578	0.09030
2999.17705	0.09045
2997.24832	0.09052
2995.31958	0.09062
2993.39085	0.09085
2991.46212	0.09113
2989.53339	0.09137
2987.60466	0.09173
2985.67593	0.09223
2983.74720	0.09270
2981.81847	0.09305
2979.88973	0.09330
2977.96100	0.09350
2976.03227	0.09370
2974.10354	0.09397
2972.17481	0.09441
2970.24608	0.09493
2968.31735	0.09537
2966.38862	0.09579
2964.45988	0.09628
2962.53115	0.09672
2960.60242	0.09703
2958.67369	0.09737
2956.74496	0.09778
2954.81623	0.09817
2952.88750	0.09847
2950.95877	0.09876
2949.03003	0.09921
2947.10130	0.09974
2945.17257	0.10022
2943.24384	0.10075
2941.31511	0.10145
2939.38638	0.10228
2937.45765	0.10308
2935.52892	0.10372
2933.60018	0.10424
2931.67145	0.10478
2929.74272	0.10537
2927.81399	0.10582
2925.88526	0.10603
2923.95653	0.10604
2922.02780	0.10587
2920.09907	0.10543
2918.17034	0.10455
2916.24160	0.10322
2914.31287	0.10174
2912.38414	0.10039
2910.45541	0.09921
2908.52668	0.09820
2906.59795	0.09731
2904.66922	0.09650
2902.74049	0.09576
2900.81175	0.09504
2898.88302	0.09435
2896.95429	0.09370
2895.02556	0.09307
2893.09683	0.09245
2891.16810	0.09186
2889.23937	0.09133
2887.31064	0.09080
2885.38190	0.09019
2883.45317	0.08963
2881.52444	0.08923
2879.59571	0.08903
2877.66698	0.08887
2875.73825	0.08864
2873.80952	0.08833
2871.88079	0.08796
2869.95205	0.08762
2868.02332	0.08736
2866.09459	0.08715
2864.16586	0.08703
2862.23713	0.08701
2860.30840	0.08713
2858.37967	0.08741
2856.45094	0.08779
2854.52220	0.08808
2852.59347	0.08809
2850.66474	0.08757
2848.73601	0.08632
2846.80728	0.08451
2844.87855	0.08265
2842.94982	0.08102
2841.02109	0.07966
2839.09236	0.07850
2837.16362	0.07748
2835.23489	0.07666
2833.30616	0.07604
2831.37743	0.07549
2829.44870	0.07494
2827.51997	0.07438
2825.59124	0.07385
2823.66251	0.07335
2821.73377	0.07286
2819.80504	0.07241
2817.87631	0.07196
2815.94758	0.07148
2814.01885	0.07103
2812.09012	0.07068
2810.16139	0.07034
2808.23266	0.06995
2806.30392	0.06955
2804.37519	0.06921
2802.44646	0.06891
2800.51773	0.06854
2798.58900	0.06812
2796.66027	0.06767
2794.73154	0.06720
2792.80281	0.06677
2790.87407	0.06639
2788.94534	0.06605
2787.01661	0.06576
2785.08788	0.06552
2783.15915	0.06532
2781.23042	0.06508
2779.30169	0.06473
2777.37296	0.06434
2775.44422	0.06404
2773.51549	0.06379
2771.58676	0.06352
2769.65803	0.06321
2767.72930	0.06287
2765.80057	0.06259
2763.87184	0.06242
2761.94311	0.06233
2760.01438	0.06219
2758.08564	0.06198
2756.15691	0.06180
2754.22818	0.06168
2752.29945	0.06157
2750.37072	0.06134
2748.44199	0.06099
2746.51326	0.06064
2744.58453	0.06039
2742.65579	0.06016
2740.72706	0.05992
2738.79833	0.05967
2736.86960	0.05941
2734.94087	0.05913
2733.01214	0.05885
2731.08341	0.05859
2729.15468	0.05825
2727.22594	0.05784
2725.29721	0.05752
2723.36848	0.05730
2721.43975	0.05708
2719.51102	0.05682
2717.58229	0.05654
2715.65356	0.05630
2713.72483	0.05604
2711.79609	0.05570
2709.86736	0.05534
2707.93863	0.05507
2706.00990	0.05490
2704.08117	0.05468
2702.15244	0.05438
2700.22371	0.05411
2698.29498	0.05392
2696.36624	0.05372
2694.43751	0.05345
2692.50878	0.05319
2690.58005	0.05296
2688.65132	0.05269
2686.72259	0.05234
2684.79386	0.05201
2682.86513	0.05180
2680.93640	0.05164
2679.00766	0.05144
2677.07893	0.05124
2675.15020	0.05102
2673.22147	0.05070
2671.29274	0.05036
2669.36401	0.05013
2667.43528	0.04995
2665.50655	0.04969
2663.57781	0.04936
2661.64908	0.04905
2659.72035	0.04882
2657.79162	0.04860
2655.86289	0.04832
2653.93416	0.04803
2652.00543	0.04777
2650.07670	0.04755
2648.14796	0.04734
2646.21923	0.04714
2644.29050	0.04700
2642.36177	0.04683
2640.43304	0.04657
2638.50431	0.04632
2636.57558	0.04614
2634.64685	0.04593
2632.71811	0.04568
2630.78938	0.04543
2628.86065	0.04517
2626.93192	0.04490
2625.00319	0.04469
2623.07446	0.04454
2621.14573	0.04441
2619.21700	0.04422
2617.28826	0.04396
2615.35953	0.04368
2613.43080	0.04342
2611.50207	0.04319
2609.57334	0.04301
2607.64461	0.04289
2605.71588	0.04279
2603.78715	0.04265
2601.85842	0.04242
2599.92968	0.04218
2598.00095	0.04194
2596.07222	0.04169
2594.14349	0.04147
2592.21476	0.04128
2590.28603	0.04106
2588.35730	0.04084
2586.42857	0.04066
2584.49983	0.04047
2582.57110	0.04026
2580.64237	0.04007
2578.71364	0.03993
2576.78491	0.03979
2574.85618	0.03961
2572.92745	0.03942
2570.99872	0.03927
2569.06998	0.03917
2567.14125	0.03909
2565.21252	0.03895
2563.28379	0.03875
2561.35506	0.03857
2559.42633	0.03839
2557.49760	0.03820
2555.56887	0.03806
2553.64013	0.03795
2551.71140	0.03781
2549.78267	0.03773
2547.85394	0.03763
2545.92521	0.03753
2543.99648	0.03744
2542.06775	0.03741
2540.13902	0.03739
2538.21028	0.03732
2536.28155	0.03721
2534.35282	0.03714
2532.42409	0.03705
2530.49536	0.03691
2528.56663	0.03677
2526.63790	0.03668
2524.70917	0.03660
2522.78044	0.03654
2520.85170	0.03655
2518.92297	0.03655
2516.99424	0.03648
2515.06551	0.03640
2513.13678	0.03638
2511.20805	0.03635
2509.27932	0.03628
2507.35059	0.03621
2505.42185	0.03612
2503.49312	0.03604
2501.56439	0.03600
2499.63566	0.03600
2497.70693	0.03600
2495.77820	0.03598
2493.84947	0.03590
2491.92074	0.03580
2489.99200	0.03574
2488.06327	0.03573
2486.13454	0.03570
2484.20581	0.03563
2482.27708	0.03558
2480.34835	0.03554
2478.41962	0.03549
2476.49089	0.03545
2474.56215	0.03538
2472.63342	0.03528
2470.70469	0.03519
2468.77596	0.03511
2466.84723	0.03505
2464.91850	0.03494
2462.98977	0.03478
2461.06104	0.03467
2459.13230	0.03465
2457.20357	0.03466
2455.27484	0.03461
2453.34611	0.03458
2451.41738	0.03456
2449.48865	0.03446
2447.55992	0.03434
2445.63119	0.03435
2443.70246	0.03437
2441.77372	0.03430
2439.84499	0.03426
2437.91626	0.03419
2435.98753	0.03408
2434.05880	0.03406
2432.13007	0.03405
2430.20134	0.03387
2428.27261	0.03362
2426.34387	0.03357
2424.41514	0.03372
2422.48641	0.03395
2420.55768	0.03415
2418.62895	0.03430
2416.70022	0.03440
2414.77149	0.03445
2412.84276	0.03447
2410.91402	0.03449
2408.98529	0.03451
2407.05656	0.03454
2405.12783	0.03457
2403.19910	0.03457
2401.27037	0.03456
2399.34164	0.03454
2397.41291	0.03451
2395.48417	0.03451
2393.55544	0.03459
2391.62671	0.03469
2389.69798	0.03475
2387.76925	0.03476
2385.84052	0.03475
2383.91179	0.03477
2381.98306	0.03484
2380.05432	0.03494
2378.12559	0.03497
2376.19686	0.03487
2374.26813	0.03473
2372.33940	0.03469
2370.41067	0.03479
2368.48194	0.03489
2366.55321	0.03490
2364.62448	0.03481
2362.69574	0.03472
2360.76701	0.03465
2358.83828	0.03456
2356.90955	0.03443
2354.98082	0.03425
2353.05209	0.03406
2351.12336	0.03402
2349.19463	0.03427
2347.26589	0.03463
2345.33716	0.03484
2343.40843	0.03478
2341.47970	0.03460
2339.55097	0.03445
2337.62224	0.03436
2335.69351	0.03431
2333.76478	0.03426
2331.83604	0.03419
2329.90731	0.03412
2327.97858	0.03405
2326.04985	0.03399
2324.12112	0.03398
2322.19239	0.03402
2320.26366	0.03405
2318.33493	0.03404
2316.40619	0.03406
2314.47746	0.03410
2312.54873	0.03413
2310.62000	0.03412
2308.69127	0.03405
2306.76254	0.03399
2304.83381	0.03400
2302.90508	0.03401
2300.97634	0.03398
2299.04761	0.03396
2297.11888	0.03395
2295.19015	0.03396
2293.26142	0.03401
2291.33269	0.03408
2289.40396	0.03415
2287.47523	0.03420
2285.54650	0.03421
2283.61776	0.03419
2281.68903	0.03416
2279.76030	0.03417
2277.83157	0.03424
2275.90284	0.03427
2273.97411	0.03423
2272.04538	0.03424
2270.11665	0.03431
2268.18791	0.03438
2266.25918	0.03441
2264.33045	0.03441
2262.40172	0.03441
2260.47299	0.03445
2258.54426	0.03448
2256.61553	0.03448
2254.68680	0.03447
2252.75806	0.03445
2250.82933	0.03447
2248.90060	0.03457
2246.97187	0.03475
2245.04314	0.03484
2243.11441	0.03495
2241.18568	0.03504
2239.25695	0.03507
2237.32821	0.03515
2235.39948	0.03525
2233.47075	0.03524
2231.54202	0.03515
2229.61329	0.03507
2227.68456	0.03508
2225.75583	0.03516
2223.82710	0.03520
2221.89836	0.03519
2219.96963	0.03505
2218.04090	0.03494
2216.11217	0.03478
2214.18344	0.03460
2212.25471	0.03442
2210.32598	0.03425
2208.39725	0.03414
2206.46852	0.03415
2204.53978	0.03418
2202.61105	0.03413
2200.68232	0.03393
2198.75359	0.03362
2196.82486	0.03345
2194.89613	0.03351
2192.96740	0.03355
2191.03867	0.03343
2189.10993	0.03326
2187.18120	0.03315
2185.25247	0.03308
2183.32374	0.03304
2181.39501	0.03299
2179.46628	0.03290
2177.53755	0.03279
2175.60882	0.03266
2173.68008	0.03254
2171.75135	0.03247
2169.82262	0.03243
2167.89389	0.03239
2165.96516	0.03233
2164.03643	0.03229
2162.10770	0.03226
2160.17897	0.03223
2158.25023	0.03221
2156.32150	0.03222
2154.39277	0.03223
2152.46404	0.03218
2150.53531	0.03211
2148.60658	0.03207
2146.67785	0.03205
2144.74912	0.03200
2142.82038	0.03197
2140.89165	0.03197
2138.96292	0.03194
2137.03419	0.03189
2135.10546	0.03189
2133.17673	0.03186
2131.24800	0.03179
2129.31927	0.03172
2127.39054	0.03167
2125.46180	0.03159
2123.53307	0.03153
2121.60434	0.03146
2119.67561	0.03136
2117.74688	0.03128
2115.81815	0.03124
2113.88942	0.03123
2111.96069	0.03119
2110.03195	0.03113
2108.10322	0.03111
2106.17449	0.03108
2104.24576	0.03105
2102.31703	0.03101
2100.38830	0.03092
2098.45957	0.03079
2096.53084	0.03071
2094.60210	0.03068
2092.67337	0.03065
2090.74464	0.03056
2088.81591	0.03040
2086.88718	0.03018
2084.95845	0.02997
2083.02972	0.02977
2081.10099	0.02950
2079.17225	0.02911
2077.24352	0.02868
2075.31479	0.02836
2073.38606	0.02817
2071.45733	0.02801
2069.52860	0.02783
2067.59987	0.02765
2065.67114	0.02752
2063.74240	0.02759
2061.81367	0.02784
2059.88494	0.02811
2057.95621	0.02839
2056.02748	0.02871
2054.09875	0.02908
2052.17002	0.02947
2050.24129	0.02989
2048.31256	0.03035
2046.38382	0.03084
2044.45509	0.03131
2042.52636	0.03174
2040.59763	0.03218
2038.66890	0.03265
2036.74017	0.03306
2034.81144	0.03343
2032.88271	0.03379
2030.95397	0.03412
2029.02524	0.03436
2027.09651	0.03451
2025.16778	0.03464
2023.23905	0.03486
2021.31032	0.03523
2019.38159	0.03559
2017.45286	0.03580
2015.52412	0.03604
2013.59539	0.03637
2011.66666	0.03668
2009.73793	0.03694
2007.80920	0.03714
2005.88047	0.03731
2003.95174	0.03746
2002.02301	0.03761
2000.09427	0.03778
1998.16554	0.03800
1996.23681	0.03831
1994.30808	0.03844
1992.37935	0.03833
1990.45062	0.03834
1988.52189	0.03842
1986.59316	0.03842
1984.66442	0.03846
1982.73569	0.03850
1980.80696	0.03856
1978.87823	0.03864
1976.94950	0.03871
1975.02077	0.03877
1973.09204	0.03879
1971.16331	0.03884
1969.23458	0.03883
1967.30584	0.03872
1965.37711	0.03875
1963.44838	0.03879
1961.51965	0.03873
1959.59092	0.03872
1957.66219	0.03875
1955.73346	0.03874
1953.80473	0.03874
1951.87599	0.03876
1949.94726	0.03884
1948.01853	0.03902
1946.08980	0.03921
1944.16107	0.03904
1942.23234	0.03878
1940.30361	0.03892
1938.37488	0.03906
1936.44614	0.03906
1934.51741	0.03908
1932.58868	0.03908
1930.65995	0.03910
1928.73122	0.03920
1926.80249	0.03924
1924.87376	0.03908
1922.94503	0.03891
1921.01629	0.03895
1919.08756	0.03868
1917.15883	0.03857
1915.23010	0.03898
1913.30137	0.03929
1911.37264	0.03941
1909.44391	0.03959
1907.51518	0.03996
1905.58644	0.04033
1903.65771	0.04062
1901.72898	0.04094
1899.80025	0.04134
1897.87152	0.04175
1895.94279	0.04206
1894.01406	0.04249
1892.08533	0.04287
1890.15660	0.04284
1888.22786	0.04294
1886.29913	0.04323
1884.37040	0.04342
1882.44167	0.04361
1880.51294	0.04375
1878.58421	0.04377
1876.65548	0.04373
1874.72675	0.04382
1872.79801	0.04405
1870.86928	0.04379
1868.94055	0.04310
1867.01182	0.04277
1865.08309	0.04260
1863.15436	0.04209
1861.22563	0.04138
1859.29690	0.04065
1857.36816	0.03994
1855.43943	0.03920
1853.51070	0.03849
1851.58197	0.03798
1849.65324	0.03771
1847.72451	0.03751
1845.79578	0.03677
1843.86705	0.03587
1841.93831	0.03578
1840.00958	0.03578
1838.08085	0.03541
1836.15212	0.03524
1834.22339	0.03544
1832.29466	0.03546
1830.36593	0.03512
1828.43720	0.03513
1826.50846	0.03512
1824.57973	0.03492
1822.65100	0.03509
1820.72227	0.03523
1818.79354	0.03511
1816.86481	0.03516
1814.93608	0.03556
1813.00735	0.03588
1811.07862	0.03594
1809.14988	0.03610
1807.22115	0.03645
1805.29242	0.03681
1803.36369	0.03692
1801.43496	0.03682
1799.50623	0.03705
1797.57750	0.03770
1795.64877	0.03817
1793.72003	0.03791
1791.79130	0.03762
1789.86257	0.03813
1787.93384	0.03859
1786.00511	0.03858
1784.07638	0.03875
1782.14765	0.03904
1780.21892	0.03927
1778.29018	0.03982
1776.36145	0.04042
1774.43272	0.04039
1772.50399	0.03992
1770.57526	0.03996
1768.64653	0.04016
1766.71780	0.04051
1764.78907	0.04093
1762.86033	0.04083
1760.93160	0.04096
1759.00287	0.04138
1757.07414	0.04165
1755.14541	0.04245
1753.21668	0.04315
1751.28795	0.04325
1749.35922	0.04363
1747.43048	0.04440
1745.50175	0.04512
1743.57302	0.04571
1741.64429	0.04617
1739.71556	0.04700
1737.78683	0.04847
1735.85810	0.04875
1733.92937	0.04829
1732.00064	0.04914
1730.07190	0.04999
1728.14317	0.05037
1726.21444	0.05083
1724.28571	0.05153
1722.35698	0.05283
1720.42825	0.05379
1718.49952	0.05360
1716.57079	0.05368
1714.64205	0.05451
1712.71332	0.05536
1710.78459	0.05613
1708.85586	0.05684
1706.92713	0.05755
1704.99840	0.05893
1703.06967	0.06046
1701.14094	0.06093
1699.21220	0.06209
1697.28347	0.06333
1695.35474	0.06403
1693.42601	0.06572
1691.49728	0.06734
1689.56855	0.06898
1687.63982	0.07092
1685.71109	0.07168
1683.78235	0.07241
1681.85362	0.07466
1679.92489	0.07661
1677.99616	0.07767
1676.06743	0.07847
1674.13870	0.08021
1672.20997	0.08204
1670.28124	0.08263
1668.35250	0.08372
1666.42377	0.08554
1664.49504	0.08635
1662.56631	0.08673
1660.63758	0.08802
1658.70885	0.08984
1656.78012	0.09101
1654.85139	0.09005
1652.92266	0.08908
1650.99392	0.09115
1649.06519	0.09198
1647.13646	0.09076
1645.20773	0.09077
1643.27900	0.09174
1641.35027	0.09228
1639.42154	0.09239
1637.49281	0.09114
1635.56407	0.08891
1633.63534	0.08793
1631.70661	0.08740
1629.77788	0.08609
1627.84915	0.08463
1625.92042	0.08298
1623.99169	0.08042
1622.06296	0.07819
1620.13422	0.07641
1618.20549	0.07304
1616.27676	0.06886
1614.34803	0.06600
1612.41930	0.06348
1610.49057	0.06042
1608.56184	0.05734
1606.63311	0.05457
1604.70437	0.05197
1602.77564	0.04944
1600.84691	0.04721
1598.91818	0.04542
1596.98945	0.04404
1595.06072	0.04312
1593.13199	0.04274
1591.20326	0.04268
1589.27452	0.04269
1587.34579	0.04270
1585.41706	0.04278
1583.48833	0.04311
1581.55960	0.04394
1579.63087	0.04490
1577.70214	0.04500
1575.77341	0.04526
1573.84468	0.04698
1571.91594	0.04802
1569.98721	0.04813
1568.05848	0.04936
1566.12975	0.05132
1564.20102	0.05359
1562.27229	0.05550
1560.34356	0.05532
1558.41483	0.05543
1556.48609	0.05762
1554.55736	0.05877
1552.62863	0.05900
1550.69990	0.05915
1548.77117	0.05968
1546.84244	0.06044
1544.91371	0.06088
1542.98498	0.06073
1541.05624	0.05936
1539.12751	0.05871
1537.19878	0.05974
1535.27005	0.05928
1533.34132	0.05766
1531.41259	0.05727
1529.48386	0.05709
1527.55513	0.05633
1525.62639	0.05582
1523.69766	0.05496
1521.76893	0.05321
1519.84020	0.05201
1517.91147	0.05086
1515.98274	0.04953
1514.05401	0.04882
1512.12528	0.04844
1510.19654	0.04765
1508.26781	0.04491
1506.33908	0.04176
1504.41035	0.04121
1502.48162	0.04118
1500.55289	0.04001
1498.62416	0.03832
1496.69543	0.03707
1494.76670	0.03707
1492.83796	0.03714
1490.90923	0.03619
1488.98050	0.03524
1487.05177	0.03503
1485.12304	0.03511
1483.19431	0.03500
1481.26558	0.03496
1479.33685	0.03544
1477.40811	0.03610
1475.47938	0.03660
1473.55065	0.03681
1471.62192	0.03769
1469.69319	0.03931
1467.76446	0.03997
1465.83573	0.03964
1463.90700	0.03997
1461.97826	0.04117
1460.04953	0.04128
1458.12080	0.03993
1456.19207	0.03940
1454.26334	0.04014
1452.33461	0.04025
1450.40588	0.03960
1448.47715	0.03871
1446.54841	0.03811
1444.61968	0.03775
1442.69095	0.03746
1440.76222	0.03737
1438.83349	0.03669
1436.90476	0.03546
1434.97603	0.03523
1433.04730	0.03511
1431.11856	0.03396
1429.18983	0.03255
1427.26110	0.03116
1425.33237	0.02923
1423.40364	0.02709
1421.47491	0.02442
1419.54618	0.02053
1417.61745	0.01683
1415.68872	0.01389
1413.75998	0.01080
1411.83125	0.00749
1409.90252	0.00436
1407.97379	0.00138
1406.04506	-0.00168
1404.11633	-0.00412
1402.18760	-0.00543
1400.25887	-0.00598
1398.33013	-0.00547
1396.40140	-0.00394
1394.47267	-0.00170
1392.54394	0.00112
1390.61521	0.00277
1388.68648	0.00140
1386.75775	-0.00195
1384.82902	-0.00297
1382.90028	0.00159
1380.97155	0.01014
1379.04282	0.01835
1377.11409	0.02394
1375.18536	0.02744
1373.25663	0.03027
1371.32790	0.03279
1369.39917	0.03471
1367.47043	0.03632
1365.54170	0.03749
1363.61297	0.03798
1361.68424	0.03846
1359.75551	0.03920
1357.82678	0.03971
1355.89805	0.03997
1353.96932	0.04033
1352.04058	0.04083
1350.11185	0.04136
1348.18312	0.04180
1346.25439	0.04206
1344.32566	0.04210
1342.39693	0.04194
1340.46820	0.04154
1338.53947	0.04134
1336.61074	0.04156
1334.68200	0.04189
1332.75327	0.04211
1330.82454	0.04208
1328.89581	0.04163
1326.96708	0.04118
1325.03835	0.04095
1323.10962	0.04089
1321.18089	0.04088
1319.25215	0.04099
1317.32342	0.04142
1315.39469	0.04200
1313.46596	0.04259
1311.53723	0.04331
1309.60850	0.04416
1307.67977	0.04503
1305.75104	0.04592
1303.82230	0.04677
1301.89357	0.04754
1299.96484	0.04824
1298.03611	0.04894
1296.10738	0.04975
1294.17865	0.05068
1292.24992	0.05158
1290.32119	0.05242
1288.39245	0.05333
1286.46372	0.05454
1284.53499	0.05614
1282.60626	0.05812
1280.67753	0.06031
1278.74880	0.06248
1276.82007	0.06464
1274.89134	0.06714
1272.96260	0.07015
1271.03387	0.07366
1269.10514	0.07771
1267.17641	0.08236
1265.24768	0.08768
1263.31895	0.09370
1261.39022	0.10047
1259.46149	0.10797
1257.53276	0.11605
1255.60402	0.12465
1253.67529	0.13378
1251.74656	0.14310
1249.81783	0.15210
1247.88910	0.16058
1245.96037	0.16845
1244.03164	0.17558
1242.10291	0.18192
1240.17417	0.18755
1238.24544	0.19257
1236.31671	0.19701
1234.38798	0.20095
1232.45925	0.20445
1230.53052	0.20758
1228.60179	0.21038
1226.67306	0.21294
1224.74432	0.21544
1222.81559	0.21793
1220.88686	0.22033
1218.95813	0.22260
1217.02940	0.22483
1215.10067	0.22711
1213.17194	0.22930
1211.24321	0.23136
1209.31447	0.23349
1207.38574	0.23570
1205.45701	0.23778
1203.52828	0.23981
1201.59955	0.24208
1199.67082	0.24458
1197.74209	0.24710
1195.81336	0.24963
1193.88462	0.25217
1191.95589	0.25446
1190.02716	0.25656
1188.09843	0.25886
1186.16970	0.26141
1184.24097	0.26400
1182.31224	0.26646
1180.38351	0.26868
1178.45478	0.27087
1176.52604	0.27328
1174.59731	0.27580
1172.66858	0.27818
1170.73985	0.28046
1168.81112	0.28273
1166.88239	0.28484
1164.95366	0.28675
1163.02493	0.28867
1161.09619	0.29046
1159.16746	0.29164
1157.23873	0.29233
1155.31000	0.29315
1153.38127	0.29432
1151.45254	0.29555
1149.52381	0.29665
1147.59508	0.29780
1145.66634	0.29907
1143.73761	0.30036
1141.80888	0.30153
1139.88015	0.30264
1137.95142	0.30370
1136.02269	0.30458
1134.09396	0.30543
1132.16523	0.30676
1130.23649	0.30891
1128.30776	0.31137
1126.37903	0.31340
1124.45030	0.31512
1122.52157	0.31731
1120.59284	0.32031
1118.66411	0.32390
1116.73538	0.32806
1114.80664	0.33285
1112.87791	0.33821
1110.94918	0.34410
1109.02045	0.35033
1107.09172	0.35656
1105.16299	0.36262
1103.23426	0.36837
1101.30553	0.37340
1099.37680	0.37753
1097.44806	0.38078
1095.51933	0.38317
1093.59060	0.38475
1091.66187	0.38557
1089.73314	0.38587
1087.80441	0.38583
1085.87568	0.38558
1083.94695	0.38514
1082.01821	0.38447
1080.08948	0.38370
1078.16075	0.38286
1076.23202	0.38195
1074.30329	0.38107
1072.37456	0.38012
1070.44583	0.37907
1068.51710	0.37804
1066.58836	0.37681
1064.65963	0.37498
1062.73090	0.37290
1060.80217	0.37100
1058.87344	0.36891
1056.94471	0.36613
1055.01598	0.36295
1053.08725	0.35980
1051.15851	0.35667
1049.22978	0.35330
1047.30105	0.34961
1045.37232	0.34616
1043.44359	0.34348
1041.51486	0.34106
1039.58613	0.33809
1037.65740	0.33435
1035.72866	0.33039
1033.79993	0.32691
1031.87120	0.32401
1029.94247	0.32143
1028.01374	0.31908
1026.08501	0.31702
1024.15628	0.31520
1022.22755	0.31361
1020.29882	0.31223
1018.37008	0.31085
1016.44135	0.30926
1014.51262	0.30761
1012.58389	0.30604
1010.65516	0.30428
1008.72643	0.30220
1006.79770	0.29989
1004.86897	0.29748
1002.94023	0.29506
1001.01150	0.29242
999.08277	0.28926
997.15404	0.28553
995.22531	0.28112
993.29658	0.27573
991.36785	0.26960
989.43912	0.26354
987.51038	0.25799
985.58165	0.25273
983.65292	0.24765
981.72419	0.24300
979.79546	0.23873
977.86673	0.23471
975.93800	0.23102
974.00927	0.22742
972.08053	0.22426
970.15180	0.22102
968.22307	0.21780
966.29434	0.21456
964.36561	0.21131
962.43688	0.20825
960.50815	0.20536
958.57942	0.20239
956.65068	0.19921
954.72195	0.19584
952.79322	0.19242
950.86449	0.18900
948.93576	0.18536
947.00703	0.18131
945.07830	0.17708
943.14957	0.17286
941.22084	0.16850
939.29210	0.16405
937.36337	0.15973
935.43464	0.15555
933.50591	0.15141
931.57718	0.14735
929.64845	0.14365
927.71972	0.14051
925.79099	0.13777
923.86225	0.13503
921.93352	0.13221
920.00479	0.12949
918.07606	0.12658
916.14733	0.12318
914.21860	0.11958
912.28987	0.11607
910.36114	0.11249
908.43240	0.10860
906.50367	0.10452
904.57494	0.10047
902.64621	0.09654
900.71748	0.09261
898.78875	0.08840
896.86002	0.08405
894.93129	0.08007
893.00255	0.07651
891.07382	0.07306
889.14509	0.06959
887.21636	0.06612
885.28763	0.06278
883.35890	0.05974
881.43017	0.05672
879.50144	0.05339
877.57270	0.05018
875.64397	0.04744
873.71524	0.04494
871.78651	0.04256
869.85778	0.04026
867.92905	0.03787
866.00032	0.03530
864.07159	0.03260
862.14286	0.03000
860.21412	0.02762
858.28539	0.02546
856.35666	0.02347
854.42793	0.02159
852.49920	0.01990
850.57047	0.01840
848.64174	0.01705
846.71301	0.01603
844.78427	0.01546
842.85554	0.01532
840.92681	0.01549
838.99808	0.01594
837.06935	0.01667
835.14062	0.01767
833.21189	0.01908
831.28316	0.02100
829.35442	0.02314
827.42569	0.02513
825.49696	0.02694
823.56823	0.02889
821.63950	0.03117
819.71077	0.03367
817.78204	0.03617
815.85331	0.03868
813.92457	0.04139
811.99584	0.04435
810.06711	0.04769
808.13838	0.05167
806.20965	0.05603
804.28092	0.06005
802.35219	0.06342
800.42346	0.06618
798.49472	0.06778
796.56599	0.06787
794.63726	0.06744
792.70853	0.06720
790.77980	0.06668
788.85107	0.06575
786.92234	0.06482
784.99361	0.06384
783.06488	0.06267
781.13614	0.06153
779.20741	0.06032
777.27868	0.05843
775.34995	0.05560
773.42122	0.05236
771.49249	0.04945
769.56376	0.04740
767.63503	0.04637
765.70629	0.04605
763.77756	0.04643
761.84883	0.04703
759.92010	0.04754
757.99137	0.04751
756.06264	0.04685
754.13391	0.04593
752.20518	0.04515
750.27644	0.04467
748.34771	0.04426
746.41898	0.04373
744.49025	0.04346
742.56152	0.04359
740.63279	0.04348
738.70406	0.04287
736.77533	0.04239
734.84659	0.04246
732.91786	0.04290
730.98913	0.04353
729.06040	0.04419
727.13167	0.04453
725.20294	0.04417
723.27421	0.04300
721.34548	0.04208
719.41674	0.04184
717.48801	0.04190
715.55928	0.04186
713.63055	0.04153
711.70182	0.04103
709.77309	0.04096
707.84436	0.04168
705.91563	0.04286
703.98690	0.04412
702.05816	0.04558
700.12943	0.04764
698.20070	0.04996
696.27197	0.05134
694.34324	0.05147
692.41451	0.05122
690.48578	0.05089
688.55705	0.05023
686.62831	0.04921
684.69958	0.04819
682.77085	0.04764
680.84212	0.04727
678.91339	0.04602
676.98466	0.04433
675.05593	0.04268
673.12720	0.04156
671.19846	0.04126
669.26973	0.04151
667.34100	0.04156
665.41227	0.04107
663.48354	0.04068
661.55481	0.04085
659.62608	0.04115
657.69735	0.04118
655.76861	0.04145
653.83988	0.04267
651.91115	0.04466
649.98242	0.04638
648.05369	0.04690
646.12496	0.04652
644.19623	0.04644
642.26750	0.04705
640.33876	0.04740
638.41003	0.04669
636.48130	0.04500
634.55257	0.04299
632.62384	0.04130
630.69511	0.03976
628.76638	0.03795
626.83765	0.03609
624.90892	0.03447
622.98018	0.03348
621.05145	0.03329
619.12272	0.03375
617.19399	0.03485
615.26526	0.03699
613.33653	0.04036
611.40780	0.04413
609.47907	0.04693
607.55033	0.04846
605.62160	0.04962
603.69287	0.05108
601.76414	0.05277
599.83541	0.05398
597.90668	0.05417
595.97795	0.05437
594.04922	0.05547
592.12048	0.05651
590.19175	0.05683
588.26302	0.05662
586.33429	0.05580
584.40556	0.05428
582.47683	0.05251
580.54810	0.05123
578.61937	0.05064
576.69063	0.05008
574.76190	0.04924
572.83317	0.04854
570.90444	0.04760
568.97571	0.04402
567.04698	0.04041
565.11825	0.03786
563.18952	0.03590
561.26078	0.03413
559.33205	0.03273
557.40332	0.03156
555.47459	0.03003
553.54586	0.02877
551.61713	0.02861
549.68840	0.02895
547.75967	0.02915
545.83094	0.02964
543.90220	0.03079
541.97347	0.03223
540.04474	0.03316
538.11601	0.03271
536.18728	0.03087
534.25855	0.02829
532.32982	0.02530
530.40109	0.02195
528.47235	0.01840
526.54362	0.01532
524.61489	0.01340
522.68616	0.01164
520.75743	0.00911
518.82870	0.00684
516.89997	0.00537
514.97124	0.00330
513.04250	0.00040
511.11377	-0.00132
509.18504	-0.00195
507.25631	-0.00300
505.32758	-0.00291
503.39885	-0.00053
501.47012	0.00194
499.54139	0.00306
497.61265	0.00407
495.68392	0.00617
493.75519	0.00900
491.82646	0.01259
489.89773	0.01833
487.96900	0.02601
486.04027	0.03208
484.11154	0.03455
482.18280	0.03667
480.25407	0.04143
478.32534	0.04650
476.39661	0.04834
474.46788	0.04788
472.53915	0.04881
470.61042	0.05157
468.68169	0.05280
466.75296	0.05148
464.82422	0.05001
462.89549	0.04990
460.96676	0.04992
459.03803	0.04812
457.10930	0.04153
455.18057	0.03543
453.25184	0.03595
451.32311	0.04171
449.39437	0.04538
447.46564	0.04336
445.53691	0.03749
443.60818	0.03030
441.67945	0.02520
439.75072	0.02547
437.82199	0.03062
435.89326	0.03702
433.96452	0.04087
432.03579	0.04057
430.10706	0.03767
428.17833	0.03482
426.24960	0.03213
424.32087	0.02783
422.39214	0.02307
420.46341	0.02046
418.53467	0.01782
416.60594	0.01065
414.67721	0.00140
412.74848	-0.00399
410.81975	-0.00456
408.89102	-0.00530
406.96229	-0.01031
405.03356	-0.01031
403.10482	-0.00946
401.17609	-0.00828
399.24736	-0.00607
397.31863	-0.00593
395.38990	-0.00983
393.46117	-0.02004
391.53244	-0.03445
389.60371	-0.03789
387.67498	-0.02220
385.74624	-0.00545
383.81751	-0.00783
381.88878	-0.02471
379.96005	-0.04367
378.03132	-0.06400
376.10259	-0.08258
374.17386	-0.08253
372.24513	-0.05552
370.31639	-0.01836
368.38766	0.00283
