7496.97825	0.00610
7495.04952	0.00282
7493.12079	-0.00074
7491.19206	-0.00145
7489.26333	0.00069
7487.33459	0.00237
7485.40586	0.00137
7483.47713	-0.00038
7481.54840	-0.00014
7479.61967	0.00208
7477.69094	0.00364
7475.76221	0.00201
7473.83348	-0.00083
7471.90474	-0.00061
7469.97601	0.00153
7468.04728	0.00213
7466.11855	0.00199
7464.18982	0.00194
7462.26109	0.00179
7460.33236	0.00240
7458.40363	0.00353
7456.47489	0.00454
7454.54616	0.00537
7452.61743	0.00542
7450.68870	0.00436
7448.75997	0.00390
7446.83124	0.00530
7444.90251	0.00722
7442.97378	0.00855
7441.04504	0.00859
7439.11631	0.00775
7437.18758	0.00776
7435.25885	0.00722
7433.33012	0.00492
7431.40139	0.00461
7429.47266	0.00666
7427.54393	0.00634
7425.61520	0.00444
7423.68646	0.00419
7421.75773	0.00436
7419.82900	0.00414
7417.90027	0.00363
7415.97154	0.00284
7414.04281	0.00379
7412.11408	0.00693
7410.18535	0.00911
7408.25661	0.00705
7406.32788	0.00170
7404.39915	-0.00227
7402.47042	-0.00360
7400.54169	-0.00427
7398.61296	-0.00266
7396.68423	0.00233
7394.75550	0.00581
7392.82676	0.00355
7390.89803	-0.00079
7388.96930	-0.00134
7387.04057	0.00044
7385.11184	0.00052
7383.18311	-0.00042
7381.25438	-0.00038
7379.32565	0.00122
7377.39691	0.00357
7375.46818	0.00422
7373.53945	0.00224
7371.61072	0.00072
7369.68199	0.00196
7367.75326	0.00419
7365.82453	0.00557
7363.89580	0.00689
7361.96706	0.00784
7360.03833	0.00512
7358.10960	-0.00163
7356.18087	-0.00583
7354.25214	-0.00295
7352.32341	0.00248
7350.39468	0.00519
7348.46595	0.00504
7346.53722	0.00423
7344.60848	0.00473
7342.67975	0.00548
7340.75102	0.00410
7338.82229	0.00198
7336.89356	0.00150
7334.96483	0.00350
7333.03610	0.00753
7331.10737	0.00916
7329.17863	0.00461
7327.24990	-0.00157
7325.32117	-0.00315
7323.39244	-0.00188
7321.46371	-0.00116
7319.53498	-0.00021
7317.60625	0.00178
7315.67752	0.00312
7313.74878	0.00291
7311.82005	0.00393
7309.89132	0.00760
7307.96259	0.01067
7306.03386	0.01154
7304.10513	0.01140
7302.17640	0.01034
7300.24767	0.00891
7298.31893	0.00809
7296.39020	0.00736
7294.46147	0.00704
7292.53274	0.00815
7290.60401	0.00968
7288.67528	0.01059
7286.74655	0.01084
7284.81782	0.00983
7282.88908	0.00751
7280.96035	0.00518
7279.03162	0.00401
7277.10289	0.00342
7275.17416	0.00280
7273.24543	0.00349
7271.31670	0.00620
7269.38797	0.00885
7267.45924	0.00972
7265.53050	0.00971
7263.60177	0.00959
7261.67304	0.00891
7259.74431	0.00824
7257.81558	0.00904
7255.88685	0.01103
7253.95812	0.01091
7252.02939	0.00780
7250.10065	0.00673
7248.17192	0.00886
7246.24319	0.00878
7244.31446	0.00631
7242.38573	0.00736
7240.45700	0.01119
7238.52827	0.01201
7236.59954	0.00975
7234.67080	0.00715
7232.74207	0.00540
7230.81334	0.00606
7228.88461	0.00839
7226.95588	0.00891
7225.02715	0.00793
7223.09842	0.00834
7221.16969	0.00998
7219.24095	0.01106
7217.31222	0.01051
7215.38349	0.00813
7213.45476	0.00585
7211.52603	0.00596
7209.59730	0.00715
7207.66857	0.00665
7205.73984	0.00514
7203.81110	0.00580
7201.88237	0.00965
7199.95364	0.01470
7198.02491	0.01787
7196.09618	0.01676
7194.16745	0.01221
7192.23872	0.00886
7190.30999	0.01057
7188.38126	0.01626
7186.45252	0.02073
7184.52379	0.01994
7182.59506	0.01473
7180.66633	0.00909
7178.73760	0.00645
7176.80887	0.00716
7174.88014	0.00908
7172.95141	0.01041
7171.02267	0.01166
7169.09394	0.01347
7167.16521	0.01402
7165.23648	0.01163
7163.30775	0.00794
7161.37902	0.00694
7159.45029	0.01008
7157.52156	0.01348
7155.59282	0.01397
7153.66409	0.01270
7151.73536	0.01108
7149.80663	0.00996
7147.87790	0.01058
7145.94917	0.01297
7144.02044	0.01486
7142.09171	0.01349
7140.16297	0.00999
7138.23424	0.00824
7136.30551	0.00808
7134.37678	0.00706
7132.44805	0.00618
7130.51932	0.00741
7128.59059	0.00986
7126.66186	0.01161
7124.73312	0.01257
7122.80439	0.01322
7120.87566	0.01215
7118.94693	0.00972
7117.01820	0.00965
7115.08947	0.01170
7113.16074	0.01176
7111.23201	0.00965
7109.30328	0.00829
7107.37454	0.00891
7105.44581	0.01148
7103.51708	0.01520
7101.58835	0.01703
7099.65962	0.01415
7097.73089	0.00842
7095.80216	0.00446
7093.87343	0.00427
7091.94469	0.00668
7090.01596	0.01002
7088.08723	0.01318
7086.15850	0.01438
7084.22977	0.01321
7082.30104	0.01295
7080.37231	0.01537
7078.44358	0.01675
7076.51484	0.01394
7074.58611	0.00975
7072.65738	0.00776
7070.72865	0.00747
7068.79992	0.00822
7066.87119	0.01045
7064.94246	0.01230
7063.01373	0.01190
7061.08499	0.01116
7059.15626	0.01260
7057.22753	0.01518
7055.29880	0.01581
7053.37007	0.01416
7051.44134	0.01348
7049.51261	0.01489
7047.58388	0.01576
7045.65514	0.01438
7043.72641	0.01126
7041.79768	0.00803
7039.86895	0.00654
7037.94022	0.00661
7036.01149	0.00720
7034.08276	0.00843
7032.15403	0.01016
7030.22530	0.01217
7028.29656	0.01379
7026.36783	0.01284
7024.43910	0.00943
7022.51037	0.00793
7020.58164	0.01098
7018.65291	0.01440
7016.72418	0.01422
7014.79545	0.01401
7012.86671	0.01608
7010.93798	0.01691
7009.00925	0.01494
7007.08052	0.01188
7005.15179	0.01036
7003.22306	0.01180
7001.29433	0.01373
6999.36560	0.01353
6997.43686	0.01191
6995.50813	0.01073
6993.57940	0.01046
6991.65067	0.01127
6989.72194	0.01335
6987.79321	0.01458
6985.86448	0.01349
6983.93575	0.01184
6982.00701	0.01067
6980.07828	0.00917
6978.14955	0.00727
6976.22082	0.00577
6974.29209	0.00494
6972.36336	0.00499
6970.43463	0.00631
6968.50590	0.00802
6966.57716	0.00949
6964.64843	0.01166
6962.71970	0.01312
6960.79097	0.01154
6958.86224	0.00930
6956.93351	0.00946
6955.00478	0.01044
6953.07605	0.00969
6951.14732	0.00725
6949.21858	0.00526
6947.28985	0.00531
6945.36112	0.00618
6943.43239	0.00627
6941.50366	0.00611
6939.57493	0.00653
6937.64620	0.00732
6935.71747	0.00845
6933.78873	0.00958
6931.86000	0.00960
6929.93127	0.00870
6928.00254	0.00842
6926.07381	0.00905
6924.14508	0.00930
6922.21635	0.00893
6920.28762	0.00958
6918.35888	0.01078
6916.43015	0.01071
6914.50142	0.01044
6912.57269	0.01097
6910.64396	0.01083
6908.71523	0.00960
6906.78650	0.00889
6904.85777	0.00974
6902.92903	0.01064
6901.00030	0.00948
6899.07157	0.00706
6897.14284	0.00595
6895.21411	0.00700
6893.28538	0.00853
6891.35665	0.00907
6889.42792	0.00873
6887.49918	0.00788
6885.57045	0.00753
6883.64172	0.00879
6881.71299	0.01090
6879.78426	0.01185
6877.85553	0.01111
6875.92680	0.00952
6873.99807	0.00802
6872.06934	0.00768
6870.14060	0.00833
6868.21187	0.00904
6866.28314	0.00996
6864.35441	0.01141
6862.42568	0.01305
6860.49695	0.01375
6858.56822	0.01289
6856.63949	0.01093
6854.71075	0.00842
6852.78202	0.00712
6850.85329	0.00833
6848.92456	0.00915
6846.99583	0.00805
6845.06710	0.00753
6843.13837	0.00958
6841.20964	0.01108
6839.28090	0.01046
6837.35217	0.00991
6835.42344	0.01058
6833.49471	0.01072
6831.56598	0.00972
6829.63725	0.00945
6827.70852	0.01044
6825.77979	0.01143
6823.85105	0.01180
6821.92232	0.01183
6819.99359	0.01182
6818.06486	0.01187
6816.13613	0.01197
6814.20740	0.01184
6812.27867	0.01156
6810.34994	0.01135
6808.42120	0.01015
6806.49247	0.00790
6804.56374	0.00709
6802.63501	0.00790
6800.70628	0.00778
6798.77755	0.00733
6796.84882	0.00787
6794.92009	0.00783
6792.99136	0.00757
6791.06262	0.00864
6789.13389	0.00871
6787.20516	0.00700
6785.27643	0.00700
6783.34770	0.00853
6781.41897	0.00818
6779.49024	0.00665
6777.56151	0.00574
6775.63277	0.00507
6773.70404	0.00559
6771.77531	0.00800
6769.84658	0.00972
6767.91785	0.00929
6765.98912	0.00829
6764.06039	0.00748
6762.13166	0.00685
6760.20292	0.00693
6758.27419	0.00711
6756.34546	0.00665
6754.41673	0.00658
6752.48800	0.00754
6750.55927	0.00821
6748.63054	0.00756
6746.70181	0.00618
6744.77307	0.00533
6742.84434	0.00529
6740.91561	0.00519
6738.98688	0.00502
6737.05815	0.00581
6735.12942	0.00770
6733.20069	0.00956
6731.27196	0.00983
6729.34322	0.00864
6727.41449	0.00731
6725.48576	0.00657
6723.55703	0.00714
6721.62830	0.00870
6719.69957	0.00937
6717.77084	0.00868
6715.84211	0.00768
6713.91338	0.00697
6711.98464	0.00661
6710.05591	0.00657
6708.12718	0.00722
6706.19845	0.00880
6704.26972	0.00969
6702.34099	0.00864
6700.41226	0.00705
6698.48353	0.00623
6696.55479	0.00576
6694.62606	0.00588
6692.69733	0.00715
6690.76860	0.00802
6688.83987	0.00756
6686.91114	0.00725
6684.98241	0.00725
6683.05368	0.00686
6681.12494	0.00642
6679.19621	0.00566
6677.26748	0.00449
6675.33875	0.00454
6673.41002	0.00680
6671.48129	0.00933
6669.55256	0.00981
6667.62383	0.00872
6665.69509	0.00741
6663.76636	0.00616
6661.83763	0.00587
6659.90890	0.00725
6657.98017	0.00945
6656.05144	0.01098
6654.12271	0.01029
6652.19398	0.00766
6650.26524	0.00539
6648.33651	0.00449
6646.40778	0.00505
6644.47905	0.00673
6642.55032	0.00760
6640.62159	0.00687
6638.69286	0.00578
6636.76413	0.00545
6634.83540	0.00612
6632.90666	0.00739
6630.97793	0.00859
6629.04920	0.00908
6627.12047	0.00873
6625.19174	0.00863
6623.26301	0.00956
6621.33428	0.01110
6619.40555	0.01263
6617.47681	0.01301
6615.54808	0.01109
6613.61935	0.00847
6611.69062	0.00788
6609.76189	0.00905
6607.83316	0.00938
6605.90443	0.00877
6603.97570	0.00880
6602.04696	0.00837
6600.11823	0.00719
6598.18950	0.00683
6596.26077	0.00662
6594.33204	0.00622
6592.40331	0.00663
6590.47458	0.00724
6588.54585	0.00659
6586.61711	0.00472
6584.68838	0.00373
6582.75965	0.00455
6580.83092	0.00622
6578.90219	0.00818
6576.97346	0.00946
6575.04473	0.00914
6573.11600	0.00804
6571.18726	0.00749
6569.25853	0.00767
6567.32980	0.00774
6565.40107	0.00713
6563.47234	0.00631
6561.54361	0.00617
6559.61488	0.00690
6557.68615	0.00762
6555.75742	0.00760
6553.82868	0.00749
6551.89995	0.00784
6549.97122	0.00821
6548.04249	0.00898
6546.11376	0.00976
6544.18503	0.00914
6542.25630	0.00807
6540.32757	0.00777
6538.39883	0.00692
6536.47010	0.00533
6534.54137	0.00502
6532.61264	0.00588
6530.68391	0.00600
6528.75518	0.00548
6526.82645	0.00548
6524.89772	0.00600
6522.96898	0.00682
6521.04025	0.00779
6519.11152	0.00789
6517.18279	0.00674
6515.25406	0.00547
6513.32533	0.00473
6511.39660	0.00454
6509.46787	0.00499
6507.53913	0.00548
6505.61040	0.00575
6503.68167	0.00646
6501.75294	0.00744
6499.82421	0.00739
6497.89548	0.00677
6495.96675	0.00681
6494.03802	0.00690
6492.10928	0.00631
6490.18055	0.00567
6488.25182	0.00585
6486.32309	0.00683
6484.39436	0.00732
6482.46563	0.00626
6480.53690	0.00510
6478.60817	0.00537
6476.67944	0.00594
6474.75070	0.00645
6472.82197	0.00805
6470.89324	0.00953
6468.96451	0.00928
6467.03578	0.00850
6465.10705	0.00817
6463.17832	0.00763
6461.24959	0.00678
6459.32085	0.00610
6457.39212	0.00604
6455.46339	0.00685
6453.53466	0.00757
6451.60593	0.00662
6449.67720	0.00456
6447.74847	0.00397
6445.81974	0.00586
6443.89100	0.00803
6441.96227	0.00781
6440.03354	0.00567
6438.10481	0.00445
6436.17608	0.00530
6434.24735	0.00702
6432.31862	0.00827
6430.38989	0.00830
6428.46115	0.00739
6426.53242	0.00645
6424.60369	0.00558
6422.67496	0.00467
6420.74623	0.00419
6418.81750	0.00427
6416.88877	0.00449
6414.96004	0.00447
6413.03130	0.00465
6411.10257	0.00557
6409.17384	0.00642
6407.24511	0.00653
6405.31638	0.00692
6403.38765	0.00822
6401.45892	0.00908
6399.53019	0.00891
6397.60146	0.00887
6395.67272	0.00908
6393.74399	0.00851
6391.81526	0.00661
6389.88653	0.00447
6387.95780	0.00348
6386.02907	0.00313
6384.10034	0.00298
6382.17161	0.00372
6380.24287	0.00474
6378.31414	0.00534
6376.38541	0.00585
6374.45668	0.00594
6372.52795	0.00578
6370.59922	0.00634
6368.67049	0.00687
6366.74176	0.00650
6364.81302	0.00586
6362.88429	0.00561
6360.95556	0.00585
6359.02683	0.00614
6357.09810	0.00618
6355.16937	0.00604
6353.24064	0.00583
6351.31191	0.00617
6349.38317	0.00684
6347.45444	0.00676
6345.52571	0.00553
6343.59698	0.00365
6341.66825	0.00326
6339.73952	0.00510
6337.81079	0.00685
6335.88206	0.00726
6333.95332	0.00696
6332.02459	0.00659
6330.09586	0.00662
6328.16713	0.00692
6326.23840	0.00672
6324.30967	0.00633
6322.38094	0.00679
6320.45221	0.00721
6318.52348	0.00644
6316.59474	0.00589
6314.66601	0.00689
6312.73728	0.00791
6310.80855	0.00763
6308.87982	0.00735
6306.95109	0.00768
6305.02236	0.00786
6303.09363	0.00762
6301.16489	0.00741
6299.23616	0.00765
6297.30743	0.00750
6295.37870	0.00663
6293.44997	0.00663
6291.52124	0.00765
6289.59251	0.00787
6287.66378	0.00699
6285.73504	0.00634
6283.80631	0.00662
6281.87758	0.00724
6279.94885	0.00727
6278.02012	0.00685
6276.09139	0.00712
6274.16266	0.00791
6272.23393	0.00799
6270.30519	0.00797
6268.37646	0.00865
6266.44773	0.00865
6264.51900	0.00802
6262.59027	0.00831
6260.66154	0.00877
6258.73281	0.00860
6256.80408	0.00840
6254.87534	0.00811
6252.94661	0.00719
6251.01788	0.00557
6249.08915	0.00405
6247.16042	0.00361
6245.23169	0.00417
6243.30296	0.00519
6241.37423	0.00662
6239.44550	0.00784
6237.51676	0.00818
6235.58803	0.00821
6233.65930	0.00805
6231.73057	0.00753
6229.80184	0.00745
6227.87311	0.00786
6225.94438	0.00817
6224.01565	0.00848
6222.08691	0.00844
6220.15818	0.00808
6218.22945	0.00839
6216.30072	0.00886
6214.37199	0.00837
6212.44326	0.00742
6210.51453	0.00696
6208.58580	0.00730
6206.65706	0.00824
6204.72833	0.00895
6202.79960	0.00847
6200.87087	0.00713
6198.94214	0.00625
6197.01341	0.00673
6195.08468	0.00822
6193.15595	0.00899
6191.22721	0.00872
6189.29848	0.00899
6187.36975	0.00878
6185.44102	0.00657
6183.51229	0.00473
6181.58356	0.00522
6179.65483	0.00679
6177.72610	0.00773
6175.79736	0.00731
6173.86863	0.00637
6171.93990	0.00660
6170.01117	0.00787
6168.08244	0.00894
6166.15371	0.00931
6164.22498	0.00878
6162.29625	0.00757
6160.36752	0.00669
6158.43878	0.00687
6156.51005	0.00807
6154.58132	0.00894
6152.65259	0.00828
6150.72386	0.00717
6148.79513	0.00666
6146.86640	0.00619
6144.93767	0.00565
6143.00893	0.00580
6141.08020	0.00696
6139.15147	0.00835
6137.22274	0.00867
6135.29401	0.00790
6133.36528	0.00740
6131.43655	0.00750
6129.50782	0.00722
6127.57908	0.00649
6125.65035	0.00609
6123.72162	0.00605
6121.79289	0.00616
6119.86416	0.00646
6117.93543	0.00671
6116.00670	0.00709
6114.07797	0.00769
6112.14923	0.00765
6110.22050	0.00703
6108.29177	0.00665
6106.36304	0.00670
6104.43431	0.00741
6102.50558	0.00880
6100.57685	0.00984
6098.64812	0.00931
6096.71938	0.00781
6094.79065	0.00696
6092.86192	0.00666
6090.93319	0.00628
6089.00446	0.00615
6087.07573	0.00623
6085.14700	0.00652
6083.21827	0.00740
6081.28954	0.00835
6079.36080	0.00844
6077.43207	0.00741
6075.50334	0.00608
6073.57461	0.00592
6071.64588	0.00699
6069.71715	0.00783
6067.78842	0.00759
6065.85969	0.00640
6063.93095	0.00533
6062.00222	0.00530
6060.07349	0.00567
6058.14476	0.00598
6056.21603	0.00669
6054.28730	0.00735
6052.35857	0.00724
6050.42984	0.00662
6048.50110	0.00623
6046.57237	0.00637
6044.64364	0.00657
6042.71491	0.00655
6040.78618	0.00670
6038.85745	0.00716
6036.92872	0.00756
6034.99999	0.00750
6033.07125	0.00686
6031.14252	0.00625
6029.21379	0.00647
6027.28506	0.00689
6025.35633	0.00654
6023.42760	0.00630
6021.49887	0.00719
6019.57014	0.00819
6017.64140	0.00820
6015.71267	0.00772
6013.78394	0.00733
6011.85521	0.00710
6009.92648	0.00706
6007.99775	0.00709
6006.06902	0.00707
6004.14029	0.00699
6002.21156	0.00697
6000.28282	0.00699
5998.35409	0.00695
5996.42536	0.00738
5994.49663	0.00836
5992.56790	0.00854
5990.63917	0.00771
5988.71044	0.00704
5986.78171	0.00686
5984.85297	0.00711
5982.92424	0.00741
5980.99551	0.00724
5979.06678	0.00716
5977.13805	0.00727
5975.20932	0.00667
5973.28059	0.00572
5971.35186	0.00596
5969.42312	0.00729
5967.49439	0.00834
5965.56566	0.00851
5963.63693	0.00792
5961.70820	0.00691
5959.77947	0.00601
5957.85074	0.00582
5955.92201	0.00670
5953.99327	0.00753
5952.06454	0.00713
5950.13581	0.00636
5948.20708	0.00617
5946.27835	0.00622
5944.34962	0.00641
5942.42089	0.00682
5940.49216	0.00719
5938.56342	0.00717
5936.63469	0.00693
5934.70596	0.00710
5932.77723	0.00755
5930.84850	0.00757
5928.91977	0.00686
5926.99104	0.00578
5925.06231	0.00487
5923.13358	0.00450
5921.20484	0.00479
5919.27611	0.00553
5917.34738	0.00640
5915.41865	0.00683
5913.48992	0.00651
5911.56119	0.00607
5909.63246	0.00599
5907.70373	0.00601
5905.77499	0.00573
5903.84626	0.00557
5901.91753	0.00639
5899.98880	0.00750
5898.06007	0.00758
5896.13134	0.00676
5894.20261	0.00618
5892.27388	0.00621
5890.34514	0.00627
5888.41641	0.00626
5886.48768	0.00641
5884.55895	0.00640
5882.63022	0.00635
5880.70149	0.00676
5878.77276	0.00715
5876.84403	0.00710
5874.91529	0.00698
5872.98656	0.00673
5871.05783	0.00629
5869.12910	0.00636
5867.20037	0.00683
5865.27164	0.00681
5863.34291	0.00645
5861.41418	0.00655
5859.48544	0.00696
5857.55671	0.00694
5855.62798	0.00639
5853.69925	0.00587
5851.77052	0.00560
5849.84179	0.00543
5847.91306	0.00529
5845.98433	0.00544
5844.05560	0.00607
5842.12686	0.00669
5840.19813	0.00676
5838.26940	0.00639
5836.34067	0.00604
5834.41194	0.00613
5832.48321	0.00629
5830.55448	0.00582
5828.62575	0.00520
5826.69701	0.00506
5824.76828	0.00496
5822.83955	0.00480
5820.91082	0.00500
5818.98209	0.00513
5817.05336	0.00521
5815.12463	0.00611
5813.19590	0.00707
5811.26716	0.00665
5809.33843	0.00554
5807.40970	0.00507
5805.48097	0.00511
5803.55224	0.00528
5801.62351	0.00543
5799.69478	0.00519
5797.76605	0.00489
5795.83731	0.00506
5793.90858	0.00538
5791.97985	0.00566
5790.05112	0.00574
5788.12239	0.00519
5786.19366	0.00423
5784.26493	0.00350
5782.33620	0.00355
5780.40746	0.00463
5778.47873	0.00595
5776.55000	0.00638
5774.62127	0.00581
5772.69254	0.00501
5770.76381	0.00494
5768.83508	0.00568
5766.90635	0.00617
5764.97762	0.00571
5763.04888	0.00479
5761.12015	0.00427
5759.19142	0.00431
5757.26269	0.00426
5755.33396	0.00401
5753.40523	0.00404
5751.47650	0.00399
5749.54777	0.00368
5747.61903	0.00388
5745.69030	0.00474
5743.76157	0.00555
5741.83284	0.00585
5739.90411	0.00554
5737.97538	0.00494
5736.04665	0.00457
5734.11792	0.00444
5732.18918	0.00435
5730.26045	0.00453
5728.33172	0.00473
5726.40299	0.00436
5724.47426	0.00377
5722.54553	0.00370
5720.61680	0.00407
5718.68807	0.00457
5716.75933	0.00504
5714.83060	0.00531
5712.90187	0.00542
5710.97314	0.00530
5709.04441	0.00481
5707.11568	0.00448
5705.18695	0.00475
5703.25822	0.00527
5701.32948	0.00553
5699.40075	0.00531
5697.47202	0.00493
5695.54329	0.00469
5693.61456	0.00476
5691.68583	0.00537
5689.75710	0.00616
5687.82837	0.00642
5685.89964	0.00605
5683.97090	0.00554
5682.04217	0.00508
5680.11344	0.00423
5678.18471	0.00328
5676.25598	0.00338
5674.32725	0.00441
5672.39852	0.00514
5670.46979	0.00534
5668.54105	0.00536
5666.61232	0.00510
5664.68359	0.00466
5662.75486	0.00433
5660.82613	0.00404
5658.89740	0.00396
5656.96867	0.00438
5655.03994	0.00486
5653.11120	0.00492
5651.18247	0.00485
5649.25374	0.00491
5647.32501	0.00525
5645.39628	0.00582
5643.46755	0.00620
5641.53882	0.00615
5639.61009	0.00574
5637.68135	0.00521
5635.75262	0.00494
5633.82389	0.00489
5631.89516	0.00483
5629.96643	0.00476
5628.03770	0.00490
5626.10897	0.00535
5624.18024	0.00586
5622.25150	0.00614
5620.32277	0.00624
5618.39404	0.00657
5616.46531	0.00701
5614.53658	0.00709
5612.60785	0.00664
5610.67912	0.00567
5608.75039	0.00492
5606.82166	0.00515
5604.89292	0.00578
5602.96419	0.00595
5601.03546	0.00550
5599.10673	0.00477
5597.17800	0.00471
5595.24927	0.00487
5593.32054	0.00491
5591.39181	0.00508
5589.46307	0.00563
5587.53434	0.00608
5585.60561	0.00572
5583.67688	0.00516
5581.74815	0.00540
5579.81942	0.00607
5577.89069	0.00625
5575.96196	0.00590
5574.03322	0.00536
5572.10449	0.00494
5570.17576	0.00476
5568.24703	0.00444
5566.31830	0.00395
5564.38957	0.00377
5562.46084	0.00399
5560.53211	0.00444
5558.60337	0.00495
5556.67464	0.00520
5554.74591	0.00537
5552.81718	0.00576
5550.88845	0.00590
5548.95972	0.00538
5547.03099	0.00456
5545.10226	0.00393
5543.17352	0.00383
5541.24479	0.00428
5539.31606	0.00450
5537.38733	0.00391
5535.45860	0.00354
5533.52987	0.00429
5531.60114	0.00525
5529.67241	0.00542
5527.74368	0.00499
5525.81494	0.00434
5523.88621	0.00368
5521.95748	0.00342
5520.02875	0.00353
5518.10002	0.00356
5516.17129	0.00357
5514.24256	0.00379
5512.31383	0.00413
5510.38509	0.00435
5508.45636	0.00420
5506.52763	0.00384
5504.59890	0.00371
5502.67017	0.00383
5500.74144	0.00389
5498.81271	0.00385
5496.88398	0.00383
5494.95524	0.00355
5493.02651	0.00281
5491.09778	0.00206
5489.16905	0.00194
5487.24032	0.00250
5485.31159	0.00343
5483.38286	0.00419
5481.45413	0.00442
5479.52539	0.00391
5477.59666	0.00273
5475.66793	0.00177
5473.73920	0.00212
5471.81047	0.00327
5469.88174	0.00386
5467.95301	0.00379
5466.02428	0.00349
5464.09554	0.00276
5462.16681	0.00175
5460.23808	0.00130
5458.30935	0.00185
5456.38062	0.00277
5454.45189	0.00333
5452.52316	0.00310
5450.59443	0.00209
5448.66570	0.00088
5446.73696	0.00003
5444.80823	-0.00037
5442.87950	-0.00063
5440.95077	-0.00046
5439.02204	0.00050
5437.09331	0.00136
5435.16458	0.00177
5433.23585	0.00199
5431.30711	0.00134
5429.37838	0.00031
5427.44965	0.00079
5425.52092	0.00256
5423.59219	0.00383
5421.66346	0.00415
5419.73473	0.00410
5417.80600	0.00355
5415.87726	0.00175
5413.94853	-0.00059
5412.01980	-0.00163
5410.09107	-0.00090
5408.16234	0.00065
5406.23361	0.00218
5404.30488	0.00336
5402.37615	0.00418
5400.44741	0.00422
5398.51868	0.00321
5396.58995	0.00162
5394.66122	0.00063
5392.73249	0.00109
5390.80376	0.00213
5388.87503	0.00226
5386.94630	0.00154
5385.01756	0.00130
5383.08883	0.00199
5381.16010	0.00255
5379.23137	0.00204
5377.30264	0.00104
5375.37391	0.00086
5373.44518	0.00184
5371.51645	0.00298
5369.58772	0.00316
5367.65898	0.00233
5365.73025	0.00137
5363.80152	0.00118
5361.87279	0.00188
5359.94406	0.00267
5358.01533	0.00244
5356.08660	0.00083
5354.15787	-0.00088
5352.22913	-0.00096
5350.30040	-0.00002
5348.37167	-0.00016
5346.44294	-0.00154
5344.51421	-0.00222
5342.58548	-0.00146
5340.65675	-0.00086
5338.72802	-0.00089
5336.79928	-0.00042
5334.87055	0.00060
5332.94182	0.00129
5331.01309	0.00129
5329.08436	0.00070
5327.15563	0.00046
5325.22690	0.00131
5323.29817	0.00250
5321.36943	0.00309
5319.44070	0.00305
5317.51197	0.00285
5315.58324	0.00286
5313.65451	0.00303
5311.72578	0.00299
5309.79705	0.00257
5307.86832	0.00217
5305.93958	0.00230
5304.01085	0.00272
5302.08212	0.00274
5300.15339	0.00234
5298.22466	0.00203
5296.29593	0.00191
5294.36720	0.00166
5292.43847	0.00107
5290.50974	0.00071
5288.58100	0.00111
5286.65227	0.00171
5284.72354	0.00186
5282.79481	0.00183
5280.86608	0.00208
5278.93735	0.00260
5277.00862	0.00312
5275.07989	0.00341
5273.15115	0.00337
5271.22242	0.00303
5269.29369	0.00255
5267.36496	0.00190
5265.43623	0.00081
5263.50750	-0.00013
5261.57877	0.00012
5259.65004	0.00122
5257.72130	0.00174
5255.79257	0.00131
5253.86384	0.00101
5251.93511	0.00104
5250.00638	0.00049
5248.07765	-0.00038
5246.14892	-0.00068
5244.22019	-0.00016
5242.29145	0.00101
5240.36272	0.00217
5238.43399	0.00250
5236.50526	0.00212
5234.57653	0.00157
5232.64780	0.00108
5230.71907	0.00062
5228.79034	0.00003
5226.86160	-0.00059
5224.93287	-0.00060
5223.00414	0.00007
5221.07541	0.00039
5219.14668	0.00009
5217.21795	0.00007
5215.28922	0.00066
5213.36049	0.00119
5211.43176	0.00088
5209.50302	-0.00045
5207.57429	-0.00203
5205.64556	-0.00234
5203.71683	-0.00097
5201.78810	0.00041
5199.85937	0.00042
5197.93064	-0.00056
5196.00191	-0.00121
5194.07317	-0.00093
5192.14444	-0.00030
5190.21571	-0.00019
5188.28698	-0.00077
5186.35825	-0.00127
5184.42952	-0.00100
5182.50079	-0.00036
5180.57206	0.00007
5178.64332	0.00029
5176.71459	0.00032
5174.78586	0.00018
5172.85713	-0.00001
5170.92840	-0.00012
5168.99967	-0.00002
5167.07094	0.00017
5165.14221	0.00002
5163.21347	-0.00040
5161.28474	-0.00057
5159.35601	-0.00051
5157.42728	-0.00041
5155.49855	0.00001
5153.56982	0.00072
5151.64109	0.00101
5149.71236	0.00067
5147.78362	0.00029
5145.85489	0.00021
5143.92616	0.00020
5141.99743	0.00027
5140.06870	0.00063
5138.13997	0.00101
5136.21124	0.00101
5134.28251	0.00089
5132.35378	0.00098
5130.42504	0.00109
5128.49631	0.00106
5126.56758	0.00100
5124.63885	0.00094
5122.71012	0.00094
5120.78139	0.00106
5118.85266	0.00111
5116.92393	0.00091
5114.99519	0.00067
5113.06646	0.00054
5111.13773	0.00042
5109.20900	0.00044
5107.28027	0.00062
5105.35154	0.00058
5103.42281	0.00027
5101.49408	0.00014
5099.56534	0.00034
5097.63661	0.00064
5095.70788	0.00078
5093.77915	0.00063
5091.85042	0.00058
5089.92169	0.00100
5087.99296	0.00160
5086.06423	0.00185
5084.13549	0.00175
5082.20676	0.00156
5080.27803	0.00141
5078.34930	0.00151
5076.42057	0.00179
5074.49184	0.00182
5072.56311	0.00166
5070.63438	0.00151
5068.70564	0.00126
5066.77691	0.00103
5064.84818	0.00114
5062.91945	0.00136
5060.99072	0.00132
5059.06199	0.00119
5057.13326	0.00127
5055.20453	0.00147
5053.27580	0.00150
5051.34706	0.00131
5049.41833	0.00120
5047.48960	0.00133
5045.56087	0.00160
5043.63214	0.00180
5041.70341	0.00178
5039.77468	0.00166
5037.84595	0.00161
5035.91721	0.00154
5033.98848	0.00136
5032.05975	0.00109
5030.13102	0.00097
5028.20229	0.00102
5026.27356	0.00101
5024.34483	0.00105
5022.41610	0.00140
5020.48736	0.00179
5018.55863	0.00190
5016.62990	0.00182
5014.70117	0.00159
5012.77244	0.00137
5010.84371	0.00144
5008.91498	0.00174
5006.98625	0.00197
5005.05751	0.00187
5003.12878	0.00162
5001.20005	0.00158
4999.27132	0.00164
4997.34259	0.00149
4995.41386	0.00104
4993.48513	0.00076
4991.55640	0.00095
4989.62766	0.00141
4987.69893	0.00183
4985.77020	0.00213
4983.84147	0.00235
4981.91274	0.00236
4979.98401	0.00216
4978.05528	0.00200
4976.12655	0.00202
4974.19782	0.00216
4972.26908	0.00226
4970.34035	0.00226
4968.41162	0.00211
4966.48289	0.00181
4964.55416	0.00163
4962.62543	0.00183
4960.69670	0.00206
4958.76797	0.00193
4956.83923	0.00161
4954.91050	0.00147
4952.98177	0.00153
4951.05304	0.00163
4949.12431	0.00173
4947.19558	0.00186
4945.26685	0.00196
4943.33812	0.00194
4941.40938	0.00178
4939.48065	0.00162
4937.55192	0.00172
4935.62319	0.00199
4933.69446	0.00215
4931.76573	0.00204
4929.83700	0.00169
4927.90827	0.00131
4925.97953	0.00128
4924.05080	0.00162
4922.12207	0.00200
4920.19334	0.00215
4918.26461	0.00201
4916.33588	0.00193
4914.40715	0.00211
4912.47842	0.00215
4910.54968	0.00186
4908.62095	0.00162
4906.69222	0.00173
4904.76349	0.00197
4902.83476	0.00212
4900.90603	0.00220
4898.97730	0.00223
4897.04857	0.00215
4895.11984	0.00202
4893.19110	0.00202
4891.26237	0.00222
4889.33364	0.00250
4887.40491	0.00261
4885.47618	0.00262
4883.54745	0.00270
4881.61872	0.00262
4879.68999	0.00239
4877.76125	0.00231
4875.83252	0.00230
4873.90379	0.00221
4871.97506	0.00210
4870.04633	0.00200
4868.11760	0.00192
4866.18887	0.00192
4864.26014	0.00192
4862.33140	0.00189
4860.40267	0.00184
4858.47394	0.00165
4856.54521	0.00146
4854.61648	0.00152
4852.68775	0.00152
4850.75902	0.00129
4848.83029	0.00137
4846.90155	0.00185
4844.97282	0.00221
4843.04409	0.00226
4841.11536	0.00215
4839.18663	0.00198
4837.25790	0.00183
4835.32917	0.00187
4833.40044	0.00192
4831.47170	0.00166
4829.54297	0.00124
4827.61424	0.00116
4825.68551	0.00150
4823.75678	0.00172
4821.82805	0.00166
4819.89932	0.00182
4817.97059	0.00219
4816.04186	0.00221
4814.11312	0.00184
4812.18439	0.00152
4810.25566	0.00144
4808.32693	0.00160
4806.39820	0.00171
4804.46947	0.00147
4802.54074	0.00122
4800.61201	0.00131
4798.68327	0.00147
4796.75454	0.00140
4794.82581	0.00118
4792.89708	0.00094
4790.96835	0.00079
4789.03962	0.00081
4787.11089	0.00081
4785.18216	0.00077
4783.25342	0.00101
4781.32469	0.00141
4779.39596	0.00157
4777.46723	0.00147
4775.53850	0.00122
4773.60977	0.00102
4771.68104	0.00110
4769.75231	0.00122
4767.82357	0.00118
4765.89484	0.00110
4763.96611	0.00093
4762.03738	0.00061
4760.10865	0.00025
4758.17992	0.00003
4756.25119	0.00005
4754.32246	0.00005
4752.39372	-0.00007
4750.46499	-0.00002
4748.53626	0.00017
4746.60753	0.00020
4744.67880	0.00012
4742.75007	0.00017
4740.82134	0.00036
4738.89261	0.00065
4736.96388	0.00092
4735.03514	0.00088
4733.10641	0.00052
4731.17768	0.00012
4729.24895	-0.00007
4727.32022	0.00002
4725.39149	0.00021
4723.46276	0.00024
4721.53403	0.00024
4719.60529	0.00044
4717.67656	0.00047
4715.74783	0.00016
4713.81910	-0.00011
4711.89037	-0.00015
4709.96164	-0.00002
4708.03291	0.00021
4706.10418	0.00026
4704.17544	0.00023
4702.24671	0.00027
4700.31798	0.00019
4698.38925	0.00008
4696.46052	0.00007
4694.53179	0.00012
4692.60306	0.00031
4690.67433	0.00065
4688.74559	0.00096
4686.81686	0.00111
4684.88813	0.00091
4682.95940	0.00055
4681.03067	0.00053
4679.10194	0.00087
4677.17321	0.00112
4675.24448	0.00106
4673.31574	0.00083
4671.38701	0.00063
4669.45828	0.00055
4667.52955	0.00060
4665.60082	0.00077
4663.67209	0.00095
4661.74336	0.00100
4659.81463	0.00097
4657.88590	0.00104
4655.95716	0.00105
4654.02843	0.00080
4652.09970	0.00054
4650.17097	0.00054
4648.24224	0.00061
4646.31351	0.00061
4644.38478	0.00054
4642.45605	0.00048
4640.52731	0.00060
4638.59858	0.00096
4636.66985	0.00131
4634.74112	0.00117
4632.81239	0.00073
4630.88366	0.00058
4628.95493	0.00063
4627.02620	0.00053
4625.09746	0.00046
4623.16873	0.00065
4621.24000	0.00087
4619.31127	0.00093
4617.38254	0.00099
4615.45381	0.00111
4613.52508	0.00104
4611.59635	0.00074
4609.66761	0.00064
4607.73888	0.00094
4605.81015	0.00131
4603.88142	0.00145
4601.95269	0.00147
4600.02396	0.00150
4598.09523	0.00150
4596.16650	0.00147
4594.23776	0.00126
4592.30903	0.00090
4590.38030	0.00072
4588.45157	0.00076
4586.52284	0.00069
4584.59411	0.00055
4582.66538	0.00055
4580.73665	0.00062
4578.80792	0.00061
4576.87918	0.00063
4574.95045	0.00097
4573.02172	0.00136
4571.09299	0.00137
4569.16426	0.00122
4567.23553	0.00123
4565.30680	0.00122
4563.37807	0.00105
4561.44933	0.00092
4559.52060	0.00092
4557.59187	0.00080
4555.66314	0.00049
4553.73441	0.00039
4551.80568	0.00057
4549.87695	0.00078
4547.94822	0.00106
4546.01948	0.00139
4544.09075	0.00133
4542.16202	0.00080
4540.23329	0.00038
4538.30456	0.00035
4536.37583	0.00050
4534.44710	0.00065
4532.51837	0.00069
4530.58963	0.00059
4528.66090	0.00058
4526.73217	0.00069
4524.80344	0.00069
4522.87471	0.00068
4520.94598	0.00085
4519.01725	0.00096
4517.08852	0.00076
4515.15978	0.00053
4513.23105	0.00052
4511.30232	0.00052
4509.37359	0.00041
4507.44486	0.00031
4505.51613	0.00027
4503.58740	0.00034
4501.65867	0.00046
4499.72994	0.00045
4497.80120	0.00028
4495.87247	0.00017
4493.94374	0.00022
4492.01501	0.00019
4490.08628	-0.00002
4488.15755	-0.00014
4486.22882	-0.00010
4484.30009	-0.00003
4482.37135	0.00005
4480.44262	0.00007
4478.51389	0.00004
4476.58516	0.00008
4474.65643	0.00003
4472.72770	-0.00019
4470.79897	-0.00029
4468.87024	-0.00022
4466.94150	-0.00016
4465.01277	-0.00003
4463.08404	0.00018
4461.15531	0.00028
4459.22658	0.00030
4457.29785	0.00024
4455.36912	0.00010
4453.44039	0.00002
4451.51165	0.00010
4449.58292	0.00029
4447.65419	0.00046
4445.72546	0.00053
4443.79673	0.00044
4441.86800	0.00015
4439.93927	-0.00001
4438.01054	0.00011
4436.08180	0.00023
4434.15307	0.00023
4432.22434	0.00032
4430.29561	0.00056
4428.36688	0.00073
4426.43815	0.00063
4424.50942	0.00038
4422.58069	0.00024
4420.65196	0.00017
4418.72322	0.00006
4416.79449	0.00000
4414.86576	0.00009
4412.93703	0.00015
4411.00830	0.00009
4409.07957	0.00018
4407.15084	0.00043
4405.22211	0.00046
4403.29337	0.00023
4401.36464	0.00014
4399.43591	0.00028
4397.50718	0.00040
4395.57845	0.00032
4393.64972	0.00013
4391.72099	0.00008
4389.79226	0.00029
4387.86352	0.00053
4385.93479	0.00058
4384.00606	0.00049
4382.07733	0.00049
4380.14860	0.00066
4378.21987	0.00065
4376.29114	0.00030
4374.36241	-0.00001
4372.43367	-0.00002
4370.50494	0.00012
4368.57621	0.00019
4366.64748	0.00023
4364.71875	0.00040
4362.79002	0.00056
4360.86129	0.00057
4358.93256	0.00053
4357.00382	0.00053
4355.07509	0.00069
4353.14636	0.00099
4351.21763	0.00100
4349.28890	0.00063
4347.36017	0.00049
4345.43144	0.00081
4343.50271	0.00110
4341.57398	0.00109
4339.64524	0.00102
4337.71651	0.00097
4335.78778	0.00084
4333.85905	0.00074
4331.93032	0.00078
4330.00159	0.00092
4328.07286	0.00095
4326.14413	0.00072
4324.21539	0.00036
4322.28666	0.00013
4320.35793	0.00015
4318.42920	0.00035
4316.50047	0.00051
4314.57174	0.00047
4312.64301	0.00022
4310.71428	-0.00000
4308.78554	-0.00004
4306.85681	-0.00002
4304.92808	0.00003
4302.99935	0.00005
4301.07062	0.00002
4299.14189	0.00004
4297.21316	0.00013
4295.28443	0.00008
4293.35569	-0.00011
4291.42696	-0.00023
4289.49823	-0.00007
4287.56950	0.00023
4285.64077	0.00023
4283.71204	-0.00003
4281.78331	-0.00020
4279.85458	-0.00020
4277.92584	-0.00018
4275.99711	-0.00022
4274.06838	-0.00029
4272.13965	-0.00036
4270.21092	-0.00043
4268.28219	-0.00039
4266.35346	-0.00031
4264.42473	-0.00037
4262.49600	-0.00050
4260.56726	-0.00063
4258.63853	-0.00068
4256.70980	-0.00054
4254.78107	-0.00035
4252.85234	-0.00036
4250.92361	-0.00054
4248.99488	-0.00072
4247.06615	-0.00078
4245.13741	-0.00074
4243.20868	-0.00076
4241.27995	-0.00088
4239.35122	-0.00098
4237.42249	-0.00101
4235.49376	-0.00093
4233.56503	-0.00082
4231.63630	-0.00089
4229.70756	-0.00116
4227.77883	-0.00132
4225.85010	-0.00113
4223.92137	-0.00078
4221.99264	-0.00076
4220.06391	-0.00119
4218.13518	-0.00161
4216.20645	-0.00156
4214.27771	-0.00119
4212.34898	-0.00100
4210.42025	-0.00108
4208.49152	-0.00114
4206.56279	-0.00103
4204.63406	-0.00085
4202.70533	-0.00072
4200.77660	-0.00066
4198.84786	-0.00072
4196.91913	-0.00091
4194.99040	-0.00120
4193.06167	-0.00143
4191.13294	-0.00153
4189.20421	-0.00157
4187.27548	-0.00151
4185.34675	-0.00137
4183.41802	-0.00142
4181.48928	-0.00156
4179.56055	-0.00148
4177.63182	-0.00130
4175.70309	-0.00128
4173.77436	-0.00131
4171.84563	-0.00126
4169.91690	-0.00118
4167.98817	-0.00124
4166.05943	-0.00141
4164.13070	-0.00157
4162.20197	-0.00166
4160.27324	-0.00159
4158.34451	-0.00150
4156.41578	-0.00160
4154.48705	-0.00178
4152.55832	-0.00181
4150.62958	-0.00190
4148.70085	-0.00213
4146.77212	-0.00221
4144.84339	-0.00222
4142.91466	-0.00241
4140.98593	-0.00258
4139.05720	-0.00259
4137.12847	-0.00272
4135.19973	-0.00298
4133.27100	-0.00301
4131.34227	-0.00271
4129.41354	-0.00241
4127.48481	-0.00247
4125.55608	-0.00276
4123.62735	-0.00282
4121.69862	-0.00269
4119.76988	-0.00261
4117.84115	-0.00255
4115.91242	-0.00251
4113.98369	-0.00256
4112.05496	-0.00266
4110.12623	-0.00284
4108.19750	-0.00335
4106.26877	-0.00390
4104.34004	-0.00388
4102.41130	-0.00343
4100.48257	-0.00309
4098.55384	-0.00294
4096.62511	-0.00290
4094.69638	-0.00285
4092.76765	-0.00279
4090.83892	-0.00306
4088.91019	-0.00361
4086.98145	-0.00375
4085.05272	-0.00336
4083.12399	-0.00321
4081.19526	-0.00362
4079.26653	-0.00395
4077.33780	-0.00376
4075.40907	-0.00346
4073.48034	-0.00334
4071.55160	-0.00327
4069.62287	-0.00321
4067.69414	-0.00322
4065.76541	-0.00329
4063.83668	-0.00349
4061.90795	-0.00379
4059.97922	-0.00387
4058.05049	-0.00362
4056.12175	-0.00343
4054.19302	-0.00350
4052.26429	-0.00360
4050.33556	-0.00351
4048.40683	-0.00370
4046.47810	-0.00469
4044.54937	-0.00542
4042.62064	-0.00488
4040.69190	-0.00405
4038.76317	-0.00380
4036.83444	-0.00376
4034.90571	-0.00373
4032.97698	-0.00390
4031.04825	-0.00427
4029.11952	-0.00472
4027.19079	-0.00528
4025.26206	-0.00557
4023.33332	-0.00535
4021.40459	-0.00530
4019.47586	-0.00551
4017.54713	-0.00521
4015.61840	-0.00471
4013.68967	-0.00474
4011.76094	-0.00547
4009.83221	-0.00641
4007.90347	-0.00652
4005.97474	-0.00570
4004.04601	-0.00501
4002.11728	-0.00474
4000.18855	-0.00468
3998.25982	-0.00537
3996.33109	-0.00572
3994.40236	-0.00592
3992.47362	-0.00608
3990.54489	-0.00617
3988.61616	-0.00624
3986.68743	-0.00627
3984.75870	-0.00625
3982.82997	-0.00623
3980.90124	-0.00620
3978.97251	-0.00611
3977.04377	-0.00599
3975.11504	-0.00601
3973.18631	-0.00620
3971.25758	-0.00639
3969.32885	-0.00654
3967.40012	-0.00668
3965.47139	-0.00689
3963.54266	-0.00713
3961.61392	-0.00715
3959.68519	-0.00694
3957.75646	-0.00686
3955.82773	-0.00700
3953.89900	-0.00717
3951.97027	-0.00751
3950.04154	-0.00828
3948.11281	-0.00901
3946.18408	-0.00898
3944.25534	-0.00845
3942.32661	-0.00817
3940.39788	-0.00817
3938.46915	-0.00823
3936.54042	-0.00856
3934.61169	-0.00932
3932.68296	-0.00998
3930.75423	-0.00991
3928.82549	-0.00934
3926.89676	-0.00886
3924.96803	-0.00876
3923.03930	-0.00909
3921.11057	-0.00962
3919.18184	-0.01028
3917.25311	-0.01067
3915.32438	-0.01032
3913.39564	-0.00973
3911.46691	-0.00956
3909.53818	-0.00975
3907.60945	-0.01001
3905.68072	-0.01056
3903.75199	-0.01161
3901.82326	-0.01218
3899.89453	-0.01184
3897.96579	-0.01182
3896.03706	-0.01245
3894.10833	-0.01302
3892.17960	-0.01326
3890.25087	-0.01340
3888.32214	-0.01357
3886.39341	-0.01372
3884.46468	-0.01381
3882.53594	-0.01419
3880.60721	-0.01468
3878.67848	-0.01503
3876.74975	-0.01534
3874.82102	-0.01580
3872.89229	-0.01632
3870.96356	-0.01670
3869.03483	-0.01682
3867.10610	-0.01684
3865.17736	-0.01679
3863.24863	-0.01692
3861.31990	-0.01754
3859.39117	-0.01856
3857.46244	-0.01963
3855.53371	-0.01961
3853.60498	-0.01764
3851.67625	-0.01605
3849.74751	-0.01656
3847.81878	-0.01776
3845.89005	-0.01800
3843.96132	-0.01770
3842.03259	-0.01769
3840.10386	-0.01778
3838.17513	-0.01761
3836.24640	-0.01732
3834.31766	-0.01749
3832.38893	-0.01808
3830.46020	-0.01851
3828.53147	-0.01859
3826.60274	-0.01854
3824.67401	-0.01855
3822.74528	-0.01852
3820.81655	-0.01851
3818.88781	-0.01847
3816.95908	-0.01789
3815.03035	-0.01699
3813.10162	-0.01665
3811.17289	-0.01691
3809.24416	-0.01705
3807.31543	-0.01698
3805.38670	-0.01692
3803.45796	-0.01669
3801.52923	-0.01620
3799.60050	-0.01594
3797.67177	-0.01579
3795.74304	-0.01532
3793.81431	-0.01460
3791.88558	-0.01416
3789.95685	-0.01404
3788.02812	-0.01402
3786.09938	-0.01394
3784.17065	-0.01385
3782.24192	-0.01362
3780.31319	-0.01325
3778.38446	-0.01310
3776.45573	-0.01338
3774.52700	-0.01390
3772.59827	-0.01444
3770.66953	-0.01497
3768.74080	-0.01548
3766.81207	-0.01586
3764.88334	-0.01635
3762.95461	-0.01706
3761.02588	-0.01779
3759.09715	-0.01861
3757.16842	-0.01976
3755.23968	-0.02080
3753.31095	-0.02149
3751.38222	-0.02237
3749.45349	-0.02373
3747.52476	-0.02460
3745.59603	-0.02470
3743.66730	-0.02342
3741.73857	-0.02204
3739.80983	-0.02164
3737.88110	-0.02127
3735.95237	-0.02031
3734.02364	-0.01895
3732.09491	-0.01748
3730.16618	-0.01646
3728.23745	-0.01587
3726.30872	-0.01512
3724.37998	-0.01385
3722.45125	-0.01207
3720.52252	-0.00999
3718.59379	-0.00812
3716.66506	-0.00661
3714.73633	-0.00493
3712.80760	-0.00239
3710.87887	0.00045
3708.95014	0.00261
3707.02140	0.00431
3705.09267	0.00614
3703.16394	0.00837
3701.23521	0.01062
3699.30648	0.01227
3697.37775	0.01341
3695.44902	0.01448
3693.52029	0.01590
3691.59155	0.01799
3689.66282	0.02045
3687.73409	0.02243
3685.80536	0.02357
3683.87663	0.02425
3681.94790	0.02520
3680.01917	0.02688
3678.09044	0.02944
3676.16170	0.03315
3674.23297	0.03674
3672.30424	0.03905
3670.37551	0.04088
3668.44678	0.04261
3666.51805	0.04386
3664.58932	0.04514
3662.66059	0.04696
3660.73185	0.04880
3658.80312	0.05014
3656.87439	0.05105
3654.94566	0.05173
3653.01693	0.05250
3651.08820	0.05379
3649.15947	0.05523
3647.23074	0.05667
3645.30200	0.05770
3643.37327	0.05824
3641.44454	0.05883
3639.51581	0.05953
3637.58708	0.06000
3635.65835	0.06040
3633.72962	0.06111
3631.80089	0.06218
3629.87216	0.06371
3627.94342	0.06539
3626.01469	0.06611
3624.08596	0.06608
3622.15723	0.06642
3620.22850	0.06734
3618.29977	0.06781
3616.37104	0.06743
3614.44231	0.06706
3612.51357	0.06716
3610.58484	0.06750
3608.65611	0.06825
3606.72738	0.06939
3604.79865	0.07044
3602.86992	0.07117
3600.94119	0.07169
3599.01246	0.07207
3597.08372	0.07245
3595.15499	0.07292
3593.22626	0.07346
3591.29753	0.07388
3589.36880	0.07433
3587.44007	0.07505
3585.51134	0.07590
3583.58261	0.07658
3581.65387	0.07720
3579.72514	0.07799
3577.79641	0.07879
3575.86768	0.07948
3573.93895	0.08008
3572.01022	0.08054
3570.08149	0.08081
3568.15276	0.08112
3566.22402	0.08175
3564.29529	0.08247
3562.36656	0.08302
3560.43783	0.08367
3558.50910	0.08450
3556.58037	0.08523
3554.65164	0.08577
3552.72291	0.08610
3550.79418	0.08609
3548.86544	0.08579
3546.93671	0.08578
3545.00798	0.08652
3543.07925	0.08753
3541.15052	0.08822
3539.22179	0.08875
3537.29306	0.08937
3535.36433	0.08988
3533.43559	0.09007
3531.50686	0.09010
3529.57813	0.09000
3527.64940	0.08966
3525.72067	0.08950
3523.79194	0.08997
3521.86321	0.09079
3519.93448	0.09154
3518.00574	0.09210
3516.07701	0.09242
3514.14828	0.09258
3512.21955	0.09262
3510.29082	0.09259
3508.36209	0.09249
3506.43336	0.09249
3504.50463	0.09266
3502.57589	0.09289
3500.64716	0.09322
3498.71843	0.09377
3496.78970	0.09433
3494.86097	0.09460
3492.93224	0.09458
3491.00351	0.09459
3489.07478	0.09489
3487.14604	0.09534
3485.21731	0.09569
3483.28858	0.09599
3481.35985	0.09638
3479.43112	0.09672
3477.50239	0.09689
3475.57366	0.09691
3473.64493	0.09697
3471.71620	0.09720
3469.78746	0.09749
3467.85873	0.09760
3465.93000	0.09750
3464.00127	0.09750
3462.07254	0.09770
3460.14381	0.09796
3458.21508	0.09824
3456.28635	0.09850
3454.35761	0.09865
3452.42888	0.09863
3450.50015	0.09849
3448.57142	0.09845
3446.64269	0.09857
3444.71396	0.09877
3442.78523	0.09897
3440.85650	0.09917
3438.92776	0.09937
3436.99903	0.09952
3435.07030	0.09952
3433.14157	0.09939
3431.21284	0.09927
3429.28411	0.09919
3427.35538	0.09913
3425.42665	0.09901
3423.49791	0.09875
3421.56918	0.09853
3419.64045	0.09871
3417.71172	0.09919
3415.78299	0.09952
3413.85426	0.09958
3411.92553	0.09938
3409.99680	0.09911
3408.06806	0.09892
3406.13933	0.09884
3404.21060	0.09882
3402.28187	0.09884
3400.35314	0.09862
3398.42441	0.09760
3396.49568	0.09718
3394.56695	0.09700
3392.63822	0.09690
3390.70948	0.09720
3388.78075	0.09752
3386.85202	0.09729
3384.92329	0.09679
3382.99456	0.09660
3381.06583	0.09668
3379.13710	0.09674
3377.20837	0.09672
3375.27963	0.09664
3373.35090	0.09649
3371.42217	0.09602
3369.49344	0.09526
3367.56471	0.09460
3365.63598	0.09435
3363.70725	0.09435
3361.77852	0.09422
3359.84978	0.09390
3357.92105	0.09356
3355.99232	0.09333
3354.06359	0.09325
3352.13486	0.09319
3350.20613	0.09298
3348.27740	0.09270
3346.34867	0.09244
3344.41993	0.09218
3342.49120	0.09168
3340.56247	0.09096
3338.63374	0.09031
3336.70501	0.08985
3334.77628	0.08961
3332.84755	0.08948
3330.91882	0.08915
3328.99008	0.08857
3327.06135	0.08806
3325.13262	0.08771
3323.20389	0.08736
3321.27516	0.08698
3319.34643	0.08652
3317.41770	0.08589
3315.48897	0.08511
3313.56024	0.08426
3311.63150	0.08343
3309.70277	0.08277
3307.77404	0.08242
3305.84531	0.08226
3303.91658	0.08192
3301.98785	0.08129
3300.05912	0.08047
3298.13039	0.07951
3296.20165	0.07851
3294.27292	0.07755
3292.34419	0.07668
3290.41546	0.07592
3288.48673	0.07521
3286.55800	0.07450
3284.62927	0.07377
3282.70054	0.07291
3280.77180	0.07191
3278.84307	0.07080
3276.91434	0.06970
3274.98561	0.06876
3273.05688	0.06800
3271.12815	0.06731
3269.19942	0.06658
3267.27069	0.06566
3265.34195	0.06461
3263.41322	0.06372
3261.48449	0.06289
3259.55576	0.06186
3257.62703	0.06063
3255.69830	0.05933
3253.76957	0.05819
3251.84084	0.05732
3249.91210	0.05647
3247.98337	0.05531
3246.05464	0.05393
3244.12591	0.05269
3242.19718	0.05164
3240.26845	0.05065
3238.33972	0.04967
3236.41099	0.04862
3234.48226	0.04750
3232.55352	0.04641
3230.62479	0.04533
3228.69606	0.04409
3226.76733	0.04281
3224.83860	0.04170
3222.90987	0.04069
3220.98114	0.03959
3219.05241	0.03842
3217.12367	0.03727
3215.19494	0.03617
3213.26621	0.03523
3211.33748	0.03448
3209.40875	0.03380
3207.48002	0.03304
3205.55129	0.03215
3203.62256	0.03126
3201.69382	0.03031
3199.76509	0.02904
3197.83636	0.02766
3195.90763	0.02668
3193.97890	0.02608
3192.05017	0.02551
3190.12144	0.02479
3188.19271	0.02384
3186.26397	0.02275
3184.33524	0.02181
3182.40651	0.02103
3180.47778	0.02006
3178.54905	0.01891
3176.62032	0.01804
3174.69159	0.01749
3172.76286	0.01691
3170.83412	0.01620
3168.90539	0.01549
3166.97666	0.01477
3165.04793	0.01404
3163.11920	0.01336
3161.19047	0.01272
3159.26174	0.01210
3157.33301	0.01152
3155.40428	0.01089
3153.47554	0.01003
3151.54681	0.00909
3149.61808	0.00836
3147.68935	0.00787
3145.76062	0.00737
3143.83189	0.00674
3141.90316	0.00614
3139.97443	0.00567
3138.04569	0.00510
3136.11696	0.00428
3134.18823	0.00344
3132.25950	0.00293
3130.33077	0.00276
3128.40204	0.00254
3126.47331	0.00206
3124.54458	0.00150
3122.61584	0.00112
3120.68711	0.00105
3118.75838	0.00115
3116.82965	0.00137
3114.90092	0.00178
3112.97219	0.00233
3111.04346	0.00298
3109.11473	0.00368
3107.18599	0.00437
3105.25726	0.00508
3103.32853	0.00578
3101.39980	0.00655
3099.47107	0.00757
3097.54234	0.00872
3095.61361	0.01002
3093.68488	0.01160
3091.75614	0.01321
3089.82741	0.01457
3087.89868	0.01577
3085.96995	0.01708
3084.04122	0.01839
3082.11249	0.01941
3080.18376	0.02026
3078.25503	0.02134
3076.32630	0.02271
3074.39756	0.02414
3072.46883	0.02538
3070.54010	0.02628
3068.61137	0.02687
3066.68264	0.02736
3064.75391	0.02810
3062.82518	0.02904
3060.89645	0.02989
3058.96771	0.03052
3057.03898	0.03110
3055.11025	0.03179
3053.18152	0.03239
3051.25279	0.03266
3049.32406	0.03279
3047.39533	0.03306
3045.46660	0.03338
3043.53786	0.03354
3041.60913	0.03356
3039.68040	0.03349
3037.75167	0.03332
3035.82294	0.03299
3033.89421	0.03242
3031.96548	0.03189
3030.03675	0.03173
3028.10801	0.03177
3026.17928	0.03167
3024.25055	0.03144
3022.32182	0.03117
3020.39309	0.03072
3018.46436	0.03008
3016.53563	0.02957
3014.60690	0.02940
3012.67816	0.02947
3010.74943	0.02972
3008.82070	0.03010
3006.89197	0.03040
3004.96324	0.03058
3003.03451	0.03089
3001.10578	0.03141
2999.17705	0.03212
2997.24832	0.03253
2995.31958	0.03284
2993.39085	0.03347
2991.46212	0.03433
2989.53339	0.03502
2987.60466	0.03573
2985.67593	0.03678
2983.74720	0.03786
2981.81847	0.03867
2979.88973	0.03942
2977.96100	0.04030
2976.03227	0.04135
2974.10354	0.04258
2972.17481	0.04391
2970.24608	0.04529
2968.31735	0.04674
2966.38862	0.04822
2964.45988	0.04961
2962.53115	0.05087
2960.60242	0.05198
2958.67369	0.05282
2956.74496	0.05339
2954.81623	0.05387
2952.88750	0.05438
2950.95877	0.05491
2949.03003	0.05545
2947.10130	0.05625
2945.17257	0.05751
2943.24384	0.05914
2941.31511	0.06093
2939.38638	0.06269
2937.45765	0.06450
2935.52892	0.06645
2933.60018	0.06842
2931.67145	0.07030
2929.74272	0.07201
2927.81399	0.07337
2925.88526	0.07429
2923.95653	0.07461
2922.02780	0.07428
2920.09907	0.07330
2918.17034	0.07162
2916.24160	0.06946
2914.31287	0.06735
2912.38414	0.06556
2910.45541	0.06401
2908.52668	0.06265
2906.59795	0.06146
2904.66922	0.06046
2902.74049	0.05964
2900.81175	0.05894
2898.88302	0.05823
2896.95429	0.05742
2895.02556	0.05661
2893.09683	0.05581
2891.16810	0.05501
2889.23937	0.05432
2887.31064	0.05384
2885.38190	0.05353
2883.45317	0.05335
2881.52444	0.05325
2879.59571	0.05318
2877.66698	0.05314
2875.73825	0.05313
2873.80952	0.05318
2871.88079	0.05333
2869.95205	0.05352
2868.02332	0.05375
2866.09459	0.05416
2864.16586	0.05486
2862.23713	0.05582
2860.30840	0.05698
2858.37967	0.05818
2856.45094	0.05904
2854.52220	0.05915
2852.59347	0.05837
2850.66474	0.05675
2848.73601	0.05444
2846.80728	0.05177
2844.87855	0.04922
2842.94982	0.04707
2841.02109	0.04538
2839.09236	0.04402
2837.16362	0.04283
2835.23489	0.04177
2833.30616	0.04094
2831.37743	0.04032
2829.44870	0.03971
2827.51997	0.03909
2825.59124	0.03854
2823.66251	0.03803
2821.73377	0.03749
2819.80504	0.03700
2817.87631	0.03667
2815.94758	0.03641
2814.01885	0.03601
2812.09012	0.03544
2810.16139	0.03491
2808.23266	0.03452
2806.30392	0.03416
2804.37519	0.03375
2802.44646	0.03332
2800.51773	0.03291
2798.58900	0.03259
2796.66027	0.03237
2794.73154	0.03205
2792.80281	0.03161
2790.87407	0.03116
2788.94534	0.03072
2787.01661	0.03032
2785.08788	0.03003
2783.15915	0.02978
2781.23042	0.02951
2779.30169	0.02926
2777.37296	0.02904
2775.44422	0.02882
2773.51549	0.02858
2771.58676	0.02838
2769.65803	0.02818
2767.72930	0.02794
2765.80057	0.02773
2763.87184	0.02758
2761.94311	0.02747
2760.01438	0.02738
2758.08564	0.02722
2756.15691	0.02699
2754.22818	0.02680
2752.29945	0.02667
2750.37072	0.02656
2748.44199	0.02644
2746.51326	0.02628
2744.58453	0.02601
2742.65579	0.02565
2740.72706	0.02531
2738.79833	0.02507
2736.86960	0.02487
2734.94087	0.02467
2733.01214	0.02443
2731.08341	0.02416
2729.15468	0.02388
2727.22594	0.02356
2725.29721	0.02322
2723.36848	0.02293
2721.43975	0.02263
2719.51102	0.02227
2717.58229	0.02191
2715.65356	0.02162
2713.72483	0.02141
2711.79609	0.02123
2709.86736	0.02099
2707.93863	0.02068
2706.00990	0.02039
2704.08117	0.02011
2702.15244	0.01976
2700.22371	0.01943
2698.29498	0.01919
2696.36624	0.01895
2694.43751	0.01867
2692.50878	0.01841
2690.58005	0.01815
2688.65132	0.01782
2686.72259	0.01749
2684.79386	0.01723
2682.86513	0.01696
2680.93640	0.01672
2679.00766	0.01661
2677.07893	0.01648
2675.15020	0.01618
2673.22147	0.01577
2671.29274	0.01535
2669.36401	0.01496
2667.43528	0.01459
2665.50655	0.01424
2663.57781	0.01401
2661.64908	0.01382
2659.72035	0.01355
2657.79162	0.01323
2655.86289	0.01292
2653.93416	0.01266
2652.00543	0.01244
2650.07670	0.01225
2648.14796	0.01203
2646.21923	0.01179
2644.29050	0.01159
2642.36177	0.01138
2640.43304	0.01115
2638.50431	0.01091
2636.57558	0.01061
2634.64685	0.01034
2632.71811	0.01012
2630.78938	0.00989
2628.86065	0.00968
2626.93192	0.00951
2625.00319	0.00929
2623.07446	0.00901
2621.14573	0.00876
2619.21700	0.00849
2617.28826	0.00825
2615.35953	0.00806
2613.43080	0.00784
2611.50207	0.00758
2609.57334	0.00736
2607.64461	0.00714
2605.71588	0.00686
2603.78715	0.00652
2601.85842	0.00620
2599.92968	0.00599
2598.00095	0.00581
2596.07222	0.00557
2594.14349	0.00529
2592.21476	0.00507
2590.28603	0.00489
2588.35730	0.00472
2586.42857	0.00448
2584.49983	0.00423
2582.57110	0.00399
2580.64237	0.00372
2578.71364	0.00344
2576.78491	0.00319
2574.85618	0.00296
2572.92745	0.00281
2570.99872	0.00271
2569.06998	0.00255
2567.14125	0.00230
2565.21252	0.00209
2563.28379	0.00191
2561.35506	0.00169
2559.42633	0.00145
2557.49760	0.00120
2555.56887	0.00099
2553.64013	0.00084
2551.71140	0.00074
2549.78267	0.00071
2547.85394	0.00067
2545.92521	0.00063
2543.99648	0.00054
2542.06775	0.00032
2540.13902	0.00007
2538.21028	-0.00008
2536.28155	-0.00011
2534.35282	-0.00012
2532.42409	-0.00024
2530.49536	-0.00047
2528.56663	-0.00071
2526.63790	-0.00088
2524.70917	-0.00102
2522.78044	-0.00118
2520.85170	-0.00129
2518.92297	-0.00138
2516.99424	-0.00146
2515.06551	-0.00150
2513.13678	-0.00158
2511.20805	-0.00175
2509.27932	-0.00191
2507.35059	-0.00198
2505.42185	-0.00204
2503.49312	-0.00213
2501.56439	-0.00222
2499.63566	-0.00227
2497.70693	-0.00235
2495.77820	-0.00253
2493.84947	-0.00270
2491.92074	-0.00275
2489.99200	-0.00277
2488.06327	-0.00285
2486.13454	-0.00301
2484.20581	-0.00316
2482.27708	-0.00324
2480.34835	-0.00330
2478.41962	-0.00343
2476.49089	-0.00364
2474.56215	-0.00386
2472.63342	-0.00397
2470.70469	-0.00393
2468.77596	-0.00391
2466.84723	-0.00403
2464.91850	-0.00425
2462.98977	-0.00447
2461.06104	-0.00463
2459.13230	-0.00481
2457.20357	-0.00502
2455.27484	-0.00518
2453.34611	-0.00526
2451.41738	-0.00534
2449.48865	-0.00545
2447.55992	-0.00563
2445.63119	-0.00587
2443.70246	-0.00606
2441.77372	-0.00616
2439.84499	-0.00624
2437.91626	-0.00640
2435.98753	-0.00653
2434.05880	-0.00662
2432.13007	-0.00675
2430.20134	-0.00703
2428.27261	-0.00739
2426.34387	-0.00757
2424.41514	-0.00749
2422.48641	-0.00732
2420.55768	-0.00718
2418.62895	-0.00706
2416.70022	-0.00700
2414.77149	-0.00703
2412.84276	-0.00707
2410.91402	-0.00710
2408.98529	-0.00718
2407.05656	-0.00725
2405.12783	-0.00729
2403.19910	-0.00733
2401.27037	-0.00738
2399.34164	-0.00736
2397.41291	-0.00740
2395.48417	-0.00751
2393.55544	-0.00763
2391.62671	-0.00771
2389.69798	-0.00775
2387.76925	-0.00776
2385.84052	-0.00779
2383.91179	-0.00790
2381.98306	-0.00816
2380.05432	-0.00862
2378.12559	-0.00910
2376.19686	-0.00925
2374.26813	-0.00875
2372.33940	-0.00786
2370.41067	-0.00717
2368.48194	-0.00683
2366.55321	-0.00662
2364.62448	-0.00663
2362.69574	-0.00680
2360.76701	-0.00691
2358.83828	-0.00719
2356.90955	-0.00790
2354.98082	-0.00873
2353.05209	-0.00898
2351.12336	-0.00831
2349.19463	-0.00797
2347.26589	-0.00891
2345.33716	-0.00977
2343.40843	-0.00952
2341.47970	-0.00897
2339.55097	-0.00859
2337.62224	-0.00834
2335.69351	-0.00826
2333.76478	-0.00837
2331.83604	-0.00866
2329.90731	-0.00910
2327.97858	-0.00954
2326.04985	-0.00986
2324.12112	-0.01005
2322.19239	-0.01016
2320.26366	-0.01017
2318.33493	-0.01018
2316.40619	-0.01043
2314.47746	-0.01083
2312.54873	-0.01107
2310.62000	-0.01101
2308.69127	-0.01086
2306.76254	-0.01072
2304.83381	-0.01056
2302.90508	-0.01043
2300.97634	-0.01039
2299.04761	-0.01039
2297.11888	-0.01037
2295.19015	-0.01035
2293.26142	-0.01036
2291.33269	-0.01037
2289.40396	-0.01036
2287.47523	-0.01029
2285.54650	-0.01018
2283.61776	-0.01010
2281.68903	-0.01007
2279.76030	-0.01006
2277.83157	-0.01006
2275.90284	-0.01008
2273.97411	-0.01004
2272.04538	-0.00994
2270.11665	-0.00982
2268.18791	-0.00976
2266.25918	-0.00977
2264.33045	-0.00981
2262.40172	-0.00982
2260.47299	-0.00976
2258.54426	-0.00966
2256.61553	-0.00963
2254.68680	-0.00963
2252.75806	-0.00962
2250.82933	-0.00979
2248.90060	-0.01047
2246.97187	-0.01019
2245.04314	-0.00993
2243.11441	-0.00978
2241.18568	-0.00970
2239.25695	-0.00964
2237.32821	-0.00951
2235.39948	-0.00935
2233.47075	-0.00928
2231.54202	-0.00920
2229.61329	-0.00903
2227.68456	-0.00887
2225.75583	-0.00881
2223.82710	-0.00883
2221.89836	-0.00890
2219.96963	-0.00909
2218.04090	-0.00927
2216.11217	-0.00948
2214.18344	-0.00968
2212.25471	-0.00980
2210.32598	-0.00988
2208.39725	-0.00997
2206.46852	-0.01003
2204.53978	-0.01007
2202.61105	-0.01013
2200.68232	-0.01025
2198.75359	-0.01040
2196.82486	-0.01050
2194.89613	-0.01055
2192.96740	-0.01064
2191.03867	-0.01079
2189.10993	-0.01095
2187.18120	-0.01109
2185.25247	-0.01111
2183.32374	-0.01108
2181.39501	-0.01111
2179.46628	-0.01124
2177.53755	-0.01143
2175.60882	-0.01162
2173.68008	-0.01178
2171.75135	-0.01187
2169.82262	-0.01188
2167.89389	-0.01185
2165.96516	-0.01188
2164.03643	-0.01199
2162.10770	-0.01206
2160.17897	-0.01200
2158.25023	-0.01192
2156.32150	-0.01189
2154.39277	-0.01187
2152.46404	-0.01187
2150.53531	-0.01194
2148.60658	-0.01211
2146.67785	-0.01226
2144.74912	-0.01225
2142.82038	-0.01218
2140.89165	-0.01223
2138.96292	-0.01241
2137.03419	-0.01252
2135.10546	-0.01244
2133.17673	-0.01234
2131.24800	-0.01240
2129.31927	-0.01253
2127.39054	-0.01262
2125.46180	-0.01267
2123.53307	-0.01273
2121.60434	-0.01283
2119.67561	-0.01288
2117.74688	-0.01300
2115.81815	-0.01327
2113.88942	-0.01345
2111.96069	-0.01338
2110.03195	-0.01329
2108.10322	-0.01330
2106.17449	-0.01338
2104.24576	-0.01348
2102.31703	-0.01361
2100.38830	-0.01381
2098.45957	-0.01399
2096.53084	-0.01424
2094.60210	-0.01451
2092.67337	-0.01484
2090.74464	-0.01520
2088.81591	-0.01554
2086.88718	-0.01589
2084.95845	-0.01627
2083.02972	-0.01665
2081.10099	-0.01708
2079.17225	-0.01762
2077.24352	-0.01818
2075.31479	-0.01861
2073.38606	-0.01889
2071.45733	-0.01913
2069.52860	-0.01938
2067.59987	-0.01956
2065.67114	-0.01961
2063.74240	-0.01958
2061.81367	-0.01946
2059.88494	-0.01919
2057.95621	-0.01882
2056.02748	-0.01839
2054.09875	-0.01792
2052.17002	-0.01742
2050.24129	-0.01691
2048.31256	-0.01636
2046.38382	-0.01583
2044.45509	-0.01530
2042.52636	-0.01467
2040.59763	-0.01403
2038.66890	-0.01349
2036.74017	-0.01297
2034.81144	-0.01246
2032.88271	-0.01199
2030.95397	-0.01159
2029.02524	-0.01134
2027.09651	-0.01123
2025.16778	-0.01114
2023.23905	-0.01093
2021.31032	-0.01055
2019.38159	-0.01000
2017.45286	-0.00952
2015.52412	-0.00922
2013.59539	-0.00900
2011.66666	-0.00876
2009.73793	-0.00857
2007.80920	-0.00838
2005.88047	-0.00808
2003.95174	-0.00775
2002.02301	-0.00751
2000.09427	-0.00738
1998.16554	-0.00732
1996.23681	-0.00731
1994.30808	-0.00730
1992.37935	-0.00724
1990.45062	-0.00711
1988.52189	-0.00692
1986.59316	-0.00679
1984.66442	-0.00669
1982.73569	-0.00661
1980.80696	-0.00655
1978.87823	-0.00648
1976.94950	-0.00639
1975.02077	-0.00628
1973.09204	-0.00622
1971.16331	-0.00629
1969.23458	-0.00642
1967.30584	-0.00649
1965.37711	-0.00658
1963.44838	-0.00663
1961.51965	-0.00661
1959.59092	-0.00660
1957.66219	-0.00662
1955.73346	-0.00665
1953.80473	-0.00671
1951.87599	-0.00684
1949.94726	-0.00694
1948.01853	-0.00697
1946.08980	-0.00701
1944.16107	-0.00712
1942.23234	-0.00716
1940.30361	-0.00710
1938.37488	-0.00703
1936.44614	-0.00697
1934.51741	-0.00700
1932.58868	-0.00708
1930.65995	-0.00712
1928.73122	-0.00717
1926.80249	-0.00736
1924.87376	-0.00749
1922.94503	-0.00765
1921.01629	-0.00780
1919.08756	-0.00766
1917.15883	-0.00744
1915.23010	-0.00758
1913.30137	-0.00776
1911.37264	-0.00755
1909.44391	-0.00717
1907.51518	-0.00690
1905.58644	-0.00664
1903.65771	-0.00629
1901.72898	-0.00597
1899.80025	-0.00571
1897.87152	-0.00543
1895.94279	-0.00521
1894.01406	-0.00503
1892.08533	-0.00472
1890.15660	-0.00430
1888.22786	-0.00416
1886.29913	-0.00430
1884.37040	-0.00435
1882.44167	-0.00427
1880.51294	-0.00421
1878.58421	-0.00427
1876.65548	-0.00445
1874.72675	-0.00460
1872.79801	-0.00453
1870.86928	-0.00421
1868.94055	-0.00407
1867.01182	-0.00462
1865.08309	-0.00556
1863.15436	-0.00632
1861.22563	-0.00691
1859.29690	-0.00755
1857.36816	-0.00822
1855.43943	-0.00886
1853.51070	-0.00951
1851.58197	-0.01015
1849.65324	-0.01072
1847.72451	-0.01121
1845.79578	-0.01161
1843.86705	-0.01200
1841.93831	-0.01267
1840.00958	-0.01339
1838.08085	-0.01377
1836.15212	-0.01403
1834.22339	-0.01415
1832.29466	-0.01374
1830.36593	-0.01315
1828.43720	-0.01313
1826.50846	-0.01336
1824.57973	-0.01338
1822.65100	-0.01343
1820.72227	-0.01369
1818.79354	-0.01393
1816.86481	-0.01373
1814.93608	-0.01311
1813.00735	-0.01248
1811.07862	-0.01221
1809.14988	-0.01233
1807.22115	-0.01259
1805.29242	-0.01295
1803.36369	-0.01339
1801.43496	-0.01354
1799.50623	-0.01328
1797.57750	-0.01298
1795.64877	-0.01257
1793.72003	-0.01171
1791.79130	-0.01109
1789.86257	-0.01152
1787.93384	-0.01248
1786.00511	-0.01305
1784.07638	-0.01290
1782.14765	-0.01226
1780.21892	-0.01185
1778.29018	-0.01187
1776.36145	-0.01157
1774.43272	-0.01045
1772.50399	-0.00938
1770.57526	-0.00972
1768.64653	-0.01091
1766.71780	-0.01161
1764.78907	-0.01145
1762.86033	-0.01084
1760.93160	-0.01041
1759.00287	-0.01035
1757.07414	-0.01031
1755.14541	-0.01011
1753.21668	-0.00957
1751.28795	-0.00874
1749.35922	-0.00834
1747.43048	-0.00848
1745.50175	-0.00841
1743.57302	-0.00781
1741.64429	-0.00698
1739.71556	-0.00640
1737.78683	-0.00590
1735.85810	-0.00474
1733.92937	-0.00329
1732.00064	-0.00298
1730.07190	-0.00359
1728.14317	-0.00424
1726.21444	-0.00450
1724.28571	-0.00440
1722.35698	-0.00385
1720.42825	-0.00227
1718.49952	-0.00011
1716.57079	0.00042
1714.64205	-0.00109
1712.71332	-0.00321
1710.78459	-0.00447
1708.85586	-0.00455
1706.92713	-0.00415
1704.99840	-0.00414
1703.06967	-0.00392
1701.14094	-0.00260
1699.21220	-0.00107
1697.28347	-0.00037
1695.35474	-0.00048
1693.42601	-0.00097
1691.49728	-0.00106
1689.56855	-0.00001
1687.63982	0.00262
1685.71109	0.00644
1683.78235	0.00891
1681.85362	0.00822
1679.92489	0.00701
1677.99616	0.00756
1676.06743	0.00974
1674.13870	0.01197
1672.20997	0.01379
1670.28124	0.01557
1668.35250	0.01661
1666.42377	0.01671
1664.49504	0.01709
1662.56631	0.01775
1660.63758	0.01737
1658.70885	0.01649
1656.78012	0.01694
1654.85139	0.01892
1652.92266	0.01937
1650.99392	0.01680
1649.06519	0.01435
1647.13646	0.01376
1645.20773	0.01278
1643.27900	0.01039
1641.35027	0.00839
1639.42154	0.00804
1637.49281	0.00866
1635.56407	0.00813
1633.63534	0.00543
1631.70661	0.00237
1629.77788	0.00047
1627.84915	-0.00065
1625.92042	-0.00183
1623.99169	-0.00339
1622.06296	-0.00558
1620.13422	-0.00748
1618.20549	-0.00845
1616.27676	-0.00982
1614.34803	-0.01265
1612.41930	-0.01572
1610.49057	-0.01794
1608.56184	-0.01962
1606.63311	-0.02128
1604.70437	-0.02291
1602.77564	-0.02439
1600.84691	-0.02560
1598.91818	-0.02638
1596.98945	-0.02676
1595.06072	-0.02697
1593.13199	-0.02707
1591.20326	-0.02694
1589.27452	-0.02658
1587.34579	-0.02617
1585.41706	-0.02591
1583.48833	-0.02581
1581.55960	-0.02556
1579.63087	-0.02451
1577.70214	-0.02270
1575.77341	-0.02156
1573.84468	-0.02187
1571.91594	-0.02191
1569.98721	-0.02062
1568.05848	-0.01932
1566.12975	-0.01866
1564.20102	-0.01752
1562.27229	-0.01453
1560.34356	-0.00946
1558.41483	-0.00601
1556.48609	-0.00701
1554.55736	-0.00912
1552.62863	-0.00999
1550.69990	-0.00979
1548.77117	-0.00939
1546.84244	-0.00854
1544.91371	-0.00662
1542.98498	-0.00380
1541.05624	-0.00140
1539.12751	-0.00188
1537.19878	-0.00491
1535.27005	-0.00672
1533.34132	-0.00663
1531.41259	-0.00679
1529.48386	-0.00745
1527.55513	-0.00782
1525.62639	-0.00802
1523.69766	-0.00806
1521.76893	-0.00832
1519.84020	-0.00969
1517.91147	-0.01137
1515.98274	-0.01290
1514.05401	-0.01467
1512.12528	-0.01606
1510.19654	-0.01594
1508.26781	-0.01464
1506.33908	-0.01474
1504.41035	-0.01782
1502.48162	-0.02112
1500.55289	-0.02234
1498.62416	-0.02169
1496.69543	-0.02124
1494.76670	-0.02179
1492.83796	-0.02217
1490.90923	-0.02173
1488.98050	-0.02150
1487.05177	-0.02219
1485.12304	-0.02316
1483.19431	-0.02371
1481.26558	-0.02371
1479.33685	-0.02330
1477.40811	-0.02228
1475.47938	-0.02042
1473.55065	-0.01828
1471.62192	-0.01729
1469.69319	-0.01788
1467.76446	-0.01841
1465.83573	-0.01825
1463.90700	-0.01851
1461.97826	-0.01895
1460.04953	-0.01814
1458.12080	-0.01676
1456.19207	-0.01734
1454.26334	-0.01981
1452.33461	-0.02217
1450.40588	-0.02317
1448.47715	-0.02348
1446.54841	-0.02427
1444.61968	-0.02559
1442.69095	-0.02699
1440.76222	-0.02819
1438.83349	-0.02923
1436.90476	-0.03052
1434.97603	-0.03244
1433.04730	-0.03483
1431.11856	-0.03733
1429.18983	-0.04032
1427.26110	-0.04416
1425.33237	-0.04870
1423.40364	-0.05376
1421.47491	-0.05932
1419.54618	-0.06588
1417.61745	-0.07365
1415.68872	-0.08128
1413.75998	-0.08863
1411.83125	-0.09642
1409.90252	-0.10472
1407.97379	-0.11283
1406.04506	-0.12038
1404.11633	-0.12702
1402.18760	-0.13150
1400.25887	-0.13291
1398.33013	-0.13125
1396.40140	-0.12654
1394.47267	-0.11960
1392.54394	-0.11266
1390.61521	-0.10737
1388.68648	-0.10472
1386.75775	-0.10475
1384.82902	-0.10278
1382.90028	-0.09355
1380.97155	-0.07881
1379.04282	-0.06484
1377.11409	-0.05459
1375.18536	-0.04693
1373.25663	-0.04081
1371.32790	-0.03606
1369.39917	-0.03228
1367.47043	-0.02918
1365.54170	-0.02661
1363.61297	-0.02439
1361.68424	-0.02253
1359.75551	-0.02099
1357.82678	-0.01963
1355.89805	-0.01838
1353.96932	-0.01728
1352.04058	-0.01623
1350.11185	-0.01521
1348.18312	-0.01438
1346.25439	-0.01389
1344.32566	-0.01364
1342.39693	-0.01348
1340.46820	-0.01337
1338.53947	-0.01320
1336.61074	-0.01280
1334.68200	-0.01216
1332.75327	-0.01151
1330.82454	-0.01131
1328.89581	-0.01177
1326.96708	-0.01219
1325.03835	-0.01222
1323.10962	-0.01189
1321.18089	-0.01134
1319.25215	-0.01079
1317.32342	-0.01023
1315.39469	-0.00940
1313.46596	-0.00821
1311.53723	-0.00684
1309.60850	-0.00543
1307.67977	-0.00401
1305.75104	-0.00253
1303.82230	-0.00093
1301.89357	0.00059
1299.96484	0.00172
1298.03611	0.00255
1296.10738	0.00343
1294.17865	0.00439
1292.24992	0.00519
1290.32119	0.00568
1288.39245	0.00606
1286.46372	0.00661
1284.53499	0.00748
1282.60626	0.00862
1280.67753	0.00992
1278.74880	0.01136
1276.82007	0.01296
1274.89134	0.01469
1272.96260	0.01661
1271.03387	0.01889
1269.10514	0.02168
1267.17641	0.02493
1265.24768	0.02867
1263.31895	0.03291
1261.39022	0.03766
1259.46149	0.04273
1257.53276	0.04810
1255.60402	0.05397
1253.67529	0.06035
1251.74656	0.06700
1249.81783	0.07362
1247.88910	0.07994
1245.96037	0.08574
1244.03164	0.09099
1242.10291	0.09573
1240.17417	0.09992
1238.24544	0.10362
1236.31671	0.10690
1234.38798	0.10965
1232.45925	0.11186
1230.53052	0.11376
1228.60179	0.11547
1226.67306	0.11692
1224.74432	0.11813
1222.81559	0.11927
1220.88686	0.12054
1218.95813	0.12184
1217.02940	0.12294
1215.10067	0.12384
1213.17194	0.12479
1211.24321	0.12585
1209.31447	0.12684
1207.38574	0.12766
1205.45701	0.12837
1203.52828	0.12914
1201.59955	0.13007
1199.67082	0.13131
1197.74209	0.13238
1195.81336	0.13371
1193.88462	0.13510
1191.95589	0.13623
1190.02716	0.13719
1188.09843	0.13823
1186.16970	0.13959
1184.24097	0.14116
1182.31224	0.14247
1180.38351	0.14336
1178.45478	0.14403
1176.52604	0.14458
1174.59731	0.14530
1172.66858	0.14652
1170.73985	0.14800
1168.81112	0.14934
1166.88239	0.15047
1164.95366	0.15162
1163.02493	0.15272
1161.09619	0.15337
1159.16746	0.15363
1157.23873	0.15393
1155.31000	0.15433
1153.38127	0.15462
1151.45254	0.15490
1149.52381	0.15540
1147.59508	0.15593
1145.66634	0.15621
1143.73761	0.15646
1141.80888	0.15679
1139.88015	0.15701
1137.95142	0.15700
1136.02269	0.15688
1134.09396	0.15703
1132.16523	0.15767
1130.23649	0.15864
1128.30776	0.15965
1126.37903	0.16058
1124.45030	0.16141
1122.52157	0.16212
1120.59284	0.16307
1118.66411	0.16484
1116.73538	0.16726
1114.80664	0.16982
1112.87791	0.17278
1110.94918	0.17651
1109.02045	0.18078
1107.09172	0.18528
1105.16299	0.18971
1103.23426	0.19382
1101.30553	0.19756
1099.37680	0.20070
1097.44806	0.20292
1095.51933	0.20448
1093.59060	0.20605
1091.66187	0.20761
1089.73314	0.20888
1087.80441	0.20993
1085.87568	0.21052
1083.94695	0.21040
1082.01821	0.21007
1080.08948	0.20992
1078.16075	0.20956
1076.23202	0.20893
1074.30329	0.20847
1072.37456	0.20815
1070.44583	0.20743
1068.51710	0.20624
1066.58836	0.20511
1064.65963	0.20412
1062.73090	0.20282
1060.80217	0.20110
1058.87344	0.19915
1056.94471	0.19683
1055.01598	0.19399
1053.08725	0.19080
1051.15851	0.18732
1049.22978	0.18381
1047.30105	0.18057
1045.37232	0.17752
1043.44359	0.17445
1041.51486	0.17104
1039.58613	0.16721
1037.65740	0.16330
1035.72866	0.15955
1033.79993	0.15606
1031.87120	0.15302
1029.94247	0.15023
1028.01374	0.14752
1026.08501	0.14503
1024.15628	0.14262
1022.22755	0.14014
1020.29882	0.13774
1018.37008	0.13548
1016.44135	0.13337
1014.51262	0.13143
1012.58389	0.12946
1010.65516	0.12728
1008.72643	0.12503
1006.79770	0.12290
1004.86897	0.12081
1002.94023	0.11862
1001.01150	0.11645
999.08277	0.11438
997.15404	0.11217
995.22531	0.10949
993.29658	0.10625
991.36785	0.10296
989.43912	0.10028
987.51038	0.09818
985.58165	0.09628
983.65292	0.09457
981.72419	0.09314
979.79546	0.09186
977.86673	0.09060
975.93800	0.08929
974.00927	0.08853
972.08053	0.08780
970.15180	0.08715
968.22307	0.08646
966.29434	0.08560
964.36561	0.08472
962.43688	0.08417
960.50815	0.08388
958.57942	0.08350
956.65068	0.08292
954.72195	0.08217
952.79322	0.08110
950.86449	0.07965
948.93576	0.07809
947.00703	0.07657
945.07830	0.07490
943.14957	0.07294
941.22084	0.07077
939.29210	0.06847
937.36337	0.06609
935.43464	0.06363
933.50591	0.06119
931.57718	0.05890
929.64845	0.05688
927.71972	0.05535
925.79099	0.05406
923.86225	0.05269
921.93352	0.05131
920.00479	0.04977
918.07606	0.04797
916.14733	0.04613
914.21860	0.04437
912.28987	0.04259
910.36114	0.04052
908.43240	0.03814
906.50367	0.03581
904.57494	0.03358
902.64621	0.03119
900.71748	0.02871
898.78875	0.02632
896.86002	0.02403
894.93129	0.02156
893.00255	0.01871
891.07382	0.01576
889.14509	0.01302
887.21636	0.01037
885.28763	0.00782
883.35890	0.00560
881.43017	0.00366
879.50144	0.00174
877.57270	-0.00026
875.64397	-0.00229
873.71524	-0.00411
871.78651	-0.00581
869.85778	-0.00762
867.92905	-0.00940
866.00032	-0.01102
864.07159	-0.01273
862.14286	-0.01454
860.21412	-0.01624
858.28539	-0.01786
856.35666	-0.01931
854.42793	-0.02049
852.49920	-0.02157
850.57047	-0.02251
848.64174	-0.02329
846.71301	-0.02394
844.78427	-0.02427
842.85554	-0.02416
840.92681	-0.02351
838.99808	-0.02245
837.06935	-0.02139
835.14062	-0.02031
833.21189	-0.01886
831.28316	-0.01724
829.35442	-0.01584
827.42569	-0.01456
825.49696	-0.01313
823.56823	-0.01146
821.63950	-0.00985
819.71077	-0.00843
817.78204	-0.00689
815.85331	-0.00513
813.92457	-0.00319
811.99584	-0.00112
810.06711	0.00085
808.13838	0.00281
806.20965	0.00493
804.28092	0.00695
802.35219	0.00880
800.42346	0.01016
798.49472	0.01031
796.56599	0.00953
794.63726	0.00887
792.70853	0.00865
790.77980	0.00847
788.85107	0.00777
786.92234	0.00619
784.99361	0.00400
783.06488	0.00186
781.13614	-0.00012
779.20741	-0.00214
777.27868	-0.00417
775.34995	-0.00608
773.42122	-0.00782
771.49249	-0.00932
769.56376	-0.01056
767.63503	-0.01152
765.70629	-0.01136
763.77756	-0.01114
761.84883	-0.01085
759.92010	-0.01084
757.99137	-0.01082
756.06264	-0.01081
754.13391	-0.01124
752.20518	-0.01194
750.27644	-0.01242
748.34771	-0.01271
746.41898	-0.01305
744.49025	-0.01347
742.56152	-0.01396
740.63279	-0.01452
738.70406	-0.01494
736.77533	-0.01489
734.84659	-0.01452
732.91786	-0.01412
730.98913	-0.01365
729.06040	-0.01341
727.13167	-0.01346
725.20294	-0.01360
723.27421	-0.01546
721.34548	-0.01595
719.41674	-0.01562
717.48801	-0.01519
715.55928	-0.01504
713.63055	-0.01514
711.70182	-0.01480
709.77309	-0.01411
707.84436	-0.01372
705.91563	-0.01372
703.98690	-0.01376
702.05816	-0.01356
700.12943	-0.01318
698.20070	-0.01261
696.27197	-0.01208
694.34324	-0.01183
692.41451	-0.01214
690.48578	-0.01309
688.55705	-0.01421
686.62831	-0.01505
684.69958	-0.01558
682.77085	-0.01600
680.84212	-0.01661
678.91339	-0.01762
676.98466	-0.01846
675.05593	-0.01878
673.12720	-0.01883
671.19846	-0.02013
669.26973	-0.02280
667.34100	-0.02341
665.41227	-0.02221
663.48354	-0.02273
661.55481	-0.02430
659.62608	-0.02500
657.69735	-0.02532
655.76861	-0.02569
653.83988	-0.02544
651.91115	-0.02418
649.98242	-0.02254
648.05369	-0.02125
646.12496	-0.02052
644.19623	-0.02038
642.26750	-0.02056
640.33876	-0.02043
638.41003	-0.01975
636.48130	-0.01869
634.55257	-0.01755
632.62384	-0.01687
630.69511	-0.01753
628.76638	-0.02003
626.83765	-0.02223
624.90892	-0.02417
622.98018	-0.02564
621.05145	-0.02717
619.12272	-0.02881
617.19399	-0.02890
615.26526	-0.02656
613.33653	-0.02299
611.40780	-0.01976
609.47907	-0.01773
607.55033	-0.01657
605.62160	-0.01545
603.69287	-0.01391
601.76414	-0.01240
599.83541	-0.01124
597.90668	-0.01065
595.97795	-0.01060
594.04922	-0.01040
592.12048	-0.01007
590.19175	-0.01035
588.26302	-0.01084
586.33429	-0.01109
584.40556	-0.01114
582.47683	-0.01086
580.54810	-0.01059
578.61937	-0.01079
576.69063	-0.01115
574.76190	-0.01119
572.83317	-0.01072
570.90444	-0.01065
568.97571	-0.01325
567.04698	-0.01591
565.11825	-0.01728
563.18952	-0.01785
561.26078	-0.01889
559.33205	-0.02100
557.40332	-0.02333
555.47459	-0.02488
553.54586	-0.02545
551.61713	-0.02502
549.68840	-0.02372
547.75967	-0.02267
545.83094	-0.02268
543.90220	-0.02318
541.97347	-0.02373
540.04474	-0.02446
538.11601	-0.02549
536.18728	-0.02728
534.25855	-0.02953
532.32982	-0.03078
530.40109	-0.03122
528.47235	-0.03265
526.54362	-0.03561
524.61489	-0.03877
522.68616	-0.04092
520.75743	-0.04202
518.82870	-0.04236
516.89997	-0.04316
514.97124	-0.04557
513.04250	-0.04796
511.11377	-0.04836
509.18504	-0.04739
507.25631	-0.04659
505.32758	-0.04634
503.39885	-0.04608
501.47012	-0.04562
499.54139	-0.04566
497.61265	-0.04621
495.68392	-0.04574
493.75519	-0.04265
491.82646	-0.03739
489.89773	-0.03224
487.96900	-0.02843
486.04027	-0.02598
484.11154	-0.02548
482.18280	-0.02652
480.25407	-0.02638
478.32534	-0.02332
476.39661	-0.01845
474.46788	-0.01352
472.53915	-0.00939
470.61042	-0.00585
468.68169	-0.00267
466.75296	-0.00076
464.82422	-0.00093
462.89549	-0.00265
460.96676	-0.00468
459.03803	-0.00628
457.10930	-0.00864
455.18057	-0.01122
453.25184	-0.01106
451.32311	-0.00768
449.39437	-0.00441
447.46564	-0.00333
445.53691	-0.00291
443.60818	-0.00100
441.67945	0.00238
439.75072	0.00539
437.82199	0.00690
435.89326	0.00673
433.96452	0.00502
432.03579	0.00279
430.10706	0.00144
428.17833	0.00175
426.24960	0.00268
424.32087	0.00232
422.39214	0.00136
420.46341	0.00053
418.53467	-0.00324
416.60594	-0.00753
414.67721	-0.00614
412.74848	-0.00336
410.81975	-0.00638
408.89102	-0.00457
406.96229	0.00122
405.03356	0.00420
403.10482	0.00158
401.17609	-0.00427
399.24736	-0.01193
397.31863	-0.01792
395.38990	-0.01419
393.46117	-0.00598
391.53244	-0.00758
389.60371	-0.01554
387.67498	-0.01130
385.74624	0.00695
383.81751	0.02235
381.88878	0.02939
379.96005	0.03190
378.03132	0.02749
376.10259	0.01461
374.17386	-0.00229
372.24513	-0.01041
370.31639	-0.00612
368.38766	0.00083
