7496.97825	0.00333
7495.04952	0.00571
7493.12079	0.00685
7491.19206	0.00472
7489.26333	0.00027
7487.33459	-0.00036
7485.40586	0.00335
7483.47713	0.00532
7481.54840	0.00316
7479.61967	-0.00184
7477.69094	-0.00671
7475.76221	-0.00668
7473.83348	-0.00275
7471.90474	-0.00028
7469.97601	0.00008
7468.04728	0.00073
7466.11855	0.00177
7464.18982	0.00172
7462.26109	0.00126
7460.33236	0.00131
7458.40363	0.00108
7456.47489	0.00193
7454.54616	0.00506
7452.61743	0.00715
7450.68870	0.00633
7448.75997	0.00546
7446.83124	0.00577
7444.90251	0.00575
7442.97378	0.00644
7441.04504	0.00952
7439.11631	0.01295
7437.18758	0.01314
7435.25885	0.00973
7433.33012	0.00641
7431.40139	0.00654
7429.47266	0.00863
7427.54393	0.00861
7425.61520	0.00624
7423.68646	0.00451
7421.75773	0.00440
7419.82900	0.00481
7417.90027	0.00547
7415.97154	0.00767
7414.04281	0.01108
7412.11408	0.01323
7410.18535	0.01314
7408.25661	0.01074
7406.32788	0.00707
7404.39915	0.00489
7402.47042	0.00401
7400.54169	0.00286
7398.61296	0.00352
7396.68423	0.00762
7394.75550	0.01165
7392.82676	0.01129
7390.89803	0.00780
7388.96930	0.00571
7387.04057	0.00562
7385.11184	0.00488
7383.18311	0.00346
7381.25438	0.00301
7379.32565	0.00402
7377.39691	0.00678
7375.46818	0.01006
7373.53945	0.01160
7371.61072	0.01189
7369.68199	0.01112
7367.75326	0.00905
7365.82453	0.00889
7363.89580	0.01155
7361.96706	0.01323
7360.03833	0.01253
7358.10960	0.01139
7356.18087	0.00999
7354.25214	0.00805
7352.32341	0.00760
7350.39468	0.00874
7348.46595	0.00894
7346.53722	0.00791
7344.60848	0.00661
7342.67975	0.00491
7340.75102	0.00334
7338.82229	0.00347
7336.89356	0.00573
7334.96483	0.00902
7333.03610	0.01167
7331.10737	0.01133
7329.17863	0.00770
7327.24990	0.00540
7325.32117	0.00760
7323.39244	0.01040
7321.46371	0.01067
7319.53498	0.01018
7317.60625	0.01052
7315.67752	0.01100
7313.74878	0.01105
7311.82005	0.01157
7309.89132	0.01277
7307.96259	0.01311
7306.03386	0.01249
7304.10513	0.01218
7302.17640	0.01176
7300.24767	0.01012
7298.31893	0.00824
7296.39020	0.00831
7294.46147	0.01108
7292.53274	0.01496
7290.60401	0.01704
7288.67528	0.01670
7286.74655	0.01551
7284.81782	0.01375
7282.88908	0.01133
7280.96035	0.01038
7279.03162	0.01234
7277.10289	0.01430
7275.17416	0.01333
7273.24543	0.01123
7271.31670	0.01112
7269.38797	0.01297
7267.45924	0.01540
7265.53050	0.01762
7263.60177	0.01837
7261.67304	0.01758
7259.74431	0.01722
7257.81558	0.01802
7255.88685	0.01881
7253.95812	0.01736
7252.02939	0.01306
7250.10065	0.00971
7248.17192	0.00957
7246.24319	0.01063
7244.31446	0.01244
7242.38573	0.01595
7240.45700	0.01886
7238.52827	0.01879
7236.59954	0.01687
7234.67080	0.01414
7232.74207	0.01084
7230.81334	0.00952
7228.88461	0.01134
7226.95588	0.01374
7225.02715	0.01620
7223.09842	0.01920
7221.16969	0.02106
7219.24095	0.02166
7217.31222	0.02232
7215.38349	0.02184
7213.45476	0.01939
7211.52603	0.01716
7209.59730	0.01643
7207.66857	0.01652
7205.73984	0.01768
7203.81110	0.01985
7201.88237	0.02160
7199.95364	0.02268
7198.02491	0.02268
7196.09618	0.02039
7194.16745	0.01736
7192.23872	0.01699
7190.30999	0.01888
7188.38126	0.02068
7186.45252	0.02232
7184.52379	0.02254
7182.59506	0.01897
7180.66633	0.01395
7178.73760	0.01192
7176.80887	0.01376
7174.88014	0.01706
7172.95141	0.01887
7171.02267	0.01977
7169.09394	0.02195
7167.16521	0.02366
7165.23648	0.02251
7163.30775	0.01949
7161.37902	0.01692
7159.45029	0.01727
7157.52156	0.01984
7155.59282	0.02163
7153.66409	0.02198
7151.73536	0.02094
7149.80663	0.01930
7147.87790	0.01916
7145.94917	0.02017
7144.02044	0.02037
7142.09171	0.01938
7140.16297	0.01881
7138.23424	0.01939
7136.30551	0.01910
7134.37678	0.01840
7132.44805	0.01925
7130.51932	0.02067
7128.59059	0.02188
7126.66186	0.02301
7124.73312	0.02377
7122.80439	0.02397
7120.87566	0.02250
7118.94693	0.01890
7117.01820	0.01648
7115.08947	0.01720
7113.16074	0.01830
7111.23201	0.01815
7109.30328	0.01790
7107.37454	0.01817
7105.44581	0.01797
7103.51708	0.01802
7101.58835	0.01966
7099.65962	0.02053
7097.73089	0.01849
7095.80216	0.01555
7093.87343	0.01423
7091.94469	0.01471
7090.01596	0.01621
7088.08723	0.01768
7086.15850	0.01783
7084.22977	0.01758
7082.30104	0.01968
7080.37231	0.02346
7078.44358	0.02501
7076.51484	0.02313
7074.58611	0.02026
7072.65738	0.01821
7070.72865	0.01685
7068.79992	0.01609
7066.87119	0.01611
7064.94246	0.01684
7063.01373	0.01858
7061.08499	0.02075
7059.15626	0.02180
7057.22753	0.02212
7055.29880	0.02268
7053.37007	0.02267
7051.44134	0.02167
7049.51261	0.02064
7047.58388	0.02059
7045.65514	0.02114
7043.72641	0.02059
7041.79768	0.01860
7039.86895	0.01676
7037.94022	0.01647
7036.01149	0.01794
7034.08276	0.01967
7032.15403	0.02032
7030.22530	0.02087
7028.29656	0.02160
7026.36783	0.02072
7024.43910	0.01854
7022.51037	0.01771
7020.58164	0.01822
7018.65291	0.01772
7016.72418	0.01679
7014.79545	0.01747
7012.86671	0.01879
7010.93798	0.01979
7009.00925	0.02091
7007.08052	0.02067
7005.15179	0.01850
7003.22306	0.01744
7001.29433	0.01923
6999.36560	0.02153
6997.43686	0.02195
6995.50813	0.02160
6993.57940	0.02216
6991.65067	0.02286
6989.72194	0.02258
6987.79321	0.02137
6985.86448	0.02034
6983.93575	0.02033
6982.00701	0.02008
6980.07828	0.01858
6978.14955	0.01760
6976.22082	0.01881
6974.29209	0.02075
6972.36336	0.02133
6970.43463	0.02096
6968.50590	0.02023
6966.57716	0.01925
6964.64843	0.01906
6962.71970	0.01909
6960.79097	0.01748
6958.86224	0.01534
6956.93351	0.01524
6955.00478	0.01705
6953.07605	0.01905
6951.14732	0.01996
6949.21858	0.01949
6947.28985	0.01864
6945.36112	0.01824
6943.43239	0.01842
6941.50366	0.01900
6939.57493	0.01827
6937.64620	0.01558
6935.71747	0.01337
6933.78873	0.01306
6931.86000	0.01421
6929.93127	0.01627
6928.00254	0.01787
6926.07381	0.01867
6924.14508	0.01973
6922.21635	0.02063
6920.28762	0.02075
6918.35888	0.02052
6916.43015	0.01988
6914.50142	0.01925
6912.57269	0.01961
6910.64396	0.02012
6908.71523	0.01960
6906.78650	0.01857
6904.85777	0.01764
6902.92903	0.01699
6901.00030	0.01706
6899.07157	0.01798
6897.14284	0.01932
6895.21411	0.02062
6893.28538	0.02201
6891.35665	0.02378
6889.42792	0.02477
6887.49918	0.02374
6885.57045	0.02155
6883.64172	0.01968
6881.71299	0.01838
6879.78426	0.01743
6877.85553	0.01714
6875.92680	0.01784
6873.99807	0.01882
6872.06934	0.01956
6870.14060	0.01996
6868.21187	0.01986
6866.28314	0.01996
6864.35441	0.02048
6862.42568	0.02075
6860.49695	0.02136
6858.56822	0.02272
6856.63949	0.02333
6854.71075	0.02220
6852.78202	0.02059
6850.85329	0.01917
6848.92456	0.01703
6846.99583	0.01574
6845.06710	0.01625
6843.13837	0.01722
6841.20964	0.01744
6839.28090	0.01769
6837.35217	0.01816
6835.42344	0.01842
6833.49471	0.01806
6831.56598	0.01693
6829.63725	0.01681
6827.70852	0.01866
6825.77979	0.02017
6823.85105	0.02040
6821.92232	0.02132
6819.99359	0.02275
6818.06486	0.02266
6816.13613	0.02158
6814.20740	0.02109
6812.27867	0.02108
6810.34994	0.02092
6808.42120	0.01972
6806.49247	0.01728
6804.56374	0.01556
6802.63501	0.01536
6800.70628	0.01570
6798.77755	0.01692
6796.84882	0.01848
6794.92009	0.01872
6792.99136	0.01847
6791.06262	0.01908
6789.13389	0.01934
6787.20516	0.01830
6785.27643	0.01707
6783.34770	0.01606
6781.41897	0.01551
6779.49024	0.01627
6777.56151	0.01700
6775.63277	0.01628
6773.70404	0.01574
6771.77531	0.01666
6769.84658	0.01741
6767.91785	0.01670
6765.98912	0.01556
6764.06039	0.01520
6762.13166	0.01557
6760.20292	0.01619
6758.27419	0.01667
6756.34546	0.01677
6754.41673	0.01665
6752.48800	0.01645
6750.55927	0.01636
6748.63054	0.01629
6746.70181	0.01532
6744.77307	0.01420
6742.84434	0.01449
6740.91561	0.01534
6738.98688	0.01573
6737.05815	0.01574
6735.12942	0.01601
6733.20069	0.01707
6731.27196	0.01761
6729.34322	0.01662
6727.41449	0.01568
6725.48576	0.01635
6723.55703	0.01814
6721.62830	0.01903
6719.69957	0.01813
6717.77084	0.01653
6715.84211	0.01532
6713.91338	0.01506
6711.98464	0.01506
6710.05591	0.01388
6708.12718	0.01263
6706.19845	0.01326
6704.26972	0.01495
6702.34099	0.01593
6700.41226	0.01634
6698.48353	0.01657
6696.55479	0.01553
6694.62606	0.01432
6692.69733	0.01490
6690.76860	0.01517
6688.83987	0.01408
6686.91114	0.01409
6684.98241	0.01484
6683.05368	0.01430
6681.12494	0.01350
6679.19621	0.01366
6677.26748	0.01398
6675.33875	0.01371
6673.41002	0.01339
6671.48129	0.01375
6669.55256	0.01456
6667.62383	0.01487
6665.69509	0.01435
6663.76636	0.01483
6661.83763	0.01721
6659.90890	0.01887
6657.98017	0.01883
6656.05144	0.01894
6654.12271	0.01903
6652.19398	0.01802
6650.26524	0.01680
6648.33651	0.01580
6646.40778	0.01496
6644.47905	0.01513
6642.55032	0.01587
6640.62159	0.01546
6638.69286	0.01407
6636.76413	0.01344
6634.83540	0.01398
6632.90666	0.01497
6630.97793	0.01615
6629.04920	0.01700
6627.12047	0.01714
6625.19174	0.01719
6623.26301	0.01735
6621.33428	0.01715
6619.40555	0.01682
6617.47681	0.01626
6615.54808	0.01495
6613.61935	0.01387
6611.69062	0.01399
6609.76189	0.01480
6607.83316	0.01516
6605.90443	0.01478
6603.97570	0.01473
6602.04696	0.01496
6600.11823	0.01478
6598.18950	0.01470
6596.26077	0.01452
6594.33204	0.01394
6592.40331	0.01416
6590.47458	0.01561
6588.54585	0.01599
6586.61711	0.01383
6584.68838	0.01167
6582.75965	0.01157
6580.83092	0.01291
6578.90219	0.01486
6576.97346	0.01598
6575.04473	0.01540
6573.11600	0.01434
6571.18726	0.01408
6569.25853	0.01465
6567.32980	0.01496
6565.40107	0.01420
6563.47234	0.01299
6561.54361	0.01249
6559.61488	0.01292
6557.68615	0.01358
6555.75742	0.01416
6553.82868	0.01474
6551.89995	0.01501
6549.97122	0.01510
6548.04249	0.01593
6546.11376	0.01696
6544.18503	0.01683
6542.25630	0.01634
6540.32757	0.01650
6538.39883	0.01613
6536.47010	0.01452
6534.54137	0.01338
6532.61264	0.01389
6530.68391	0.01464
6528.75518	0.01485
6526.82645	0.01531
6524.89772	0.01597
6522.96898	0.01604
6521.04025	0.01505
6519.11152	0.01289
6517.18279	0.01127
6515.25406	0.01199
6513.32533	0.01327
6511.39660	0.01333
6509.46787	0.01329
6507.53913	0.01360
6505.61040	0.01367
6503.68167	0.01379
6501.75294	0.01444
6499.82421	0.01495
6497.89548	0.01459
6495.96675	0.01405
6494.03802	0.01366
6492.10928	0.01320
6490.18055	0.01314
6488.25182	0.01370
6486.32309	0.01458
6484.39436	0.01514
6482.46563	0.01461
6480.53690	0.01332
6478.60817	0.01278
6476.67944	0.01336
6474.75070	0.01399
6472.82197	0.01469
6470.89324	0.01549
6468.96451	0.01511
6467.03578	0.01405
6465.10705	0.01371
6463.17832	0.01326
6461.24959	0.01234
6459.32085	0.01219
6457.39212	0.01272
6455.46339	0.01264
6453.53466	0.01161
6451.60593	0.01053
6449.67720	0.01007
6447.74847	0.01117
6445.81974	0.01402
6443.89100	0.01617
6441.96227	0.01583
6440.03354	0.01423
6438.10481	0.01317
6436.17608	0.01309
6434.24735	0.01338
6432.31862	0.01354
6430.38989	0.01318
6428.46115	0.01225
6426.53242	0.01172
6424.60369	0.01190
6422.67496	0.01235
6420.74623	0.01305
6418.81750	0.01348
6416.88877	0.01308
6414.96004	0.01230
6413.03130	0.01206
6411.10257	0.01272
6409.17384	0.01351
6407.24511	0.01382
6405.31638	0.01422
6403.38765	0.01491
6401.45892	0.01553
6399.53019	0.01615
6397.60146	0.01658
6395.67272	0.01617
6393.74399	0.01536
6391.81526	0.01444
6389.88653	0.01319
6387.95780	0.01221
6386.02907	0.01151
6384.10034	0.01051
6382.17161	0.00989
6380.24287	0.01056
6378.31414	0.01228
6376.38541	0.01390
6374.45668	0.01448
6372.52795	0.01458
6370.59922	0.01502
6368.67049	0.01520
6366.74176	0.01459
6364.81302	0.01388
6362.88429	0.01392
6360.95556	0.01465
6359.02683	0.01480
6357.09810	0.01379
6355.16937	0.01296
6353.24064	0.01324
6351.31191	0.01430
6349.38317	0.01505
6347.45444	0.01490
6345.52571	0.01421
6343.59698	0.01310
6341.66825	0.01213
6339.73952	0.01213
6337.81079	0.01279
6335.88206	0.01338
6333.95332	0.01343
6332.02459	0.01311
6330.09586	0.01361
6328.16713	0.01514
6326.23840	0.01581
6324.30967	0.01511
6322.38094	0.01478
6320.45221	0.01462
6318.52348	0.01360
6316.59474	0.01292
6314.66601	0.01372
6312.73728	0.01484
6310.80855	0.01524
6308.87982	0.01561
6306.95109	0.01584
6305.02236	0.01538
6303.09363	0.01492
6301.16489	0.01462
6299.23616	0.01449
6297.30743	0.01505
6295.37870	0.01574
6293.44997	0.01575
6291.52124	0.01555
6289.59251	0.01515
6287.66378	0.01414
6285.73504	0.01333
6283.80631	0.01335
6281.87758	0.01404
6279.94885	0.01443
6278.02012	0.01387
6276.09139	0.01377
6274.16266	0.01465
6272.23393	0.01510
6270.30519	0.01509
6268.37646	0.01561
6266.44773	0.01632
6264.51900	0.01695
6262.59027	0.01777
6260.66154	0.01798
6258.73281	0.01705
6256.80408	0.01594
6254.87534	0.01551
6252.94661	0.01533
6251.01788	0.01472
6249.08915	0.01420
6247.16042	0.01410
6245.23169	0.01378
6243.30296	0.01355
6241.37423	0.01444
6239.44550	0.01588
6237.51676	0.01630
6235.58803	0.01607
6233.65930	0.01648
6231.73057	0.01705
6229.80184	0.01675
6227.87311	0.01573
6225.94438	0.01508
6224.01565	0.01542
6222.08691	0.01598
6220.15818	0.01602
6218.22945	0.01605
6216.30072	0.01660
6214.37199	0.01685
6212.44326	0.01608
6210.51453	0.01523
6208.58580	0.01541
6206.65706	0.01661
6204.72833	0.01775
6202.79960	0.01746
6200.87087	0.01591
6198.94214	0.01490
6197.01341	0.01568
6195.08468	0.01723
6193.15595	0.01784
6191.22721	0.01786
6189.29848	0.01805
6187.36975	0.01718
6185.44102	0.01484
6183.51229	0.01335
6181.58356	0.01398
6179.65483	0.01502
6177.72610	0.01508
6175.79736	0.01491
6173.86863	0.01538
6171.93990	0.01611
6170.01117	0.01600
6168.08244	0.01532
6166.15371	0.01567
6164.22498	0.01673
6162.29625	0.01676
6160.36752	0.01605
6158.43878	0.01568
6156.51005	0.01580
6154.58132	0.01624
6152.65259	0.01673
6150.72386	0.01675
6148.79513	0.01591
6146.86640	0.01463
6144.93767	0.01378
6143.00893	0.01388
6141.08020	0.01496
6139.15147	0.01631
6137.22274	0.01681
6135.29401	0.01622
6133.36528	0.01561
6131.43655	0.01567
6129.50782	0.01569
6127.57908	0.01527
6125.65035	0.01489
6123.72162	0.01475
6121.79289	0.01489
6119.86416	0.01520
6117.93543	0.01522
6116.00670	0.01514
6114.07797	0.01537
6112.14923	0.01546
6110.22050	0.01520
6108.29177	0.01501
6106.36304	0.01534
6104.43431	0.01620
6102.50558	0.01693
6100.57685	0.01676
6098.64812	0.01576
6096.71938	0.01470
6094.79065	0.01416
6092.86192	0.01395
6090.93319	0.01381
6089.00446	0.01394
6087.07573	0.01443
6085.14700	0.01511
6083.21827	0.01560
6081.28954	0.01564
6079.36080	0.01538
6077.43207	0.01494
6075.50334	0.01429
6073.57461	0.01387
6071.64588	0.01442
6069.71715	0.01561
6067.78842	0.01604
6065.85969	0.01511
6063.93095	0.01401
6062.00222	0.01400
6060.07349	0.01464
6058.14476	0.01515
6056.21603	0.01555
6054.28730	0.01554
6052.35857	0.01485
6050.42984	0.01419
6048.50110	0.01427
6046.57237	0.01447
6044.64364	0.01417
6042.71491	0.01406
6040.78618	0.01434
6038.85745	0.01428
6036.92872	0.01396
6034.99999	0.01388
6033.07125	0.01394
6031.14252	0.01410
6029.21379	0.01457
6027.28506	0.01502
6025.35633	0.01489
6023.42760	0.01449
6021.49887	0.01474
6019.57014	0.01504
6017.64140	0.01459
6015.71267	0.01437
6013.78394	0.01462
6011.85521	0.01446
6009.92648	0.01404
6007.99775	0.01390
6006.06902	0.01404
6004.14029	0.01457
6002.21156	0.01565
6000.28282	0.01644
5998.35409	0.01613
5996.42536	0.01539
5994.49663	0.01515
5992.56790	0.01514
5990.63917	0.01490
5988.71044	0.01460
5986.78171	0.01447
5984.85297	0.01468
5982.92424	0.01497
5980.99551	0.01474
5979.06678	0.01434
5977.13805	0.01424
5975.20932	0.01379
5973.28059	0.01271
5971.35186	0.01245
5969.42312	0.01370
5967.49439	0.01514
5965.56566	0.01583
5963.63693	0.01564
5961.70820	0.01486
5959.77947	0.01420
5957.85074	0.01415
5955.92201	0.01496
5953.99327	0.01596
5952.06454	0.01604
5950.13581	0.01551
5948.20708	0.01508
5946.27835	0.01488
5944.34962	0.01478
5942.42089	0.01476
5940.49216	0.01472
5938.56342	0.01436
5936.63469	0.01427
5934.70596	0.01488
5932.77723	0.01524
5930.84850	0.01527
5928.91977	0.01533
5926.99104	0.01483
5925.06231	0.01374
5923.13358	0.01299
5921.20484	0.01313
5919.27611	0.01360
5917.34738	0.01396
5915.41865	0.01414
5913.48992	0.01387
5911.56119	0.01330
5909.63246	0.01316
5907.70373	0.01365
5905.77499	0.01405
5903.84626	0.01429
5901.91753	0.01486
5899.98880	0.01509
5898.06007	0.01408
5896.13134	0.01270
5894.20261	0.01255
5892.27388	0.01345
5890.34514	0.01392
5888.41641	0.01389
5886.48768	0.01434
5884.55895	0.01517
5882.63022	0.01571
5880.70149	0.01582
5878.77276	0.01552
5876.84403	0.01513
5874.91529	0.01506
5872.98656	0.01506
5871.05783	0.01477
5869.12910	0.01441
5867.20037	0.01414
5865.27164	0.01381
5863.34291	0.01356
5861.41418	0.01385
5859.48544	0.01450
5857.55671	0.01489
5855.62798	0.01489
5853.69925	0.01468
5851.77052	0.01413
5849.84179	0.01346
5847.91306	0.01307
5845.98433	0.01294
5844.05560	0.01296
5842.12686	0.01316
5840.19813	0.01372
5838.26940	0.01429
5836.34067	0.01419
5834.41194	0.01374
5832.48321	0.01362
5830.55448	0.01363
5828.62575	0.01341
5826.69701	0.01317
5824.76828	0.01331
5822.83955	0.01382
5820.91082	0.01418
5818.98209	0.01396
5817.05336	0.01350
5815.12463	0.01354
5813.19590	0.01403
5811.26716	0.01417
5809.33843	0.01377
5807.40970	0.01334
5805.48097	0.01319
5803.55224	0.01325
5801.62351	0.01303
5799.69478	0.01222
5797.76605	0.01167
5795.83731	0.01206
5793.90858	0.01264
5791.97985	0.01266
5790.05112	0.01253
5788.12239	0.01282
5786.19366	0.01329
5784.26493	0.01327
5782.33620	0.01290
5780.40746	0.01304
5778.47873	0.01363
5776.55000	0.01364
5774.62127	0.01285
5772.69254	0.01224
5770.76381	0.01262
5768.83508	0.01354
5766.90635	0.01398
5764.97762	0.01372
5763.04888	0.01319
5761.12015	0.01271
5759.19142	0.01244
5757.26269	0.01234
5755.33396	0.01230
5753.40523	0.01252
5751.47650	0.01286
5749.54777	0.01283
5747.61903	0.01294
5745.69030	0.01375
5743.76157	0.01449
5741.83284	0.01421
5739.90411	0.01334
5737.97538	0.01288
5736.04665	0.01294
5734.11792	0.01289
5732.18918	0.01243
5730.26045	0.01219
5728.33172	0.01259
5726.40299	0.01309
5724.47426	0.01306
5722.54553	0.01280
5720.61680	0.01283
5718.68807	0.01283
5716.75933	0.01245
5714.83060	0.01220
5712.90187	0.01258
5710.97314	0.01315
5709.04441	0.01332
5707.11568	0.01350
5705.18695	0.01395
5703.25822	0.01424
5701.32948	0.01413
5699.40075	0.01373
5697.47202	0.01320
5695.54329	0.01271
5693.61456	0.01269
5691.68583	0.01326
5689.75710	0.01391
5687.82837	0.01437
5685.89964	0.01444
5683.97090	0.01390
5682.04217	0.01298
5680.11344	0.01222
5678.18471	0.01196
5676.25598	0.01222
5674.32725	0.01269
5672.39852	0.01295
5670.46979	0.01304
5668.54105	0.01312
5666.61232	0.01308
5664.68359	0.01296
5662.75486	0.01296
5660.82613	0.01293
5658.89740	0.01293
5656.96867	0.01315
5655.03994	0.01328
5653.11120	0.01317
5651.18247	0.01318
5649.25374	0.01326
5647.32501	0.01326
5645.39628	0.01322
5643.46755	0.01321
5641.53882	0.01354
5639.61009	0.01414
5637.68135	0.01434
5635.75262	0.01385
5633.82389	0.01317
5631.89516	0.01281
5629.96643	0.01290
5628.03770	0.01340
5626.10897	0.01422
5624.18024	0.01481
5622.25150	0.01460
5620.32277	0.01388
5618.39404	0.01373
5616.46531	0.01437
5614.53658	0.01484
5612.60785	0.01458
5610.67912	0.01390
5608.75039	0.01351
5606.82166	0.01357
5604.89292	0.01362
5602.96419	0.01357
5601.03546	0.01361
5599.10673	0.01359
5597.17800	0.01360
5595.24927	0.01325
5593.32054	0.01288
5591.39181	0.01313
5589.46307	0.01395
5587.53434	0.01458
5585.60561	0.01445
5583.67688	0.01403
5581.74815	0.01394
5579.81942	0.01416
5577.89069	0.01437
5575.96196	0.01434
5574.03322	0.01390
5572.10449	0.01332
5570.17576	0.01313
5568.24703	0.01326
5566.31830	0.01327
5564.38957	0.01310
5562.46084	0.01291
5560.53211	0.01281
5558.60337	0.01287
5556.67464	0.01305
5554.74591	0.01315
5552.81718	0.01315
5550.88845	0.01301
5548.95972	0.01261
5547.03099	0.01229
5545.10226	0.01233
5543.17352	0.01247
5541.24479	0.01257
5539.31606	0.01249
5537.38733	0.01219
5535.45860	0.01228
5533.52987	0.01300
5531.60114	0.01345
5529.67241	0.01315
5527.74368	0.01284
5525.81494	0.01289
5523.88621	0.01277
5521.95748	0.01242
5520.02875	0.01215
5518.10002	0.01178
5516.17129	0.01155
5514.24256	0.01204
5512.31383	0.01295
5510.38509	0.01329
5508.45636	0.01261
5506.52763	0.01179
5504.59890	0.01171
5502.67017	0.01210
5500.74144	0.01231
5498.81271	0.01238
5496.88398	0.01259
5494.95524	0.01222
5493.02651	0.01106
5491.09778	0.01035
5489.16905	0.01057
5487.24032	0.01130
5485.31159	0.01206
5483.38286	0.01255
5481.45413	0.01300
5479.52539	0.01346
5477.59666	0.01293
5475.66793	0.01134
5473.73920	0.01087
5471.81047	0.01186
5469.88174	0.01244
5467.95301	0.01227
5466.02428	0.01202
5464.09554	0.01161
5462.16681	0.01083
5460.23808	0.01038
5458.30935	0.01072
5456.38062	0.01121
5454.45189	0.01164
5452.52316	0.01181
5450.59443	0.01128
5448.66570	0.01031
5446.73696	0.00944
5444.80823	0.00915
5442.87950	0.00916
5440.95077	0.00920
5439.02204	0.01004
5437.09331	0.01084
5435.16458	0.01079
5433.23585	0.01083
5431.30711	0.01047
5429.37838	0.00914
5427.44965	0.00882
5425.52092	0.01000
5423.59219	0.01103
5421.66346	0.01158
5419.73473	0.01233
5417.80600	0.01277
5415.87726	0.01148
5413.94853	0.00911
5412.01980	0.00783
5410.09107	0.00813
5408.16234	0.00934
5406.23361	0.01058
5404.30488	0.01115
5402.37615	0.01142
5400.44741	0.01181
5398.51868	0.01180
5396.58995	0.01076
5394.66122	0.00933
5392.73249	0.00917
5390.80376	0.01047
5388.87503	0.01140
5386.94630	0.01094
5385.01756	0.01019
5383.08883	0.01047
5381.16010	0.01111
5379.23137	0.01073
5377.30264	0.00944
5375.37391	0.00895
5373.44518	0.00995
5371.51645	0.01118
5369.58772	0.01146
5367.65898	0.01094
5365.73025	0.01027
5363.80152	0.00992
5361.87279	0.01025
5359.94406	0.01094
5358.01533	0.01120
5356.08660	0.01033
5354.15787	0.00874
5352.22913	0.00826
5350.30040	0.00908
5348.37167	0.00943
5346.44294	0.00826
5344.51421	0.00697
5342.58548	0.00753
5340.65675	0.00840
5338.72802	0.00801
5336.79928	0.00802
5334.87055	0.00907
5332.94182	0.00985
5331.01309	0.00993
5329.08436	0.00942
5327.15563	0.00901
5325.22690	0.00960
5323.29817	0.01053
5321.36943	0.01102
5319.44070	0.01125
5317.51197	0.01129
5315.58324	0.01117
5313.65451	0.01125
5311.72578	0.01155
5309.79705	0.01146
5307.86832	0.01090
5305.93958	0.01069
5304.01085	0.01091
5302.08212	0.01081
5300.15339	0.01041
5298.22466	0.01028
5296.29593	0.01065
5294.36720	0.01112
5292.43847	0.01097
5290.50974	0.01046
5288.58100	0.01067
5286.65227	0.01107
5284.72354	0.01082
5282.79481	0.01037
5280.86608	0.01018
5278.93735	0.01040
5277.00862	0.01095
5275.07989	0.01156
5273.15115	0.01202
5271.22242	0.01197
5269.29369	0.01144
5267.36496	0.01072
5265.43623	0.00944
5263.50750	0.00809
5261.57877	0.00817
5259.65004	0.00961
5257.72130	0.01063
5255.79257	0.01016
5253.86384	0.00966
5251.93511	0.01010
5250.00638	0.01006
5248.07765	0.00936
5246.14892	0.00910
5244.22019	0.00937
5242.29145	0.01016
5240.36272	0.01105
5238.43399	0.01132
5236.50526	0.01109
5234.57653	0.01077
5232.64780	0.01041
5230.71907	0.01017
5228.79034	0.01000
5226.86160	0.00928
5224.93287	0.00853
5223.00414	0.00873
5221.07541	0.00911
5219.14668	0.00890
5217.21795	0.00881
5215.28922	0.00927
5213.36049	0.00988
5211.43176	0.01008
5209.50302	0.00924
5207.57429	0.00753
5205.64556	0.00675
5203.71683	0.00776
5201.78810	0.00899
5199.85937	0.00921
5197.93064	0.00856
5196.00191	0.00799
5194.07317	0.00812
5192.14444	0.00853
5190.21571	0.00859
5188.28698	0.00816
5186.35825	0.00752
5184.42952	0.00736
5182.50079	0.00798
5180.57206	0.00867
5178.64332	0.00895
5176.71459	0.00897
5174.78586	0.00893
5172.85713	0.00885
5170.92840	0.00881
5168.99967	0.00895
5167.07094	0.00903
5165.14221	0.00871
5163.21347	0.00827
5161.28474	0.00821
5159.35601	0.00842
5157.42728	0.00853
5155.49855	0.00851
5153.56982	0.00863
5151.64109	0.00881
5149.71236	0.00883
5147.78362	0.00890
5145.85489	0.00907
5143.92616	0.00904
5141.99743	0.00882
5140.06870	0.00876
5138.13997	0.00886
5136.21124	0.00896
5134.28251	0.00916
5132.35378	0.00931
5130.42504	0.00926
5128.49631	0.00918
5126.56758	0.00919
5124.63885	0.00916
5122.71012	0.00918
5120.78139	0.00931
5118.85266	0.00943
5116.92393	0.00941
5114.99519	0.00932
5113.06646	0.00924
5111.13773	0.00910
5109.20900	0.00902
5107.28027	0.00917
5105.35154	0.00946
5103.42281	0.00976
5101.49408	0.00990
5099.56534	0.00981
5097.63661	0.00963
5095.70788	0.00950
5093.77915	0.00926
5091.85042	0.00901
5089.92169	0.00909
5087.99296	0.00938
5086.06423	0.00954
5084.13549	0.00956
5082.20676	0.00944
5080.27803	0.00927
5078.34930	0.00942
5076.42057	0.00983
5074.49184	0.01010
5072.56311	0.01012
5070.63438	0.01001
5068.70564	0.00987
5066.77691	0.00973
5064.84818	0.00966
5062.91945	0.00975
5060.99072	0.00998
5059.06199	0.01013
5057.13326	0.01006
5055.20453	0.00982
5053.27580	0.00960
5051.34706	0.00962
5049.41833	0.00994
5047.48960	0.01026
5045.56087	0.01030
5043.63214	0.01019
5041.70341	0.01009
5039.77468	0.00992
5037.84595	0.00981
5035.91721	0.00992
5033.98848	0.01005
5032.05975	0.01000
5030.13102	0.00992
5028.20229	0.00987
5026.27356	0.00977
5024.34483	0.00976
5022.41610	0.00996
5020.48736	0.01020
5018.55863	0.01034
5016.62990	0.01032
5014.70117	0.01017
5012.77244	0.01016
5010.84371	0.01038
5008.91498	0.01052
5006.98625	0.01050
5005.05751	0.01051
5003.12878	0.01057
5001.20005	0.01060
4999.27132	0.01057
4997.34259	0.01042
4995.41386	0.00999
4993.48513	0.00965
4991.55640	0.00979
4989.62766	0.01005
4987.69893	0.01018
4985.77020	0.01033
4983.84147	0.01048
4981.91274	0.01050
4979.98401	0.01038
4978.05528	0.01024
4976.12655	0.01016
4974.19782	0.01012
4972.26908	0.01011
4970.34035	0.01028
4968.41162	0.01054
4966.48289	0.01054
4964.55416	0.01039
4962.62543	0.01050
4960.69670	0.01080
4958.76797	0.01085
4956.83923	0.01049
4954.91050	0.01003
4952.98177	0.00975
4951.05304	0.00959
4949.12431	0.00956
4947.19558	0.00973
4945.26685	0.00994
4943.33812	0.01007
4941.40938	0.01014
4939.48065	0.01014
4937.55192	0.01015
4935.62319	0.01010
4933.69446	0.00993
4931.76573	0.00989
4929.83700	0.00998
4927.90827	0.00988
4925.97953	0.00967
4924.05080	0.00958
4922.12207	0.00966
4920.19334	0.00972
4918.26461	0.00968
4916.33588	0.00979
4914.40715	0.01011
4912.47842	0.01023
4910.54968	0.01005
4908.62095	0.01001
4906.69222	0.01007
4904.76349	0.00992
4902.83476	0.00969
4900.90603	0.00966
4898.97730	0.00980
4897.04857	0.00991
4895.11984	0.01001
4893.19110	0.01013
4891.26237	0.01019
4889.33364	0.01018
4887.40491	0.01014
4885.47618	0.01010
4883.54745	0.01009
4881.61872	0.01001
4879.68999	0.00986
4877.76125	0.00991
4875.83252	0.01011
4873.90379	0.01004
4871.97506	0.00971
4870.04633	0.00948
4868.11760	0.00948
4866.18887	0.00964
4864.26014	0.00988
4862.33140	0.01005
4860.40267	0.00985
4858.47394	0.00938
4856.54521	0.00905
4854.61648	0.00902
4852.68775	0.00903
4850.75902	0.00905
4848.83029	0.00923
4846.90155	0.00938
4844.97282	0.00931
4843.04409	0.00920
4841.11536	0.00917
4839.18663	0.00911
4837.25790	0.00906
4835.32917	0.00906
4833.40044	0.00902
4831.47170	0.00887
4829.54297	0.00873
4827.61424	0.00878
4825.68551	0.00902
4823.75678	0.00920
4821.82805	0.00925
4819.89932	0.00935
4817.97059	0.00948
4816.04186	0.00940
4814.11312	0.00919
4812.18439	0.00907
4810.25566	0.00896
4808.32693	0.00889
4806.39820	0.00895
4804.46947	0.00903
4802.54074	0.00902
4800.61201	0.00907
4798.68327	0.00921
4796.75454	0.00919
4794.82581	0.00906
4792.89708	0.00906
4790.96835	0.00905
4789.03962	0.00877
4787.11089	0.00831
4785.18216	0.00815
4783.25342	0.00853
4781.32469	0.00896
4779.39596	0.00897
4777.46723	0.00874
4775.53850	0.00861
4773.60977	0.00873
4771.68104	0.00896
4769.75231	0.00908
4767.82357	0.00911
4765.89484	0.00903
4763.96611	0.00876
4762.03738	0.00850
4760.10865	0.00832
4758.17992	0.00815
4756.25119	0.00798
4754.32246	0.00778
4752.39372	0.00770
4750.46499	0.00796
4748.53626	0.00829
4746.60753	0.00838
4744.67880	0.00836
4742.75007	0.00833
4740.82134	0.00820
4738.89261	0.00816
4736.96388	0.00830
4735.03514	0.00833
4733.10641	0.00810
4731.17768	0.00785
4729.24895	0.00769
4727.32022	0.00775
4725.39149	0.00796
4723.46276	0.00799
4721.53403	0.00798
4719.60529	0.00823
4717.67656	0.00843
4715.74783	0.00813
4713.81910	0.00768
4711.89037	0.00753
4709.96164	0.00765
4708.03291	0.00777
4706.10418	0.00780
4704.17544	0.00786
4702.24671	0.00800
4700.31798	0.00813
4698.38925	0.00825
4696.46052	0.00829
4694.53179	0.00822
4692.60306	0.00819
4690.67433	0.00832
4688.74559	0.00854
4686.81686	0.00867
4684.88813	0.00860
4682.95940	0.00845
4681.03067	0.00841
4679.10194	0.00847
4677.17321	0.00847
4675.24448	0.00843
4673.31574	0.00836
4671.38701	0.00833
4669.45828	0.00844
4667.52955	0.00853
4665.60082	0.00859
4663.67209	0.00869
4661.74336	0.00871
4659.81463	0.00857
4657.88590	0.00847
4655.95716	0.00842
4654.02843	0.00830
4652.09970	0.00820
4650.17097	0.00829
4648.24224	0.00853
4646.31351	0.00876
4644.38478	0.00879
4642.45605	0.00862
4640.52731	0.00857
4638.59858	0.00889
4636.66985	0.00937
4634.74112	0.00942
4632.81239	0.00906
4630.88366	0.00878
4628.95493	0.00865
4627.02620	0.00845
4625.09746	0.00836
4623.16873	0.00853
4621.24000	0.00871
4619.31127	0.00881
4617.38254	0.00899
4615.45381	0.00921
4613.52508	0.00921
4611.59635	0.00897
4609.66761	0.00889
4607.73888	0.00914
4605.81015	0.00929
4603.88142	0.00917
4601.95269	0.00912
4600.02396	0.00921
4598.09523	0.00923
4596.16650	0.00906
4594.23776	0.00880
4592.30903	0.00858
4590.38030	0.00847
4588.45157	0.00851
4586.52284	0.00861
4584.59411	0.00862
4582.66538	0.00858
4580.73665	0.00858
4578.80792	0.00859
4576.87918	0.00865
4574.95045	0.00884
4573.02172	0.00898
4571.09299	0.00896
4569.16426	0.00893
4567.23553	0.00891
4565.30680	0.00889
4563.37807	0.00889
4561.44933	0.00887
4559.52060	0.00875
4557.59187	0.00858
4555.66314	0.00851
4553.73441	0.00860
4551.80568	0.00862
4549.87695	0.00854
4547.94822	0.00870
4546.01948	0.00903
4544.09075	0.00913
4542.16202	0.00897
4540.23329	0.00882
4538.30456	0.00879
4536.37583	0.00878
4534.44710	0.00871
4532.51837	0.00861
4530.58963	0.00854
4528.66090	0.00859
4526.73217	0.00881
4524.80344	0.00886
4522.87471	0.00867
4520.94598	0.00858
4519.01725	0.00873
4517.08852	0.00877
4515.15978	0.00863
4513.23105	0.00861
4511.30232	0.00865
4509.37359	0.00859
4507.44486	0.00844
4505.51613	0.00826
4503.58740	0.00813
4501.65867	0.00814
4499.72994	0.00826
4497.80120	0.00833
4495.87247	0.00836
4493.94374	0.00839
4492.01501	0.00834
4490.08628	0.00817
4488.15755	0.00799
4486.22882	0.00792
4484.30009	0.00791
4482.37135	0.00790
4480.44262	0.00792
4478.51389	0.00792
4476.58516	0.00790
4474.65643	0.00782
4472.72770	0.00763
4470.79897	0.00751
4468.87024	0.00754
4466.94150	0.00762
4465.01277	0.00775
4463.08404	0.00797
4461.15531	0.00817
4459.22658	0.00824
4457.29785	0.00807
4455.36912	0.00781
4453.44039	0.00772
4451.51165	0.00780
4449.58292	0.00793
4447.65419	0.00808
4445.72546	0.00818
4443.79673	0.00807
4441.86800	0.00775
4439.93927	0.00767
4438.01054	0.00798
4436.08180	0.00819
4434.15307	0.00805
4432.22434	0.00794
4430.29561	0.00808
4428.36688	0.00817
4426.43815	0.00812
4424.50942	0.00804
4422.58069	0.00804
4420.65196	0.00810
4418.72322	0.00813
4416.79449	0.00807
4414.86576	0.00812
4412.93703	0.00828
4411.00830	0.00846
4409.07957	0.00853
4407.15084	0.00843
4405.22211	0.00825
4403.29337	0.00809
4401.36464	0.00806
4399.43591	0.00810
4397.50718	0.00807
4395.57845	0.00798
4393.64972	0.00789
4391.72099	0.00782
4389.79226	0.00783
4387.86352	0.00794
4385.93479	0.00816
4384.00606	0.00827
4382.07733	0.00823
4380.14860	0.00821
4378.21987	0.00821
4376.29114	0.00809
4374.36241	0.00797
4372.43367	0.00795
4370.50494	0.00799
4368.57621	0.00804
4366.64748	0.00810
4364.71875	0.00822
4362.79002	0.00832
4360.86129	0.00829
4358.93256	0.00816
4357.00382	0.00809
4355.07509	0.00824
4353.14636	0.00854
4351.21763	0.00859
4349.28890	0.00836
4347.36017	0.00827
4345.43144	0.00846
4343.50271	0.00861
4341.57398	0.00855
4339.64524	0.00847
4337.71651	0.00840
4335.78778	0.00826
4333.85905	0.00811
4331.93032	0.00813
4330.00159	0.00834
4328.07286	0.00854
4326.14413	0.00849
4324.21539	0.00828
4322.28666	0.00810
4320.35793	0.00809
4318.42920	0.00819
4316.50047	0.00824
4314.57174	0.00818
4312.64301	0.00795
4310.71428	0.00767
4308.78554	0.00758
4306.85681	0.00763
4304.92808	0.00767
4302.99935	0.00760
4301.07062	0.00752
4299.14189	0.00750
4297.21316	0.00749
4295.28443	0.00741
4293.35569	0.00735
4291.42696	0.00740
4289.49823	0.00758
4287.56950	0.00775
4285.64077	0.00770
4283.71204	0.00748
4281.78331	0.00727
4279.85458	0.00718
4277.92584	0.00720
4275.99711	0.00727
4274.06838	0.00737
4272.13965	0.00743
4270.21092	0.00743
4268.28219	0.00751
4266.35346	0.00755
4264.42473	0.00746
4262.49600	0.00743
4260.56726	0.00744
4258.63853	0.00736
4256.70980	0.00742
4254.78107	0.00762
4252.85234	0.00767
4250.92361	0.00754
4248.99488	0.00743
4247.06615	0.00734
4245.13741	0.00721
4243.20868	0.00706
4241.27995	0.00700
4239.35122	0.00700
4237.42249	0.00696
4235.49376	0.00692
4233.56503	0.00699
4231.63630	0.00704
4229.70756	0.00699
4227.77883	0.00694
4225.85010	0.00703
4223.92137	0.00717
4221.99264	0.00711
4220.06391	0.00684
4218.13518	0.00657
4216.20645	0.00656
4214.27771	0.00686
4212.34898	0.00712
4210.42025	0.00708
4208.49152	0.00696
4206.56279	0.00703
4204.63406	0.00719
4202.70533	0.00723
4200.77660	0.00723
4198.84786	0.00721
4196.91913	0.00710
4194.99040	0.00691
4193.06167	0.00674
4191.13294	0.00665
4189.20421	0.00662
4187.27548	0.00666
4185.34675	0.00667
4183.41802	0.00643
4181.48928	0.00618
4179.56055	0.00630
4177.63182	0.00659
4175.70309	0.00665
4173.77436	0.00663
4171.84563	0.00667
4169.91690	0.00661
4167.98817	0.00633
4166.05943	0.00609
4164.13070	0.00613
4162.20197	0.00626
4160.27324	0.00632
4158.34451	0.00636
4156.41578	0.00626
4154.48705	0.00604
4152.55832	0.00596
4150.62958	0.00597
4148.70085	0.00590
4146.77212	0.00577
4144.84339	0.00565
4142.91466	0.00551
4140.98593	0.00540
4139.05720	0.00542
4137.12847	0.00543
4135.19973	0.00528
4133.27100	0.00516
4131.34227	0.00527
4129.41354	0.00547
4127.48481	0.00550
4125.55608	0.00537
4123.62735	0.00528
4121.69862	0.00530
4119.76988	0.00532
4117.84115	0.00533
4115.91242	0.00537
4113.98369	0.00540
4112.05496	0.00530
4110.12623	0.00505
4108.19750	0.00467
4106.26877	0.00430
4104.34004	0.00436
4102.41130	0.00476
4100.48257	0.00503
4098.55384	0.00511
4096.62511	0.00511
4094.69638	0.00510
4092.76765	0.00505
4090.83892	0.00481
4088.91019	0.00448
4086.98145	0.00443
4085.05272	0.00469
4083.12399	0.00477
4081.19526	0.00448
4079.26653	0.00424
4077.33780	0.00442
4075.40907	0.00468
4073.48034	0.00470
4071.55160	0.00465
4069.62287	0.00464
4067.69414	0.00464
4065.76541	0.00462
4063.83668	0.00454
4061.90795	0.00434
4059.97922	0.00412
4058.05049	0.00408
4056.12175	0.00412
4054.19302	0.00407
4052.26429	0.00399
4050.33556	0.00394
4048.40683	0.00373
4046.47810	0.00300
4044.54937	0.00243
4042.62064	0.00288
4040.69190	0.00366
4038.76317	0.00395
4036.83444	0.00391
4034.90571	0.00375
4032.97698	0.00352
4031.04825	0.00326
4029.11952	0.00295
4027.19079	0.00252
4025.26206	0.00231
4023.33332	0.00249
4021.40459	0.00245
4019.47586	0.00217
4017.54713	0.00229
4015.61840	0.00265
4013.68967	0.00273
4011.76094	0.00234
4009.83221	0.00164
4007.90347	0.00140
4005.97474	0.00193
4004.04601	0.00256
4002.11728	0.00287
4000.18855	0.00293
3998.25982	0.00246
3996.33109	0.00218
3994.40236	0.00194
3992.47362	0.00168
3990.54489	0.00148
3988.61616	0.00141
3986.68743	0.00145
3984.75870	0.00141
3982.82997	0.00121
3980.90124	0.00104
3978.97251	0.00110
3977.04377	0.00123
3975.11504	0.00121
3973.18631	0.00105
3971.25758	0.00088
3969.32885	0.00081
3967.40012	0.00080
3965.47139	0.00068
3963.54266	0.00034
3961.61392	0.00012
3959.68519	0.00026
3957.75646	0.00042
3955.82773	0.00047
3953.89900	0.00055
3951.97027	0.00038
3950.04154	-0.00036
3948.11281	-0.00099
3946.18408	-0.00073
3944.25534	-0.00034
3942.32661	-0.00041
3940.39788	-0.00049
3938.46915	-0.00045
3936.54042	-0.00050
3934.61169	-0.00115
3932.68296	-0.00224
3930.75423	-0.00253
3928.82549	-0.00175
3926.89676	-0.00110
3924.96803	-0.00113
3923.03930	-0.00118
3921.11057	-0.00129
3919.18184	-0.00214
3917.25311	-0.00312
3915.32438	-0.00307
3913.39564	-0.00237
3911.46691	-0.00188
3909.53818	-0.00132
3907.60945	-0.00075
3905.68072	-0.00117
3903.75199	-0.00260
3901.82326	-0.00392
3899.89453	-0.00466
3897.96579	-0.00454
3896.03706	-0.00384
3894.10833	-0.00384
3892.17960	-0.00492
3890.25087	-0.00527
3888.32214	-0.00483
3886.39341	-0.00516
3884.46468	-0.00540
3882.53594	-0.00585
3880.60721	-0.00699
3878.67848	-0.00692
3876.74975	-0.00609
3874.82102	-0.00597
3872.89229	-0.00641
3870.96356	-0.00759
3869.03483	-0.00820
3867.10610	-0.00782
3865.17736	-0.00827
3863.24863	-0.00921
3861.31990	-0.00932
3859.39117	-0.00837
3857.46244	-0.00744
3855.53371	-0.00821
3853.60498	-0.01033
3851.67625	-0.01087
3849.74751	-0.00992
3847.81878	-0.00890
3845.89005	-0.00806
3843.96132	-0.00753
3842.03259	-0.00747
3840.10386	-0.00834
3838.17513	-0.00960
3836.24640	-0.00985
3834.31766	-0.00965
3832.38893	-0.00986
3830.46020	-0.00980
3828.53147	-0.00952
3826.60274	-0.00902
3824.67401	-0.00816
3822.74528	-0.00859
3820.81655	-0.00985
3818.88781	-0.01007
3816.95908	-0.01061
3815.03035	-0.01086
3813.10162	-0.00961
3811.17289	-0.00810
3809.24416	-0.00766
3807.31543	-0.00816
3805.38670	-0.00782
3803.45796	-0.00779
3801.52923	-0.00891
3799.60050	-0.00914
3797.67177	-0.00891
3795.74304	-0.00864
3793.81431	-0.00772
3791.88558	-0.00689
3789.95685	-0.00647
3788.02812	-0.00641
3786.09938	-0.00665
3784.17065	-0.00658
3782.24192	-0.00616
3780.31319	-0.00642
3778.38446	-0.00694
3776.45573	-0.00677
3774.52700	-0.00615
3772.59827	-0.00597
3770.66953	-0.00686
3768.74080	-0.00791
3766.81207	-0.00851
3764.88334	-0.00857
3762.95461	-0.00821
3761.02588	-0.00867
3759.09715	-0.00986
3757.16842	-0.01019
3755.23968	-0.00947
3753.31095	-0.00977
3751.38222	-0.01226
3749.45349	-0.01415
3747.52476	-0.01409
3745.59603	-0.01506
3743.66730	-0.01532
3741.73857	-0.01298
3739.80983	-0.01046
3737.88110	-0.00942
3735.95237	-0.01016
3734.02364	-0.01117
3732.09491	-0.01056
3730.16618	-0.00847
3728.23745	-0.00681
3726.30872	-0.00617
3724.37998	-0.00559
3722.45125	-0.00462
3720.52252	-0.00311
3718.59379	-0.00109
3716.66506	0.00150
3714.73633	0.00394
3712.80760	0.00511
3710.87887	0.00535
3708.95014	0.00660
3707.02140	0.00936
3705.09267	0.01231
3703.16394	0.01428
3701.23521	0.01565
3699.30648	0.01735
3697.37775	0.01929
3695.44902	0.02163
3693.52029	0.02420
3691.59155	0.02593
3689.66282	0.02636
3687.73409	0.02725
3685.80536	0.02962
3683.87663	0.03232
3681.94790	0.03514
3680.01917	0.03849
3678.09044	0.04145
3676.16170	0.04348
3674.23297	0.04655
3672.30424	0.04965
3670.37551	0.05064
3668.44678	0.05195
3666.51805	0.05449
3664.58932	0.05711
3662.66059	0.05977
3660.73185	0.06244
3658.80312	0.06434
3656.87439	0.06532
3654.94566	0.06732
3653.01693	0.07010
3651.08820	0.07096
3649.15947	0.06955
3647.23074	0.06921
3645.30200	0.07121
3643.37327	0.07347
3641.44454	0.07505
3639.51581	0.07637
3637.58708	0.07762
3635.65835	0.07899
3633.72962	0.08097
3631.80089	0.08279
3629.87216	0.08253
3627.94342	0.08204
3626.01469	0.08366
3624.08596	0.08611
3622.15723	0.08790
3620.22850	0.08837
3618.29977	0.08829
3616.37104	0.08864
3614.44231	0.08904
3612.51357	0.08958
3610.58484	0.09023
3608.65611	0.09066
3606.72738	0.09180
3604.79865	0.09386
3602.86992	0.09554
3600.94119	0.09645
3599.01246	0.09720
3597.08372	0.09792
3595.15499	0.09856
3593.22626	0.09986
3591.29753	0.10169
3589.36880	0.10252
3587.44007	0.10235
3585.51134	0.10309
3583.58261	0.10473
3581.65387	0.10609
3579.72514	0.10714
3577.79641	0.10821
3575.86768	0.10936
3573.93895	0.11079
3572.01022	0.11260
3570.08149	0.11385
3568.15276	0.11353
3566.22402	0.11303
3564.29529	0.11404
3562.36656	0.11566
3560.43783	0.11695
3558.50910	0.11812
3556.58037	0.11937
3554.65164	0.12044
3552.72291	0.12120
3550.79418	0.12195
3548.86544	0.12247
3546.93671	0.12264
3545.00798	0.12318
3543.07925	0.12439
3541.15052	0.12579
3539.22179	0.12700
3537.29306	0.12784
3535.36433	0.12853
3533.43559	0.12933
3531.50686	0.13009
3529.57813	0.13044
3527.64940	0.13039
3525.72067	0.13057
3523.79194	0.13132
3521.86321	0.13244
3519.93448	0.13348
3518.00574	0.13426
3516.07701	0.13499
3514.14828	0.13571
3512.21955	0.13620
3510.29082	0.13635
3508.36209	0.13667
3506.43336	0.13739
3504.50463	0.13804
3502.57589	0.13853
3500.64716	0.13923
3498.71843	0.14010
3496.78970	0.14084
3494.86097	0.14145
3492.93224	0.14203
3491.00351	0.14264
3489.07478	0.14324
3487.14604	0.14384
3485.21731	0.14443
3483.28858	0.14482
3481.35985	0.14521
3479.43112	0.14595
3477.50239	0.14674
3475.57366	0.14715
3473.64493	0.14733
3471.71620	0.14768
3469.78746	0.14823
3467.85873	0.14874
3465.93000	0.14910
3464.00127	0.14935
3462.07254	0.14960
3460.14381	0.14998
3458.21508	0.15035
3456.28635	0.15064
3454.35761	0.15103
3452.42888	0.15155
3450.50015	0.15202
3448.57142	0.15217
3446.64269	0.15219
3444.71396	0.15250
3442.78523	0.15280
3440.85650	0.15301
3438.92776	0.15331
3436.99903	0.15365
3435.07030	0.15389
3433.14157	0.15403
3431.21284	0.15411
3429.28411	0.15406
3427.35538	0.15406
3425.42665	0.15429
3423.49791	0.15458
3421.56918	0.15470
3419.64045	0.15486
3417.71172	0.15524
3415.78299	0.15559
3413.85426	0.15578
3411.92553	0.15577
3409.99680	0.15570
3408.06806	0.15565
3406.13933	0.15568
3404.21060	0.15580
3402.28187	0.15602
3400.35314	0.15611
3398.42441	0.15539
3396.49568	0.15512
3394.56695	0.15518
3392.63822	0.15525
3390.70948	0.15538
3388.78075	0.15544
3386.85202	0.15530
3384.92329	0.15519
3382.99456	0.15530
3381.06583	0.15534
3379.13710	0.15521
3377.20837	0.15512
3375.27963	0.15509
3373.35090	0.15509
3371.42217	0.15494
3369.49344	0.15443
3367.56471	0.15383
3365.63598	0.15362
3363.70725	0.15369
3361.77852	0.15362
3359.84978	0.15344
3357.92105	0.15332
3355.99232	0.15320
3354.06359	0.15308
3352.13486	0.15291
3350.20613	0.15265
3348.27740	0.15239
3346.34867	0.15217
3344.41993	0.15198
3342.49120	0.15166
3340.56247	0.15121
3338.63374	0.15070
3336.70501	0.15018
3334.77628	0.14989
3332.84755	0.14983
3330.91882	0.14960
3328.99008	0.14916
3327.06135	0.14871
3325.13262	0.14822
3323.20389	0.14769
3321.27516	0.14727
3319.34643	0.14695
3317.41770	0.14661
3315.48897	0.14612
3313.56024	0.14552
3311.63150	0.14480
3309.70277	0.14396
3307.77404	0.14331
3305.84531	0.14307
3303.91658	0.14283
3301.98785	0.14232
3300.05912	0.14156
3298.13039	0.14069
3296.20165	0.13987
3294.27292	0.13910
3292.34419	0.13830
3290.41546	0.13761
3288.48673	0.13700
3286.55800	0.13624
3284.62927	0.13538
3282.70054	0.13461
3280.77180	0.13378
3278.84307	0.13273
3276.91434	0.13156
3274.98561	0.13047
3273.05688	0.12955
3271.12815	0.12881
3269.19942	0.12809
3267.27069	0.12724
3265.34195	0.12631
3263.41322	0.12539
3261.48449	0.12435
3259.55576	0.12314
3257.62703	0.12191
3255.69830	0.12075
3253.76957	0.11974
3251.84084	0.11886
3249.91210	0.11785
3247.98337	0.11651
3246.05464	0.11508
3244.12591	0.11396
3242.19718	0.11309
3240.26845	0.11211
3238.33972	0.11097
3236.41099	0.10973
3234.48226	0.10843
3232.55352	0.10718
3230.62479	0.10594
3228.69606	0.10464
3226.76733	0.10347
3224.83860	0.10257
3222.90987	0.10170
3220.98114	0.10060
3219.05241	0.09936
3217.12367	0.09811
3215.19494	0.09680
3213.26621	0.09566
3211.33748	0.09470
3209.40875	0.09379
3207.48002	0.09295
3205.55129	0.09204
3203.62256	0.09106
3201.69382	0.09010
3199.76509	0.08902
3197.83636	0.08787
3195.90763	0.08694
3193.97890	0.08615
3192.05017	0.08529
3190.12144	0.08435
3188.19271	0.08329
3186.26397	0.08208
3184.33524	0.08091
3182.40651	0.07985
3180.47778	0.07868
3178.54905	0.07749
3176.62032	0.07671
3174.69159	0.07618
3172.76286	0.07549
3170.83412	0.07467
3168.90539	0.07379
3166.97666	0.07288
3165.04793	0.07200
3163.11920	0.07126
3161.19047	0.07060
3159.26174	0.06985
3157.33301	0.06899
3155.40428	0.06806
3153.47554	0.06710
3151.54681	0.06614
3149.61808	0.06526
3147.68935	0.06457
3145.76062	0.06397
3143.83189	0.06325
3141.90316	0.06247
3139.97443	0.06183
3138.04569	0.06131
3136.11696	0.06065
3134.18823	0.05973
3132.25950	0.05880
3130.33077	0.05816
3128.40204	0.05767
3126.47331	0.05713
3124.54458	0.05651
3122.61584	0.05594
3120.68711	0.05560
3118.75838	0.05551
3116.82965	0.05560
3114.90092	0.05583
3112.97219	0.05622
3111.04346	0.05682
3109.11473	0.05749
3107.18599	0.05806
3105.25726	0.05859
3103.32853	0.05907
3101.39980	0.05969
3099.47107	0.06072
3097.54234	0.06194
3095.61361	0.06319
3093.68488	0.06453
3091.75614	0.06583
3089.82741	0.06699
3087.89868	0.06811
3085.96995	0.06930
3084.04122	0.07043
3082.11249	0.07130
3080.18376	0.07204
3078.25503	0.07297
3076.32630	0.07412
3074.39756	0.07532
3072.46883	0.07640
3070.54010	0.07715
3068.61137	0.07763
3066.68264	0.07808
3064.75391	0.07879
3062.82518	0.07966
3060.89645	0.08035
3058.96771	0.08069
3057.03898	0.08092
3055.11025	0.08126
3053.18152	0.08156
3051.25279	0.08162
3049.32406	0.08160
3047.39533	0.08170
3045.46660	0.08181
3043.53786	0.08181
3041.60913	0.08175
3039.68040	0.08160
3037.75167	0.08123
3035.82294	0.08066
3033.89421	0.07995
3031.96548	0.07933
3030.03675	0.07903
3028.10801	0.07886
3026.17928	0.07850
3024.25055	0.07806
3022.32182	0.07761
3020.39309	0.07709
3018.46436	0.07656
3016.53563	0.07612
3014.60690	0.07576
3012.67816	0.07545
3010.74943	0.07541
3008.82070	0.07565
3006.89197	0.07583
3004.96324	0.07585
3003.03451	0.07600
3001.10578	0.07639
2999.17705	0.07689
2997.24832	0.07715
2995.31958	0.07738
2993.39085	0.07790
2991.46212	0.07866
2989.53339	0.07939
2987.60466	0.08011
2985.67593	0.08087
2983.74720	0.08153
2981.81847	0.08213
2979.88973	0.08284
2977.96100	0.08363
2976.03227	0.08444
2974.10354	0.08539
2972.17481	0.08654
2970.24608	0.08781
2968.31735	0.08902
2966.38862	0.09006
2964.45988	0.09095
2962.53115	0.09183
2960.60242	0.09273
2958.67369	0.09347
2956.74496	0.09392
2954.81623	0.09421
2952.88750	0.09449
2950.95877	0.09491
2949.03003	0.09551
2947.10130	0.09633
2945.17257	0.09740
2943.24384	0.09865
2941.31511	0.10000
2939.38638	0.10142
2937.45765	0.10286
2935.52892	0.10435
2933.60018	0.10583
2931.67145	0.10718
2929.74272	0.10842
2927.81399	0.10944
2925.88526	0.11002
2923.95653	0.10997
2922.02780	0.10925
2920.09907	0.10797
2918.17034	0.10624
2916.24160	0.10427
2914.31287	0.10233
2912.38414	0.10060
2910.45541	0.09905
2908.52668	0.09767
2906.59795	0.09652
2904.66922	0.09554
2902.74049	0.09460
2900.81175	0.09368
2898.88302	0.09286
2896.95429	0.09207
2895.02556	0.09126
2893.09683	0.09042
2891.16810	0.08954
2889.23937	0.08869
2887.31064	0.08796
2885.38190	0.08736
2883.45317	0.08686
2881.52444	0.08654
2879.59571	0.08643
2877.66698	0.08626
2875.73825	0.08593
2873.80952	0.08565
2871.88079	0.08554
2869.95205	0.08547
2868.02332	0.08539
2866.09459	0.08541
2864.16586	0.08568
2862.23713	0.08624
2860.30840	0.08698
2858.37967	0.08769
2856.45094	0.08810
2854.52220	0.08793
2852.59347	0.08700
2850.66474	0.08529
2848.73601	0.08301
2846.80728	0.08057
2844.87855	0.07830
2842.94982	0.07631
2841.02109	0.07458
2839.09236	0.07313
2837.16362	0.07193
2835.23489	0.07088
2833.30616	0.06997
2831.37743	0.06915
2829.44870	0.06840
2827.51997	0.06774
2825.59124	0.06715
2823.66251	0.06652
2821.73377	0.06583
2819.80504	0.06519
2817.87631	0.06462
2815.94758	0.06407
2814.01885	0.06351
2812.09012	0.06291
2810.16139	0.06229
2808.23266	0.06169
2806.30392	0.06105
2804.37519	0.06040
2802.44646	0.05980
2800.51773	0.05927
2798.58900	0.05880
2796.66027	0.05834
2794.73154	0.05785
2792.80281	0.05733
2790.87407	0.05681
2788.94534	0.05633
2787.01661	0.05589
2785.08788	0.05547
2783.15915	0.05501
2781.23042	0.05451
2779.30169	0.05400
2777.37296	0.05352
2775.44422	0.05312
2773.51549	0.05280
2771.58676	0.05254
2769.65803	0.05220
2767.72930	0.05172
2765.80057	0.05128
2763.87184	0.05101
2761.94311	0.05085
2760.01438	0.05068
2758.08564	0.05040
2756.15691	0.05002
2754.22818	0.04966
2752.29945	0.04935
2750.37072	0.04905
2748.44199	0.04874
2746.51326	0.04840
2744.58453	0.04799
2742.65579	0.04755
2740.72706	0.04712
2738.79833	0.04673
2736.86960	0.04636
2734.94087	0.04597
2733.01214	0.04555
2731.08341	0.04513
2729.15468	0.04468
2727.22594	0.04418
2725.29721	0.04374
2723.36848	0.04337
2721.43975	0.04298
2719.51102	0.04256
2717.58229	0.04211
2715.65356	0.04162
2713.72483	0.04120
2711.79609	0.04086
2709.86736	0.04049
2707.93863	0.04008
2706.00990	0.03967
2704.08117	0.03921
2702.15244	0.03868
2700.22371	0.03819
2698.29498	0.03780
2696.36624	0.03744
2694.43751	0.03701
2692.50878	0.03657
2690.58005	0.03619
2688.65132	0.03583
2686.72259	0.03547
2684.79386	0.03510
2682.86513	0.03470
2680.93640	0.03435
2679.00766	0.03406
2677.07893	0.03374
2675.15020	0.03333
2673.22147	0.03287
2671.29274	0.03239
2669.36401	0.03193
2667.43528	0.03151
2665.50655	0.03110
2663.57781	0.03071
2661.64908	0.03033
2659.72035	0.02996
2657.79162	0.02959
2655.86289	0.02919
2653.93416	0.02880
2652.00543	0.02843
2650.07670	0.02812
2648.14796	0.02787
2646.21923	0.02761
2644.29050	0.02728
2642.36177	0.02693
2640.43304	0.02659
2638.50431	0.02625
2636.57558	0.02595
2634.64685	0.02568
2632.71811	0.02539
2630.78938	0.02502
2628.86065	0.02463
2626.93192	0.02429
2625.00319	0.02400
2623.07446	0.02371
2621.14573	0.02340
2619.21700	0.02306
2617.28826	0.02279
2615.35953	0.02254
2613.43080	0.02220
2611.50207	0.02186
2609.57334	0.02154
2607.64461	0.02121
2605.71588	0.02091
2603.78715	0.02064
2601.85842	0.02034
2599.92968	0.02004
2598.00095	0.01981
2596.07222	0.01961
2594.14349	0.01942
2592.21476	0.01919
2590.28603	0.01890
2588.35730	0.01856
2586.42857	0.01818
2584.49983	0.01785
2582.57110	0.01762
2580.64237	0.01740
2578.71364	0.01717
2576.78491	0.01700
2574.85618	0.01682
2572.92745	0.01663
2570.99872	0.01642
2569.06998	0.01617
2567.14125	0.01591
2565.21252	0.01570
2563.28379	0.01550
2561.35506	0.01530
2559.42633	0.01513
2557.49760	0.01495
2555.56887	0.01471
2553.64013	0.01445
2551.71140	0.01426
2549.78267	0.01418
2547.85394	0.01410
2545.92521	0.01401
2543.99648	0.01387
2542.06775	0.01365
2540.13902	0.01343
2538.21028	0.01331
2536.28155	0.01326
2534.35282	0.01319
2532.42409	0.01304
2530.49536	0.01284
2528.56663	0.01264
2526.63790	0.01248
2524.70917	0.01230
2522.78044	0.01209
2520.85170	0.01194
2518.92297	0.01186
2516.99424	0.01178
2515.06551	0.01166
2513.13678	0.01150
2511.20805	0.01133
2509.27932	0.01116
2507.35059	0.01100
2505.42185	0.01082
2503.49312	0.01068
2501.56439	0.01059
2499.63566	0.01050
2497.70693	0.01042
2495.77820	0.01025
2493.84947	0.01003
2491.92074	0.00987
2489.99200	0.00977
2488.06327	0.00963
2486.13454	0.00943
2484.20581	0.00924
2482.27708	0.00909
2480.34835	0.00892
2478.41962	0.00872
2476.49089	0.00851
2474.56215	0.00830
2472.63342	0.00811
2470.70469	0.00799
2468.77596	0.00788
2466.84723	0.00770
2464.91850	0.00746
2462.98977	0.00723
2461.06104	0.00705
2459.13230	0.00687
2457.20357	0.00666
2455.27484	0.00646
2453.34611	0.00626
2451.41738	0.00605
2449.48865	0.00581
2447.55992	0.00553
2445.63119	0.00525
2443.70246	0.00506
2441.77372	0.00492
2439.84499	0.00475
2437.91626	0.00449
2435.98753	0.00423
2434.05880	0.00400
2432.13007	0.00375
2430.20134	0.00338
2428.27261	0.00295
2426.34387	0.00269
2424.41514	0.00273
2422.48641	0.00284
2420.55768	0.00282
2418.62895	0.00273
2416.70022	0.00267
2414.77149	0.00260
2412.84276	0.00253
2410.91402	0.00241
2408.98529	0.00222
2407.05656	0.00207
2405.12783	0.00198
2403.19910	0.00187
2401.27037	0.00175
2399.34164	0.00168
2397.41291	0.00157
2395.48417	0.00140
2393.55544	0.00120
2391.62671	0.00103
2389.69798	0.00095
2387.76925	0.00098
2385.84052	0.00106
2383.91179	0.00109
2381.98306	0.00097
2380.05432	0.00072
2378.12559	0.00052
2376.19686	0.00059
2374.26813	0.00114
2372.33940	0.00199
2370.41067	0.00261
2368.48194	0.00280
2366.55321	0.00274
2364.62448	0.00246
2362.69574	0.00208
2360.76701	0.00174
2358.83828	0.00108
2356.90955	-0.00009
2354.98082	-0.00130
2353.05209	-0.00156
2351.12336	-0.00035
2349.19463	0.00088
2347.26589	0.00059
2345.33716	-0.00026
2343.40843	-0.00034
2341.47970	-0.00002
2339.55097	0.00029
2337.62224	0.00050
2335.69351	0.00040
2333.76478	0.00002
2331.83604	-0.00047
2329.90731	-0.00092
2327.97858	-0.00127
2326.04985	-0.00164
2324.12112	-0.00205
2322.19239	-0.00235
2320.26366	-0.00237
2318.33493	-0.00228
2316.40619	-0.00240
2314.47746	-0.00269
2312.54873	-0.00288
2310.62000	-0.00289
2308.69127	-0.00283
2306.76254	-0.00277
2304.83381	-0.00267
2302.90508	-0.00260
2300.97634	-0.00262
2299.04761	-0.00263
2297.11888	-0.00261
2295.19015	-0.00257
2293.26142	-0.00252
2291.33269	-0.00247
2289.40396	-0.00246
2287.47523	-0.00244
2285.54650	-0.00239
2283.61776	-0.00235
2281.68903	-0.00233
2279.76030	-0.00230
2277.83157	-0.00225
2275.90284	-0.00219
2273.97411	-0.00213
2272.04538	-0.00209
2270.11665	-0.00206
2268.18791	-0.00207
2266.25918	-0.00209
2264.33045	-0.00208
2262.40172	-0.00205
2260.47299	-0.00204
2258.54426	-0.00211
2256.61553	-0.00218
2254.68680	-0.00217
2252.75806	-0.00206
2250.82933	-0.00206
2248.90060	-0.00244
2246.97187	-0.00227
2245.04314	-0.00215
2243.11441	-0.00211
2241.18568	-0.00213
2239.25695	-0.00209
2237.32821	-0.00193
2235.39948	-0.00174
2233.47075	-0.00164
2231.54202	-0.00157
2229.61329	-0.00151
2227.68456	-0.00146
2225.75583	-0.00140
2223.82710	-0.00135
2221.89836	-0.00135
2219.96963	-0.00149
2218.04090	-0.00163
2216.11217	-0.00182
2214.18344	-0.00206
2212.25471	-0.00226
2210.32598	-0.00238
2208.39725	-0.00243
2206.46852	-0.00246
2204.53978	-0.00252
2202.61105	-0.00264
2200.68232	-0.00276
2198.75359	-0.00283
2196.82486	-0.00288
2194.89613	-0.00298
2192.96740	-0.00312
2191.03867	-0.00321
2189.10993	-0.00332
2187.18120	-0.00347
2185.25247	-0.00359
2183.32374	-0.00366
2181.39501	-0.00373
2179.46628	-0.00380
2177.53755	-0.00384
2175.60882	-0.00392
2173.68008	-0.00410
2171.75135	-0.00428
2169.82262	-0.00434
2167.89389	-0.00431
2165.96516	-0.00432
2164.03643	-0.00443
2162.10770	-0.00455
2160.17897	-0.00459
2158.25023	-0.00457
2156.32150	-0.00453
2154.39277	-0.00448
2152.46404	-0.00446
2150.53531	-0.00449
2148.60658	-0.00457
2146.67785	-0.00465
2144.74912	-0.00467
2142.82038	-0.00465
2140.89165	-0.00473
2138.96292	-0.00494
2137.03419	-0.00512
2135.10546	-0.00509
2133.17673	-0.00494
2131.24800	-0.00490
2129.31927	-0.00500
2127.39054	-0.00510
2125.46180	-0.00517
2123.53307	-0.00524
2121.60434	-0.00530
2119.67561	-0.00535
2117.74688	-0.00551
2115.81815	-0.00578
2113.88942	-0.00592
2111.96069	-0.00584
2110.03195	-0.00581
2108.10322	-0.00589
2106.17449	-0.00602
2104.24576	-0.00617
2102.31703	-0.00633
2100.38830	-0.00653
2098.45957	-0.00668
2096.53084	-0.00689
2094.60210	-0.00715
2092.67337	-0.00747
2090.74464	-0.00781
2088.81591	-0.00813
2086.88718	-0.00845
2084.95845	-0.00887
2083.02972	-0.00935
2081.10099	-0.00986
2079.17225	-0.01041
2077.24352	-0.01096
2075.31479	-0.01138
2073.38606	-0.01167
2071.45733	-0.01194
2069.52860	-0.01214
2067.59987	-0.01227
2065.67114	-0.01236
2063.74240	-0.01231
2061.81367	-0.01213
2059.88494	-0.01187
2057.95621	-0.01149
2056.02748	-0.01105
2054.09875	-0.01059
2052.17002	-0.01008
2050.24129	-0.00954
2048.31256	-0.00898
2046.38382	-0.00843
2044.45509	-0.00787
2042.52636	-0.00731
2040.59763	-0.00674
2038.66890	-0.00621
2036.74017	-0.00576
2034.81144	-0.00530
2032.88271	-0.00481
2030.95397	-0.00442
2029.02524	-0.00421
2027.09651	-0.00415
2025.16778	-0.00404
2023.23905	-0.00372
2021.31032	-0.00317
2019.38159	-0.00263
2017.45286	-0.00232
2015.52412	-0.00199
2013.59539	-0.00160
2011.66666	-0.00131
2009.73793	-0.00114
2007.80920	-0.00099
2005.88047	-0.00075
2003.95174	-0.00048
2002.02301	-0.00028
2000.09427	-0.00019
1998.16554	-0.00009
1996.23681	0.00014
1994.30808	0.00018
1992.37935	-0.00002
1990.45062	0.00007
1988.52189	0.00036
1986.59316	0.00050
1984.66442	0.00062
1982.73569	0.00071
1980.80696	0.00074
1978.87823	0.00078
1976.94950	0.00086
1975.02077	0.00095
1973.09204	0.00102
1971.16331	0.00107
1969.23458	0.00094
1967.30584	0.00067
1965.37711	0.00062
1963.44838	0.00072
1961.51965	0.00072
1959.59092	0.00066
1957.66219	0.00061
1955.73346	0.00056
1953.80473	0.00053
1951.87599	0.00051
1949.94726	0.00047
1948.01853	0.00050
1946.08980	0.00056
1944.16107	0.00029
1942.23234	-0.00006
1940.30361	0.00009
1938.37488	0.00028
1936.44614	0.00029
1934.51741	0.00029
1932.58868	0.00029
1930.65995	0.00033
1928.73122	0.00041
1926.80249	0.00040
1924.87376	0.00019
1922.94503	-0.00004
1921.01629	0.00012
1919.08756	0.00007
1917.15883	-0.00014
1915.23010	-0.00010
1913.30137	0.00001
1911.37264	0.00012
1909.44391	0.00024
1907.51518	0.00047
1905.58644	0.00074
1903.65771	0.00100
1901.72898	0.00129
1899.80025	0.00167
1897.87152	0.00202
1895.94279	0.00221
1894.01406	0.00259
1892.08533	0.00304
1890.15660	0.00315
1888.22786	0.00322
1886.29913	0.00337
1884.37040	0.00343
1882.44167	0.00347
1880.51294	0.00349
1878.58421	0.00339
1876.65548	0.00328
1874.72675	0.00341
1872.79801	0.00381
1870.86928	0.00376
1868.94055	0.00296
1867.01182	0.00225
1865.08309	0.00183
1863.15436	0.00134
1861.22563	0.00071
1859.29690	0.00000
1857.36816	-0.00068
1855.43943	-0.00134
1853.51070	-0.00196
1851.58197	-0.00244
1849.65324	-0.00277
1847.72451	-0.00309
1845.79578	-0.00411
1843.86705	-0.00542
1841.93831	-0.00591
1840.00958	-0.00607
1838.08085	-0.00649
1836.15212	-0.00675
1834.22339	-0.00646
1832.29466	-0.00606
1830.36593	-0.00614
1828.43720	-0.00631
1826.50846	-0.00662
1824.57973	-0.00706
1822.65100	-0.00708
1820.72227	-0.00713
1818.79354	-0.00743
1816.86481	-0.00736
1814.93608	-0.00669
1813.00735	-0.00618
1811.07862	-0.00621
1809.14988	-0.00629
1807.22115	-0.00616
1805.29242	-0.00607
1803.36369	-0.00635
1801.43496	-0.00685
1799.50623	-0.00678
1797.57750	-0.00600
1795.64877	-0.00517
1793.72003	-0.00499
1791.79130	-0.00530
1789.86257	-0.00523
1787.93384	-0.00522
1786.00511	-0.00549
1784.07638	-0.00528
1782.14765	-0.00472
1780.21892	-0.00428
1778.29018	-0.00360
1776.36145	-0.00254
1774.43272	-0.00175
1772.50399	-0.00179
1770.57526	-0.00222
1768.64653	-0.00268
1766.71780	-0.00245
1764.78907	-0.00163
1762.86033	-0.00126
1760.93160	-0.00084
1759.00287	-0.00026
1757.07414	0.00018
1755.14541	0.00132
1753.21668	0.00254
1751.28795	0.00300
1749.35922	0.00324
1747.43048	0.00388
1745.50175	0.00487
1743.57302	0.00597
1741.64429	0.00691
1739.71556	0.00798
1737.78683	0.00978
1735.85810	0.01069
1733.92937	0.01044
1732.00064	0.01082
1730.07190	0.01126
1728.14317	0.01151
1726.21444	0.01189
1724.28571	0.01250
1722.35698	0.01403
1720.42825	0.01592
1718.49952	0.01652
1716.57079	0.01579
1714.64205	0.01498
1712.71332	0.01454
1710.78459	0.01469
1708.85586	0.01524
1706.92713	0.01577
1704.99840	0.01672
1703.06967	0.01807
1701.14094	0.01869
1699.21220	0.01960
1697.28347	0.02034
1695.35474	0.02055
1693.42601	0.02182
1691.49728	0.02328
1689.56855	0.02534
1687.63982	0.02867
1685.71109	0.03107
1683.78235	0.03177
1681.85362	0.03257
1679.92489	0.03375
1677.99616	0.03533
1676.06743	0.03727
1674.13870	0.03991
1672.20997	0.04234
1670.28124	0.04337
1668.35250	0.04460
1666.42377	0.04632
1664.49504	0.04708
1662.56631	0.04720
1660.63758	0.04785
1658.70885	0.04933
1656.78012	0.05118
1654.85139	0.05125
1652.92266	0.04947
1650.99392	0.04945
1649.06519	0.04877
1647.13646	0.04665
1645.20773	0.04543
1643.27900	0.04490
1641.35027	0.04456
1639.42154	0.04473
1637.49281	0.04375
1635.56407	0.04090
1633.63534	0.03866
1631.70661	0.03726
1629.77788	0.03569
1627.84915	0.03425
1625.92042	0.03260
1623.99169	0.02977
1622.06296	0.02716
1620.13422	0.02566
1618.20549	0.02311
1616.27676	0.01922
1614.34803	0.01599
1612.41930	0.01316
1610.49057	0.01018
1608.56184	0.00733
1606.63311	0.00476
1604.70437	0.00225
1602.77564	-0.00024
1600.84691	-0.00225
1598.91818	-0.00362
1596.98945	-0.00463
1595.06072	-0.00544
1593.13199	-0.00590
1591.20326	-0.00610
1589.27452	-0.00615
1587.34579	-0.00605
1585.41706	-0.00591
1583.48833	-0.00569
1581.55960	-0.00493
1579.63087	-0.00361
1577.70214	-0.00309
1575.77341	-0.00307
1573.84468	-0.00194
1571.91594	-0.00103
1569.98721	-0.00077
1568.05848	0.00032
1566.12975	0.00200
1564.20102	0.00465
1562.27229	0.00820
1560.34356	0.01016
1558.41483	0.01044
1556.48609	0.01116
1554.55736	0.01116
1552.62863	0.01098
1550.69990	0.01117
1548.77117	0.01212
1546.84244	0.01381
1544.91371	0.01571
1542.98498	0.01723
1541.05624	0.01663
1539.12751	0.01490
1537.19878	0.01418
1535.27005	0.01307
1533.34132	0.01183
1531.41259	0.01178
1529.48386	0.01175
1527.55513	0.01114
1525.62639	0.01080
1523.69766	0.01022
1521.76893	0.00855
1519.84020	0.00682
1517.91147	0.00486
1515.98274	0.00291
1514.05401	0.00184
1512.12528	0.00146
1510.19654	0.00117
1508.26781	-0.00106
1506.33908	-0.00453
1504.41035	-0.00614
1502.48162	-0.00699
1500.55289	-0.00801
1498.62416	-0.00897
1496.69543	-0.00979
1494.76670	-0.00959
1492.83796	-0.00911
1490.90923	-0.00965
1488.98050	-0.01064
1487.05177	-0.01110
1485.12304	-0.01116
1483.19431	-0.01120
1481.26558	-0.01091
1479.33685	-0.00986
1477.40811	-0.00839
1475.47938	-0.00696
1473.55065	-0.00609
1471.62192	-0.00518
1469.69319	-0.00392
1467.76446	-0.00347
1465.83573	-0.00391
1463.90700	-0.00389
1461.97826	-0.00268
1460.04953	-0.00186
1458.12080	-0.00300
1456.19207	-0.00483
1454.26334	-0.00572
1452.33461	-0.00656
1450.40588	-0.00747
1448.47715	-0.00861
1446.54841	-0.00987
1444.61968	-0.01101
1442.69095	-0.01203
1440.76222	-0.01273
1438.83349	-0.01415
1436.90476	-0.01670
1434.97603	-0.01866
1433.04730	-0.02041
1431.11856	-0.02320
1429.18983	-0.02659
1427.26110	-0.03026
1425.33237	-0.03475
1423.40364	-0.03959
1421.47491	-0.04515
1419.54618	-0.05289
1417.61745	-0.06139
1415.68872	-0.06865
1413.75998	-0.07585
1411.83125	-0.08394
1409.90252	-0.09244
1407.97379	-0.10068
1406.04506	-0.10871
1404.11633	-0.11547
1402.18760	-0.11951
1400.25887	-0.12096
1398.33013	-0.11952
1396.40140	-0.11498
1394.47267	-0.10811
1392.54394	-0.10046
1390.61521	-0.09470
1388.68648	-0.09306
1386.75775	-0.09451
1384.82902	-0.09283
1382.90028	-0.08292
1380.97155	-0.06731
1379.04282	-0.05260
1377.11409	-0.04217
1375.18536	-0.03502
1373.25663	-0.02925
1371.32790	-0.02445
1369.39917	-0.02074
1367.47043	-0.01753
1365.54170	-0.01493
1363.61297	-0.01333
1361.68424	-0.01196
1359.75551	-0.01033
1357.82678	-0.00892
1355.89805	-0.00785
1353.96932	-0.00689
1352.04058	-0.00592
1350.11185	-0.00497
1348.18312	-0.00412
1346.25439	-0.00350
1344.32566	-0.00322
1342.39693	-0.00340
1340.46820	-0.00414
1338.53947	-0.00470
1336.61074	-0.00454
1334.68200	-0.00410
1332.75327	-0.00381
1330.82454	-0.00392
1328.89581	-0.00443
1326.96708	-0.00485
1325.03835	-0.00486
1323.10962	-0.00447
1321.18089	-0.00395
1319.25215	-0.00355
1317.32342	-0.00300
1315.39469	-0.00207
1313.46596	-0.00077
1311.53723	0.00079
1309.60850	0.00241
1307.67977	0.00395
1305.75104	0.00557
1303.82230	0.00737
1301.89357	0.00919
1299.96484	0.01070
1298.03611	0.01191
1296.10738	0.01315
1294.17865	0.01451
1292.24992	0.01582
1290.32119	0.01697
1288.39245	0.01808
1286.46372	0.01936
1284.53499	0.02100
1282.60626	0.02297
1280.67753	0.02525
1278.74880	0.02787
1276.82007	0.03083
1274.89134	0.03402
1272.96260	0.03745
1271.03387	0.04147
1269.10514	0.04628
1267.17641	0.05178
1265.24768	0.05803
1263.31895	0.06503
1261.39022	0.07272
1259.46149	0.08107
1257.53276	0.09011
1255.60402	0.09980
1253.67529	0.11012
1251.74656	0.12077
1249.81783	0.13125
1247.88910	0.14127
1245.96037	0.15070
1244.03164	0.15944
1242.10291	0.16737
1240.17417	0.17436
1238.24544	0.18053
1236.31671	0.18595
1234.38798	0.19070
1232.45925	0.19491
1230.53052	0.19864
1228.60179	0.20188
1226.67306	0.20479
1224.74432	0.20754
1222.81559	0.21007
1220.88686	0.21233
1218.95813	0.21438
1217.02940	0.21627
1215.10067	0.21803
1213.17194	0.21969
1211.24321	0.22125
1209.31447	0.22257
1207.38574	0.22364
1205.45701	0.22456
1203.52828	0.22551
1201.59955	0.22664
1199.67082	0.22813
1197.74209	0.22965
1195.81336	0.23130
1193.88462	0.23285
1191.95589	0.23409
1190.02716	0.23509
1188.09843	0.23635
1186.16970	0.23805
1184.24097	0.23983
1182.31224	0.24135
1180.38351	0.24255
1178.45478	0.24344
1176.52604	0.24423
1174.59731	0.24542
1172.66858	0.24701
1170.73985	0.24857
1168.81112	0.24992
1166.88239	0.25128
1164.95366	0.25284
1163.02493	0.25451
1161.09619	0.25591
1159.16746	0.25686
1157.23873	0.25756
1155.31000	0.25819
1153.38127	0.25876
1151.45254	0.25947
1149.52381	0.26039
1147.59508	0.26139
1145.66634	0.26235
1143.73761	0.26330
1141.80888	0.26413
1139.88015	0.26479
1137.95142	0.26534
1136.02269	0.26581
1134.09396	0.26635
1132.16523	0.26741
1130.23649	0.26910
1128.30776	0.27090
1126.37903	0.27253
1124.45030	0.27408
1122.52157	0.27545
1120.59284	0.27692
1118.66411	0.27910
1116.73538	0.28241
1114.80664	0.28669
1112.87791	0.29143
1110.94918	0.29644
1109.02045	0.30184
1107.09172	0.30767
1105.16299	0.31348
1103.23426	0.31871
1101.30553	0.32352
1099.37680	0.32811
1097.44806	0.33193
1095.51933	0.33482
1093.59060	0.33703
1091.66187	0.33847
1089.73314	0.33921
1087.80441	0.33963
1085.87568	0.33979
1083.94695	0.33951
1082.01821	0.33892
1080.08948	0.33813
1078.16075	0.33684
1076.23202	0.33516
1074.30329	0.33352
1072.37456	0.33182
1070.44583	0.32972
1068.51710	0.32730
1066.58836	0.32455
1064.65963	0.32122
1062.73090	0.31746
1060.80217	0.31331
1058.87344	0.30863
1056.94471	0.30344
1055.01598	0.29763
1053.08725	0.29145
1051.15851	0.28552
1049.22978	0.27986
1047.30105	0.27397
1045.37232	0.26767
1043.44359	0.26103
1041.51486	0.25423
1039.58613	0.24740
1037.65740	0.24044
1035.72866	0.23347
1033.79993	0.22688
1031.87120	0.22064
1029.94247	0.21438
1028.01374	0.20828
1026.08501	0.20288
1024.15628	0.19800
1022.22755	0.19330
1020.29882	0.18874
1018.37008	0.18439
1016.44135	0.18032
1014.51262	0.17661
1012.58389	0.17318
1010.65516	0.16987
1008.72643	0.16657
1006.79770	0.16317
1004.86897	0.15973
1002.94023	0.15648
1001.01150	0.15353
999.08277	0.15075
997.15404	0.14776
995.22531	0.14430
993.29658	0.14042
991.36785	0.13669
989.43912	0.13364
987.51038	0.13110
985.58165	0.12868
983.65292	0.12643
981.72419	0.12472
979.79546	0.12359
977.86673	0.12254
975.93800	0.12109
974.00927	0.12005
972.08053	0.11930
970.15180	0.11897
968.22307	0.11855
966.29434	0.11766
964.36561	0.11666
962.43688	0.11588
960.50815	0.11524
958.57942	0.11458
956.65068	0.11376
954.72195	0.11268
952.79322	0.11133
950.86449	0.10970
948.93576	0.10767
947.00703	0.10533
945.07830	0.10289
943.14957	0.10036
941.22084	0.09781
939.29210	0.09517
937.36337	0.09230
935.43464	0.08922
933.50591	0.08611
931.57718	0.08320
929.64845	0.08060
927.71972	0.07823
925.79099	0.07589
923.86225	0.07358
921.93352	0.07159
920.00479	0.06984
918.07606	0.06787
916.14733	0.06550
914.21860	0.06296
912.28987	0.06047
910.36114	0.05791
908.43240	0.05503
906.50367	0.05194
904.57494	0.04887
902.64621	0.04574
900.71748	0.04255
898.78875	0.03944
896.86002	0.03631
894.93129	0.03318
893.00255	0.03014
891.07382	0.02712
889.14509	0.02404
887.21636	0.02093
885.28763	0.01795
883.35890	0.01517
881.43017	0.01239
879.50144	0.00954
877.57270	0.00691
875.64397	0.00472
873.71524	0.00270
871.78651	0.00052
869.85778	-0.00182
867.92905	-0.00408
866.00032	-0.00600
864.07159	-0.00756
862.14286	-0.00897
860.21412	-0.01057
858.28539	-0.01246
856.35666	-0.01423
854.42793	-0.01534
852.49920	-0.01578
850.57047	-0.01595
848.64174	-0.01616
846.71301	-0.01633
844.78427	-0.01620
842.85554	-0.01543
840.92681	-0.01385
838.99808	-0.01181
837.06935	-0.00978
835.14062	-0.00752
833.21189	-0.00465
831.28316	-0.00152
829.35442	0.00120
827.42569	0.00351
825.49696	0.00591
823.56823	0.00859
821.63950	0.01140
819.71077	0.01433
817.78204	0.01731
815.85331	0.02004
813.92457	0.02271
811.99584	0.02575
810.06711	0.02884
808.13838	0.03149
806.20965	0.03384
804.28092	0.03595
802.35219	0.03751
800.42346	0.03836
798.49472	0.03871
796.56599	0.03860
794.63726	0.03778
792.70853	0.03649
790.77980	0.03514
788.85107	0.03346
786.92234	0.03082
784.99361	0.02736
783.06488	0.02401
781.13614	0.02099
779.20741	0.01779
777.27868	0.01445
775.34995	0.01134
773.42122	0.00863
771.49249	0.00633
769.56376	0.00427
767.63503	0.00237
765.70629	0.00170
763.77756	0.00163
761.84883	0.00169
759.92010	0.00169
757.99137	0.00098
756.06264	0.00047
754.13391	-0.00020
752.20518	-0.00124
750.27644	-0.00232
748.34771	-0.00322
746.41898	-0.00409
744.49025	-0.00491
742.56152	-0.00553
740.63279	-0.00606
738.70406	-0.00663
736.77533	-0.00719
734.84659	-0.00775
732.91786	-0.00814
730.98913	-0.00815
729.06040	-0.00791
727.13167	-0.00763
725.20294	-0.00758
723.27421	-0.00889
721.34548	-0.00966
719.41674	-0.00992
717.48801	-0.00982
715.55928	-0.00970
713.63055	-0.00984
711.70182	-0.00981
709.77309	-0.00960
707.84436	-0.00966
705.91563	-0.00997
703.98690	-0.01005
702.05816	-0.00977
700.12943	-0.00937
698.20070	-0.00884
696.27197	-0.00842
694.34324	-0.00861
692.41451	-0.00956
690.48578	-0.01079
688.55705	-0.01161
686.62831	-0.01193
684.69958	-0.01227
682.77085	-0.01285
680.84212	-0.01344
678.91339	-0.01404
676.98466	-0.01455
675.05593	-0.01464
673.12720	-0.01433
671.19846	-0.01574
669.26973	-0.01936
667.34100	-0.02039
665.41227	-0.01816
663.48354	-0.01754
661.55481	-0.01897
659.62608	-0.02021
657.69735	-0.02074
655.76861	-0.02066
653.83988	-0.01993
651.91115	-0.01873
649.98242	-0.01753
648.05369	-0.01670
646.12496	-0.01626
644.19623	-0.01593
642.26750	-0.01561
640.33876	-0.01563
638.41003	-0.01580
636.48130	-0.01541
634.55257	-0.01447
632.62384	-0.01376
630.69511	-0.01411
628.76638	-0.01596
626.83765	-0.01769
624.90892	-0.01905
622.98018	-0.01996
621.05145	-0.02080
619.12272	-0.02121
617.19399	-0.02017
615.26526	-0.01708
613.33653	-0.01289
611.40780	-0.00955
609.47907	-0.00750
607.55033	-0.00591
605.62160	-0.00473
603.69287	-0.00404
601.76414	-0.00347
599.83541	-0.00274
597.90668	-0.00205
595.97795	-0.00164
594.04922	-0.00143
592.12048	-0.00131
590.19175	-0.00148
588.26302	-0.00211
586.33429	-0.00259
584.40556	-0.00240
582.47683	-0.00213
580.54810	-0.00233
578.61937	-0.00280
576.69063	-0.00368
574.76190	-0.00480
572.83317	-0.00493
570.90444	-0.00431
568.97571	-0.00641
567.04698	-0.00964
565.11825	-0.01241
563.18952	-0.01430
561.26078	-0.01619
559.33205	-0.01852
557.40332	-0.02051
555.47459	-0.02216
553.54586	-0.02416
551.61713	-0.02614
549.68840	-0.02737
547.75967	-0.02797
545.83094	-0.02860
543.90220	-0.02930
541.97347	-0.02980
540.04474	-0.03081
538.11601	-0.03279
536.18728	-0.03490
534.25855	-0.03676
532.32982	-0.03866
530.40109	-0.04059
528.47235	-0.04297
526.54362	-0.04606
524.61489	-0.04893
522.68616	-0.05135
520.75743	-0.05389
518.82870	-0.05609
516.89997	-0.05727
514.97124	-0.05808
513.04250	-0.05938
511.11377	-0.06041
509.18504	-0.06054
507.25631	-0.06023
505.32758	-0.05966
503.39885	-0.05824
501.47012	-0.05517
499.54139	-0.05112
497.61265	-0.04705
495.68392	-0.04284
493.75519	-0.03849
491.82646	-0.03405
489.89773	-0.02945
487.96900	-0.02469
486.04027	-0.01957
484.11154	-0.01420
482.18280	-0.00968
480.25407	-0.00641
478.32534	-0.00317
476.39661	0.00019
474.46788	0.00245
472.53915	0.00387
470.61042	0.00561
468.68169	0.00713
466.75296	0.00710
464.82422	0.00525
462.89549	0.00253
460.96676	0.00061
459.03803	0.00087
457.10930	0.00162
455.18057	0.00314
453.25184	0.00590
451.32311	0.00916
449.39437	0.01217
447.46564	0.01508
445.53691	0.01637
443.60818	0.01402
441.67945	0.01028
439.75072	0.00869
437.82199	0.00977
435.89326	0.01283
433.96452	0.01565
432.03579	0.01503
430.10706	0.01154
428.17833	0.00848
426.24960	0.00763
424.32087	0.00865
422.39214	0.00945
420.46341	0.00783
418.53467	0.00695
416.60594	0.01149
414.67721	0.01585
412.74848	0.01389
410.81975	0.01059
408.89102	0.01637
406.96229	0.02659
405.03356	0.03325
403.10482	0.03741
401.17609	0.03329
399.24736	0.02205
397.31863	0.02137
395.38990	0.03535
393.46117	0.04151
391.53244	0.03320
389.60371	0.02656
387.67498	0.03281
385.74624	0.04391
383.81751	0.04597
381.88878	0.04052
379.96005	0.03797
378.03132	0.03872
376.10259	0.03264
374.17386	0.01663
372.24513	0.00614
370.31639	0.00456
368.38766	0.00121
