7496.97825	0.00333
7495.04952	0.00268
7493.12079	0.00118
7491.19206	-0.00151
7489.26333	-0.00336
7487.33459	-0.00136
7485.40586	0.00293
7483.47713	0.00353
7481.54840	-0.00117
7479.61967	-0.00669
7477.69094	-0.00938
7475.76221	-0.00737
7473.83348	-0.00247
7471.90474	0.00011
7469.97601	0.00011
7468.04728	0.00113
7466.11855	0.00394
7464.18982	0.00714
7462.26109	0.00892
7460.33236	0.00706
7458.40363	0.00258
7456.47489	0.00045
7454.54616	0.00289
7452.61743	0.00640
7450.68870	0.00621
7448.75997	0.00266
7446.83124	0.00072
7444.90251	0.00203
7442.97378	0.00501
7441.04504	0.00783
7439.11631	0.00810
7437.18758	0.00617
7435.25885	0.00408
7433.33012	0.00218
7431.40139	0.00239
7429.47266	0.00599
7427.54393	0.00923
7425.61520	0.00937
7423.68646	0.00750
7421.75773	0.00366
7419.82900	-0.00109
7417.90027	-0.00243
7415.97154	0.00132
7414.04281	0.00733
7412.11408	0.01171
7410.18535	0.01218
7408.25661	0.00913
7406.32788	0.00481
7404.39915	0.00204
7402.47042	0.00120
7400.54169	0.00011
7398.61296	-0.00094
7396.68423	-0.00065
7394.75550	-0.00040
7392.82676	-0.00055
7390.89803	0.00078
7388.96930	0.00360
7387.04057	0.00522
7385.11184	0.00378
7383.18311	0.00071
7381.25438	-0.00087
7379.32565	-0.00030
7377.39691	-0.00031
7375.46818	-0.00279
7373.53945	-0.00514
7371.61072	-0.00366
7369.68199	-0.00004
7367.75326	0.00180
7365.82453	0.00332
7363.89580	0.00683
7361.96706	0.00934
7360.03833	0.00712
7358.10960	0.00177
7356.18087	-0.00161
7354.25214	-0.00115
7352.32341	0.00114
7350.39468	0.00354
7348.46595	0.00535
7346.53722	0.00617
7344.60848	0.00587
7342.67975	0.00523
7340.75102	0.00510
7338.82229	0.00447
7336.89356	0.00342
7334.96483	0.00467
7333.03610	0.00746
7331.10737	0.00680
7329.17863	0.00251
7327.24990	0.00053
7325.32117	0.00197
7323.39244	0.00247
7321.46371	0.00202
7319.53498	0.00250
7317.60625	0.00185
7315.67752	-0.00025
7313.74878	-0.00019
7311.82005	0.00328
7309.89132	0.00681
7307.96259	0.00703
7306.03386	0.00514
7304.10513	0.00468
7302.17640	0.00585
7300.24767	0.00625
7298.31893	0.00437
7296.39020	0.00119
7294.46147	-0.00016
7292.53274	0.00150
7290.60401	0.00358
7288.67528	0.00397
7286.74655	0.00343
7284.81782	0.00309
7282.88908	0.00290
7280.96035	0.00315
7279.03162	0.00436
7277.10289	0.00467
7275.17416	0.00287
7273.24543	0.00199
7271.31670	0.00371
7269.38797	0.00530
7267.45924	0.00538
7265.53050	0.00523
7263.60177	0.00511
7261.67304	0.00501
7259.74431	0.00603
7257.81558	0.00792
7255.88685	0.00847
7253.95812	0.00597
7252.02939	0.00147
7250.10065	-0.00121
7248.17192	-0.00063
7246.24319	0.00094
7244.31446	0.00270
7242.38573	0.00584
7240.45700	0.00919
7238.52827	0.01020
7236.59954	0.00904
7234.67080	0.00759
7232.74207	0.00573
7230.81334	0.00363
7228.88461	0.00371
7226.95588	0.00536
7225.02715	0.00614
7223.09842	0.00657
7221.16969	0.00772
7219.24095	0.00894
7217.31222	0.00950
7215.38349	0.00891
7213.45476	0.00775
7211.52603	0.00804
7209.59730	0.00979
7207.66857	0.01119
7205.73984	0.01199
7203.81110	0.01303
7201.88237	0.01449
7199.95364	0.01641
7198.02491	0.01783
7196.09618	0.01598
7194.16745	0.01039
7192.23872	0.00586
7190.30999	0.00638
7188.38126	0.01018
7186.45252	0.01387
7184.52379	0.01547
7182.59506	0.01298
7180.66633	0.00705
7178.73760	0.00307
7176.80887	0.00466
7174.88014	0.00917
7172.95141	0.01178
7171.02267	0.01167
7169.09394	0.01097
7167.16521	0.00978
7165.23648	0.00775
7163.30775	0.00605
7161.37902	0.00566
7159.45029	0.00664
7157.52156	0.00793
7155.59282	0.00852
7153.66409	0.00887
7151.73536	0.00879
7149.80663	0.00811
7147.87790	0.00800
7145.94917	0.00820
7144.02044	0.00760
7142.09171	0.00661
7140.16297	0.00651
7138.23424	0.00810
7136.30551	0.01037
7134.37678	0.01176
7132.44805	0.01229
7130.51932	0.01223
7128.59059	0.01140
7126.66186	0.01056
7124.73312	0.01094
7122.80439	0.01210
7120.87566	0.01211
7118.94693	0.00992
7117.01820	0.00697
7115.08947	0.00561
7113.16074	0.00589
7111.23201	0.00618
7109.30328	0.00581
7107.37454	0.00534
7105.44581	0.00507
7103.51708	0.00563
7101.58835	0.00776
7099.65962	0.00922
7097.73089	0.00745
7095.80216	0.00427
7093.87343	0.00357
7091.94469	0.00618
7090.01596	0.00934
7088.08723	0.01052
7086.15850	0.00955
7084.22977	0.00808
7082.30104	0.00853
7080.37231	0.01077
7078.44358	0.01178
7076.51484	0.01041
7074.58611	0.00866
7072.65738	0.00814
7070.72865	0.00852
7068.79992	0.00918
7066.87119	0.00986
7064.94246	0.01008
7063.01373	0.00954
7061.08499	0.00893
7059.15626	0.00976
7057.22753	0.01237
7055.29880	0.01483
7053.37007	0.01552
7051.44134	0.01483
7049.51261	0.01358
7047.58388	0.01265
7045.65514	0.01235
7043.72641	0.01139
7041.79768	0.01002
7039.86895	0.01038
7037.94022	0.01188
7036.01149	0.01200
7034.08276	0.01105
7032.15403	0.01066
7030.22530	0.01036
7028.29656	0.00934
7026.36783	0.00841
7024.43910	0.00838
7022.51037	0.00945
7020.58164	0.01073
7018.65291	0.01060
7016.72418	0.00975
7014.79545	0.00993
7012.86671	0.00968
7010.93798	0.00839
7009.00925	0.00869
7007.08052	0.00996
7005.15179	0.00958
7003.22306	0.00833
7001.29433	0.00838
6999.36560	0.01021
6997.43686	0.01219
6995.50813	0.01257
6993.57940	0.01133
6991.65067	0.01008
6989.72194	0.01047
6987.79321	0.01175
6985.86448	0.01210
6983.93575	0.01131
6982.00701	0.01006
6980.07828	0.00956
6978.14955	0.01107
6976.22082	0.01325
6974.29209	0.01366
6972.36336	0.01228
6970.43463	0.01068
6968.50590	0.01018
6966.57716	0.01086
6964.64843	0.01143
6962.71970	0.01062
6960.79097	0.00852
6958.86224	0.00683
6956.93351	0.00667
6955.00478	0.00743
6953.07605	0.00810
6951.14732	0.00748
6949.21858	0.00587
6947.28985	0.00528
6945.36112	0.00618
6943.43239	0.00775
6941.50366	0.00991
6939.57493	0.01150
6937.64620	0.01109
6935.71747	0.00976
6933.78873	0.00880
6931.86000	0.00790
6929.93127	0.00679
6928.00254	0.00641
6926.07381	0.00773
6924.14508	0.00917
6922.21635	0.00933
6920.28762	0.00938
6918.35888	0.00958
6916.43015	0.00924
6914.50142	0.00882
6912.57269	0.00884
6910.64396	0.00908
6908.71523	0.00962
6906.78650	0.01049
6904.85777	0.01069
6902.92903	0.00980
6901.00030	0.00889
6899.07157	0.00842
6897.14284	0.00787
6895.21411	0.00737
6893.28538	0.00809
6891.35665	0.01046
6889.42792	0.01199
6887.49918	0.01050
6885.57045	0.00830
6883.64172	0.00860
6881.71299	0.01067
6879.78426	0.01191
6877.85553	0.01164
6875.92680	0.01074
6873.99807	0.01000
6872.06934	0.01008
6870.14060	0.01063
6868.21187	0.01113
6866.28314	0.01191
6864.35441	0.01266
6862.42568	0.01289
6860.49695	0.01288
6858.56822	0.01261
6856.63949	0.01112
6854.71075	0.00840
6852.78202	0.00719
6850.85329	0.00880
6848.92456	0.01042
6846.99583	0.01104
6845.06710	0.01099
6843.13837	0.01100
6841.20964	0.01089
6839.28090	0.01046
6837.35217	0.01033
6835.42344	0.01115
6833.49471	0.01123
6831.56598	0.00884
6829.63725	0.00700
6827.70852	0.00896
6825.77979	0.01170
6823.85105	0.01203
6821.92232	0.01188
6819.99359	0.01220
6818.06486	0.01205
6816.13613	0.01180
6814.20740	0.01094
6812.27867	0.00939
6810.34994	0.00919
6808.42120	0.00964
6806.49247	0.00821
6804.56374	0.00657
6802.63501	0.00723
6800.70628	0.00841
6798.77755	0.00863
6796.84882	0.00870
6794.92009	0.00854
6792.99136	0.00857
6791.06262	0.00929
6789.13389	0.00892
6787.20516	0.00738
6785.27643	0.00711
6783.34770	0.00795
6781.41897	0.00811
6779.49024	0.00790
6777.56151	0.00806
6775.63277	0.00832
6773.70404	0.00899
6771.77531	0.01033
6769.84658	0.01116
6767.91785	0.01052
6765.98912	0.00923
6764.06039	0.00804
6762.13166	0.00742
6760.20292	0.00783
6758.27419	0.00821
6756.34546	0.00737
6754.41673	0.00675
6752.48800	0.00786
6750.55927	0.00916
6748.63054	0.00887
6746.70181	0.00800
6744.77307	0.00829
6742.84434	0.00934
6740.91561	0.00931
6738.98688	0.00830
6737.05815	0.00806
6735.12942	0.00899
6733.20069	0.01001
6731.27196	0.01003
6729.34322	0.00899
6727.41449	0.00737
6725.48576	0.00656
6723.55703	0.00806
6721.62830	0.01006
6719.69957	0.00985
6717.77084	0.00818
6715.84211	0.00719
6713.91338	0.00735
6711.98464	0.00763
6710.05591	0.00733
6708.12718	0.00716
6706.19845	0.00804
6704.26972	0.00941
6702.34099	0.01030
6700.41226	0.01058
6698.48353	0.01017
6696.55479	0.00923
6694.62606	0.00850
6692.69733	0.00823
6690.76860	0.00820
6688.83987	0.00885
6686.91114	0.01003
6684.98241	0.00935
6683.05368	0.00652
6681.12494	0.00503
6679.19621	0.00625
6677.26748	0.00791
6675.33875	0.00823
6673.41002	0.00816
6671.48129	0.00894
6669.55256	0.00967
6667.62383	0.00951
6665.69509	0.00901
6663.76636	0.00903
6661.83763	0.00984
6659.90890	0.01055
6657.98017	0.01076
6656.05144	0.01100
6654.12271	0.01061
6652.19398	0.00905
6650.26524	0.00721
6648.33651	0.00584
6646.40778	0.00511
6644.47905	0.00492
6642.55032	0.00523
6640.62159	0.00624
6638.69286	0.00700
6636.76413	0.00712
6634.83540	0.00764
6632.90666	0.00827
6630.97793	0.00914
6629.04920	0.01095
6627.12047	0.01180
6625.19174	0.01084
6623.26301	0.01016
6621.33428	0.01026
6619.40555	0.01014
6617.47681	0.00939
6615.54808	0.00795
6613.61935	0.00682
6611.69062	0.00703
6609.76189	0.00826
6607.83316	0.00914
6605.90443	0.00908
6603.97570	0.00924
6602.04696	0.00949
6600.11823	0.00874
6598.18950	0.00811
6596.26077	0.00832
6594.33204	0.00853
6592.40331	0.00890
6590.47458	0.00964
6588.54585	0.00897
6586.61711	0.00619
6584.68838	0.00431
6582.75965	0.00501
6580.83092	0.00696
6578.90219	0.00901
6576.97346	0.01009
6575.04473	0.00978
6573.11600	0.00883
6571.18726	0.00817
6569.25853	0.00839
6567.32980	0.00879
6565.40107	0.00859
6563.47234	0.00845
6561.54361	0.00864
6559.61488	0.00829
6557.68615	0.00749
6555.75742	0.00757
6553.82868	0.00902
6551.89995	0.01000
6549.97122	0.00899
6548.04249	0.00809
6546.11376	0.00844
6544.18503	0.00828
6542.25630	0.00801
6540.32757	0.00871
6538.39883	0.00898
6536.47010	0.00808
6534.54137	0.00775
6532.61264	0.00827
6530.68391	0.00781
6528.75518	0.00738
6526.82645	0.00887
6524.89772	0.01055
6522.96898	0.01056
6521.04025	0.00938
6519.11152	0.00770
6517.18279	0.00641
6515.25406	0.00636
6513.32533	0.00673
6511.39660	0.00678
6509.46787	0.00713
6507.53913	0.00799
6505.61040	0.00912
6503.68167	0.00994
6501.75294	0.00981
6499.82421	0.00923
6497.89548	0.00890
6495.96675	0.00867
6494.03802	0.00823
6492.10928	0.00764
6490.18055	0.00739
6488.25182	0.00804
6486.32309	0.00930
6484.39436	0.00998
6482.46563	0.00947
6480.53690	0.00865
6478.60817	0.00833
6476.67944	0.00795
6474.75070	0.00764
6472.82197	0.00846
6470.89324	0.00920
6468.96451	0.00840
6467.03578	0.00772
6465.10705	0.00802
6463.17832	0.00805
6461.24959	0.00812
6459.32085	0.00898
6457.39212	0.00942
6455.46339	0.00861
6453.53466	0.00779
6451.60593	0.00743
6449.67720	0.00670
6447.74847	0.00616
6445.81974	0.00682
6443.89100	0.00782
6441.96227	0.00780
6440.03354	0.00700
6438.10481	0.00679
6436.17608	0.00725
6434.24735	0.00726
6432.31862	0.00662
6430.38989	0.00566
6428.46115	0.00501
6426.53242	0.00568
6424.60369	0.00694
6422.67496	0.00731
6420.74623	0.00682
6418.81750	0.00618
6416.88877	0.00600
6414.96004	0.00624
6413.03130	0.00691
6411.10257	0.00822
6409.17384	0.00907
6407.24511	0.00862
6405.31638	0.00799
6403.38765	0.00849
6401.45892	0.00945
6399.53019	0.00961
6397.60146	0.00909
6395.67272	0.00851
6393.74399	0.00810
6391.81526	0.00780
6389.88653	0.00793
6387.95780	0.00845
6386.02907	0.00789
6384.10034	0.00631
6382.17161	0.00595
6380.24287	0.00692
6378.31414	0.00765
6376.38541	0.00796
6374.45668	0.00793
6372.52795	0.00788
6370.59922	0.00874
6368.67049	0.00972
6366.74176	0.00940
6364.81302	0.00844
6362.88429	0.00814
6360.95556	0.00836
6359.02683	0.00803
6357.09810	0.00715
6355.16937	0.00688
6353.24064	0.00759
6351.31191	0.00850
6349.38317	0.00873
6347.45444	0.00859
6345.52571	0.00868
6343.59698	0.00810
6341.66825	0.00695
6339.73952	0.00714
6337.81079	0.00822
6335.88206	0.00819
6333.95332	0.00735
6332.02459	0.00696
6330.09586	0.00750
6328.16713	0.00858
6326.23840	0.00864
6324.30967	0.00779
6322.38094	0.00838
6320.45221	0.00983
6318.52348	0.00965
6316.59474	0.00822
6314.66601	0.00720
6312.73728	0.00725
6310.80855	0.00831
6308.87982	0.00967
6306.95109	0.01013
6305.02236	0.00953
6303.09363	0.00912
6301.16489	0.00941
6299.23616	0.00980
6297.30743	0.00985
6295.37870	0.00965
6293.44997	0.00969
6291.52124	0.00975
6289.59251	0.00906
6287.66378	0.00794
6285.73504	0.00724
6283.80631	0.00721
6281.87758	0.00790
6279.94885	0.00833
6278.02012	0.00773
6276.09139	0.00750
6274.16266	0.00831
6272.23393	0.00887
6270.30519	0.00910
6268.37646	0.00949
6266.44773	0.00951
6264.51900	0.00941
6262.59027	0.00969
6260.66154	0.00984
6258.73281	0.00975
6256.80408	0.00951
6254.87534	0.00905
6252.94661	0.00868
6251.01788	0.00829
6249.08915	0.00774
6247.16042	0.00724
6245.23169	0.00689
6243.30296	0.00708
6241.37423	0.00812
6239.44550	0.00913
6237.51676	0.00918
6235.58803	0.00870
6233.65930	0.00842
6231.73057	0.00854
6229.80184	0.00896
6227.87311	0.00912
6225.94438	0.00876
6224.01565	0.00848
6222.08691	0.00863
6220.15818	0.00853
6218.22945	0.00807
6216.30072	0.00825
6214.37199	0.00900
6212.44326	0.00890
6210.51453	0.00803
6208.58580	0.00822
6206.65706	0.00976
6204.72833	0.01102
6202.79960	0.01101
6200.87087	0.01006
6198.94214	0.00945
6197.01341	0.01016
6195.08468	0.01115
6193.15595	0.01099
6191.22721	0.01032
6189.29848	0.00997
6187.36975	0.00912
6185.44102	0.00781
6183.51229	0.00757
6181.58356	0.00849
6179.65483	0.00917
6177.72610	0.00914
6175.79736	0.00898
6173.86863	0.00922
6171.93990	0.00982
6170.01117	0.01007
6168.08244	0.00966
6166.15371	0.00924
6164.22498	0.00909
6162.29625	0.00877
6160.36752	0.00850
6158.43878	0.00871
6156.51005	0.00933
6154.58132	0.00963
6152.65259	0.00906
6150.72386	0.00862
6148.79513	0.00862
6146.86640	0.00801
6144.93767	0.00722
6143.00893	0.00789
6141.08020	0.00982
6139.15147	0.01115
6137.22274	0.01096
6135.29401	0.00953
6133.36528	0.00825
6131.43655	0.00829
6129.50782	0.00871
6127.57908	0.00829
6125.65035	0.00745
6123.72162	0.00723
6121.79289	0.00783
6119.86416	0.00860
6117.93543	0.00882
6116.00670	0.00863
6114.07797	0.00872
6112.14923	0.00888
6110.22050	0.00861
6108.29177	0.00838
6106.36304	0.00845
6104.43431	0.00860
6102.50558	0.00918
6100.57685	0.00987
6098.64812	0.00914
6096.71938	0.00738
6094.79065	0.00666
6092.86192	0.00708
6090.93319	0.00746
6089.00446	0.00752
6087.07573	0.00734
6085.14700	0.00717
6083.21827	0.00761
6081.28954	0.00843
6079.36080	0.00869
6077.43207	0.00828
6075.50334	0.00813
6073.57461	0.00875
6071.64588	0.00939
6069.71715	0.00937
6067.78842	0.00889
6065.85969	0.00808
6063.93095	0.00743
6062.00222	0.00749
6060.07349	0.00792
6058.14476	0.00863
6056.21603	0.00964
6054.28730	0.01015
6052.35857	0.00989
6050.42984	0.00932
6048.50110	0.00897
6046.57237	0.00908
6044.64364	0.00915
6042.71491	0.00891
6040.78618	0.00871
6038.85745	0.00854
6036.92872	0.00848
6034.99999	0.00864
6033.07125	0.00882
6031.14252	0.00881
6029.21379	0.00876
6027.28506	0.00884
6025.35633	0.00887
6023.42760	0.00906
6021.49887	0.00944
6019.57014	0.00927
6017.64140	0.00882
6015.71267	0.00881
6013.78394	0.00878
6011.85521	0.00844
6009.92648	0.00829
6007.99775	0.00847
6006.06902	0.00851
6004.14029	0.00837
6002.21156	0.00874
6000.28282	0.00931
5998.35409	0.00914
5996.42536	0.00882
5994.49663	0.00918
5992.56790	0.00977
5990.63917	0.01001
5988.71044	0.00976
5986.78171	0.00920
5984.85297	0.00905
5982.92424	0.00958
5980.99551	0.00996
5979.06678	0.00972
5977.13805	0.00924
5975.20932	0.00856
5973.28059	0.00776
5971.35186	0.00771
5969.42312	0.00840
5967.49439	0.00899
5965.56566	0.00943
5963.63693	0.00952
5961.70820	0.00913
5959.77947	0.00885
5957.85074	0.00891
5955.92201	0.00928
5953.99327	0.00972
5952.06454	0.00971
5950.13581	0.00925
5948.20708	0.00879
5946.27835	0.00887
5944.34962	0.00953
5942.42089	0.01006
5940.49216	0.00982
5938.56342	0.00889
5936.63469	0.00852
5934.70596	0.00926
5932.77723	0.01008
5930.84850	0.01038
5928.91977	0.00991
5926.99104	0.00875
5925.06231	0.00790
5923.13358	0.00779
5921.20484	0.00799
5919.27611	0.00825
5917.34738	0.00863
5915.41865	0.00913
5913.48992	0.00955
5911.56119	0.00967
5909.63246	0.00925
5907.70373	0.00851
5905.77499	0.00832
5903.84626	0.00896
5901.91753	0.00989
5899.98880	0.01037
5898.06007	0.00984
5896.13134	0.00872
5894.20261	0.00829
5892.27388	0.00883
5890.34514	0.00961
5888.41641	0.01006
5886.48768	0.01003
5884.55895	0.00985
5882.63022	0.01013
5880.70149	0.01061
5878.77276	0.01039
5876.84403	0.00990
5874.91529	0.01011
5872.98656	0.01043
5871.05783	0.01019
5869.12910	0.00994
5867.20037	0.01002
5865.27164	0.00968
5863.34291	0.00897
5861.41418	0.00900
5859.48544	0.00961
5857.55671	0.00976
5855.62798	0.00965
5853.69925	0.00960
5851.77052	0.00902
5849.84179	0.00815
5847.91306	0.00813
5845.98433	0.00897
5844.05560	0.00956
5842.12686	0.00942
5840.19813	0.00925
5838.26940	0.00937
5836.34067	0.00920
5834.41194	0.00872
5832.48321	0.00829
5830.55448	0.00808
5828.62575	0.00803
5826.69701	0.00813
5824.76828	0.00850
5822.83955	0.00878
5820.91082	0.00862
5818.98209	0.00800
5817.05336	0.00740
5815.12463	0.00765
5813.19590	0.00847
5811.26716	0.00884
5809.33843	0.00865
5807.40970	0.00840
5805.48097	0.00825
5803.55224	0.00808
5801.62351	0.00782
5799.69478	0.00740
5797.76605	0.00713
5795.83731	0.00729
5793.90858	0.00758
5791.97985	0.00783
5790.05112	0.00808
5788.12239	0.00812
5786.19366	0.00809
5784.26493	0.00813
5782.33620	0.00810
5780.40746	0.00818
5778.47873	0.00831
5776.55000	0.00796
5774.62127	0.00734
5772.69254	0.00725
5770.76381	0.00804
5768.83508	0.00895
5766.90635	0.00910
5764.97762	0.00863
5763.04888	0.00801
5761.12015	0.00745
5759.19142	0.00712
5757.26269	0.00690
5755.33396	0.00669
5753.40523	0.00661
5751.47650	0.00661
5749.54777	0.00674
5747.61903	0.00729
5745.69030	0.00827
5743.76157	0.00915
5741.83284	0.00922
5739.90411	0.00848
5737.97538	0.00778
5736.04665	0.00772
5734.11792	0.00795
5732.18918	0.00767
5730.26045	0.00725
5728.33172	0.00769
5726.40299	0.00837
5724.47426	0.00806
5722.54553	0.00738
5720.61680	0.00737
5718.68807	0.00775
5716.75933	0.00795
5714.83060	0.00800
5712.90187	0.00812
5710.97314	0.00819
5709.04441	0.00798
5707.11568	0.00778
5705.18695	0.00791
5703.25822	0.00824
5701.32948	0.00852
5699.40075	0.00852
5697.47202	0.00798
5695.54329	0.00716
5693.61456	0.00711
5691.68583	0.00809
5689.75710	0.00908
5687.82837	0.00949
5685.89964	0.00935
5683.97090	0.00868
5682.04217	0.00771
5680.11344	0.00694
5678.18471	0.00671
5676.25598	0.00716
5674.32725	0.00790
5672.39852	0.00810
5670.46979	0.00784
5668.54105	0.00770
5666.61232	0.00738
5664.68359	0.00685
5662.75486	0.00689
5660.82613	0.00741
5658.89740	0.00768
5656.96867	0.00775
5655.03994	0.00779
5653.11120	0.00755
5651.18247	0.00740
5649.25374	0.00771
5647.32501	0.00815
5645.39628	0.00829
5643.46755	0.00808
5641.53882	0.00795
5639.61009	0.00812
5637.68135	0.00819
5635.75262	0.00806
5633.82389	0.00809
5631.89516	0.00828
5629.96643	0.00829
5628.03770	0.00800
5626.10897	0.00786
5624.18024	0.00809
5622.25150	0.00830
5620.32277	0.00831
5618.39404	0.00836
5616.46531	0.00858
5614.53658	0.00876
5612.60785	0.00860
5610.67912	0.00811
5608.75039	0.00789
5606.82166	0.00828
5604.89292	0.00866
5602.96419	0.00864
5601.03546	0.00836
5599.10673	0.00784
5597.17800	0.00780
5595.24927	0.00792
5593.32054	0.00797
5591.39181	0.00830
5589.46307	0.00909
5587.53434	0.00960
5585.60561	0.00924
5583.67688	0.00881
5581.74815	0.00897
5579.81942	0.00928
5577.89069	0.00935
5575.96196	0.00933
5574.03322	0.00925
5572.10449	0.00900
5570.17576	0.00861
5568.24703	0.00820
5566.31830	0.00805
5564.38957	0.00817
5562.46084	0.00817
5560.53211	0.00801
5558.60337	0.00793
5556.67464	0.00804
5554.74591	0.00830
5552.81718	0.00857
5550.88845	0.00871
5548.95972	0.00865
5547.03099	0.00857
5545.10226	0.00855
5543.17352	0.00840
5541.24479	0.00817
5539.31606	0.00795
5537.38733	0.00776
5535.45860	0.00787
5533.52987	0.00827
5531.60114	0.00840
5529.67241	0.00827
5527.74368	0.00840
5525.81494	0.00850
5523.88621	0.00808
5521.95748	0.00760
5520.02875	0.00768
5518.10002	0.00796
5516.17129	0.00799
5514.24256	0.00813
5512.31383	0.00863
5510.38509	0.00893
5508.45636	0.00844
5506.52763	0.00766
5504.59890	0.00749
5502.67017	0.00779
5500.74144	0.00808
5498.81271	0.00832
5496.88398	0.00837
5494.95524	0.00780
5493.02651	0.00673
5491.09778	0.00613
5489.16905	0.00640
5487.24032	0.00692
5485.31159	0.00750
5483.38286	0.00817
5481.45413	0.00865
5479.52539	0.00859
5477.59666	0.00757
5475.66793	0.00599
5473.73920	0.00570
5471.81047	0.00717
5469.88174	0.00824
5467.95301	0.00782
5466.02428	0.00683
5464.09554	0.00600
5462.16681	0.00529
5460.23808	0.00493
5458.30935	0.00546
5456.38062	0.00660
5454.45189	0.00757
5452.52316	0.00784
5450.59443	0.00712
5448.66570	0.00570
5446.73696	0.00444
5444.80823	0.00395
5442.87950	0.00397
5440.95077	0.00414
5439.02204	0.00483
5437.09331	0.00562
5435.16458	0.00572
5433.23585	0.00558
5431.30711	0.00538
5429.37838	0.00472
5427.44965	0.00454
5425.52092	0.00566
5423.59219	0.00709
5421.66346	0.00797
5419.73473	0.00836
5417.80600	0.00804
5415.87726	0.00628
5413.94853	0.00377
5412.01980	0.00241
5410.09107	0.00285
5408.16234	0.00416
5406.23361	0.00552
5404.30488	0.00655
5402.37615	0.00727
5400.44741	0.00752
5398.51868	0.00686
5396.58995	0.00541
5394.66122	0.00426
5392.73249	0.00447
5390.80376	0.00578
5388.87503	0.00685
5386.94630	0.00684
5385.01756	0.00642
5383.08883	0.00662
5381.16010	0.00706
5379.23137	0.00665
5377.30264	0.00546
5375.37391	0.00480
5373.44518	0.00540
5371.51645	0.00650
5369.58772	0.00700
5367.65898	0.00663
5365.73025	0.00588
5363.80152	0.00544
5361.87279	0.00576
5359.94406	0.00651
5358.01533	0.00669
5356.08660	0.00561
5354.15787	0.00396
5352.22913	0.00335
5350.30040	0.00395
5348.37167	0.00409
5346.44294	0.00299
5344.51421	0.00201
5342.58548	0.00246
5340.65675	0.00330
5338.72802	0.00334
5336.79928	0.00340
5334.87055	0.00422
5332.94182	0.00495
5331.01309	0.00489
5329.08436	0.00423
5327.15563	0.00386
5325.22690	0.00449
5323.29817	0.00565
5321.36943	0.00655
5319.44070	0.00698
5317.51197	0.00705
5315.58324	0.00691
5313.65451	0.00677
5311.72578	0.00665
5309.79705	0.00623
5307.86832	0.00556
5305.93958	0.00540
5304.01085	0.00584
5302.08212	0.00602
5300.15339	0.00571
5298.22466	0.00554
5296.29593	0.00589
5294.36720	0.00641
5292.43847	0.00631
5290.50974	0.00568
5288.58100	0.00551
5286.65227	0.00586
5284.72354	0.00580
5282.79481	0.00528
5280.86608	0.00494
5278.93735	0.00507
5277.00862	0.00556
5275.07989	0.00610
5273.15115	0.00626
5271.22242	0.00580
5269.29369	0.00507
5267.36496	0.00461
5265.43623	0.00410
5263.50750	0.00339
5261.57877	0.00333
5259.65004	0.00427
5257.72130	0.00504
5255.79257	0.00460
5253.86384	0.00373
5251.93511	0.00347
5250.00638	0.00324
5248.07765	0.00264
5246.14892	0.00239
5244.22019	0.00286
5242.29145	0.00392
5240.36272	0.00516
5238.43399	0.00576
5236.50526	0.00542
5234.57653	0.00475
5232.64780	0.00426
5230.71907	0.00384
5228.79034	0.00327
5226.86160	0.00253
5224.93287	0.00202
5223.00414	0.00222
5221.07541	0.00270
5219.14668	0.00280
5217.21795	0.00290
5215.28922	0.00351
5213.36049	0.00422
5211.43176	0.00423
5209.50302	0.00319
5207.57429	0.00179
5205.64556	0.00147
5203.71683	0.00251
5201.78810	0.00354
5199.85937	0.00367
5197.93064	0.00322
5196.00191	0.00295
5194.07317	0.00328
5192.14444	0.00365
5190.21571	0.00331
5188.28698	0.00240
5186.35825	0.00161
5184.42952	0.00155
5182.50079	0.00226
5180.57206	0.00315
5178.64332	0.00362
5176.71459	0.00360
5174.78586	0.00337
5172.85713	0.00315
5170.92840	0.00313
5168.99967	0.00349
5167.07094	0.00386
5165.14221	0.00361
5163.21347	0.00298
5161.28474	0.00264
5159.35601	0.00262
5157.42728	0.00272
5155.49855	0.00294
5153.56982	0.00341
5151.64109	0.00391
5149.71236	0.00402
5147.78362	0.00382
5145.85489	0.00363
5143.92616	0.00352
5141.99743	0.00358
5140.06870	0.00379
5138.13997	0.00394
5136.21124	0.00400
5134.28251	0.00420
5132.35378	0.00445
5130.42504	0.00447
5128.49631	0.00443
5126.56758	0.00447
5124.63885	0.00440
5122.71012	0.00431
5120.78139	0.00451
5118.85266	0.00485
5116.92393	0.00490
5114.99519	0.00481
5113.06646	0.00482
5111.13773	0.00476
5109.20900	0.00457
5107.28027	0.00451
5105.35154	0.00474
5103.42281	0.00511
5101.49408	0.00535
5099.56534	0.00527
5097.63661	0.00509
5095.70788	0.00508
5093.77915	0.00516
5091.85042	0.00523
5089.92169	0.00535
5087.99296	0.00547
5086.06423	0.00545
5084.13549	0.00532
5082.20676	0.00525
5080.27803	0.00544
5078.34930	0.00586
5076.42057	0.00610
5074.49184	0.00605
5072.56311	0.00609
5070.63438	0.00619
5068.70564	0.00595
5066.77691	0.00554
5064.84818	0.00531
5062.91945	0.00532
5060.99072	0.00552
5059.06199	0.00577
5057.13326	0.00582
5055.20453	0.00573
5053.27580	0.00566
5051.34706	0.00563
5049.41833	0.00568
5047.48960	0.00581
5045.56087	0.00590
5043.63214	0.00595
5041.70341	0.00600
5039.77468	0.00594
5037.84595	0.00587
5035.91721	0.00593
5033.98848	0.00598
5032.05975	0.00598
5030.13102	0.00609
5028.20229	0.00630
5026.27356	0.00643
5024.34483	0.00645
5022.41610	0.00661
5020.48736	0.00696
5018.55863	0.00714
5016.62990	0.00698
5014.70117	0.00665
5012.77244	0.00644
5010.84371	0.00640
5008.91498	0.00651
5006.98625	0.00678
5005.05751	0.00707
5003.12878	0.00714
5001.20005	0.00704
4999.27132	0.00679
4997.34259	0.00648
4995.41386	0.00596
4993.48513	0.00559
4991.55640	0.00574
4989.62766	0.00612
4987.69893	0.00636
4985.77020	0.00648
4983.84147	0.00658
4981.91274	0.00662
4979.98401	0.00653
4978.05528	0.00647
4976.12655	0.00657
4974.19782	0.00673
4972.26908	0.00689
4970.34035	0.00716
4968.41162	0.00738
4966.48289	0.00720
4964.55416	0.00686
4962.62543	0.00688
4960.69670	0.00711
4958.76797	0.00716
4956.83923	0.00695
4954.91050	0.00671
4952.98177	0.00660
4951.05304	0.00640
4949.12431	0.00621
4947.19558	0.00644
4945.26685	0.00690
4943.33812	0.00700
4941.40938	0.00670
4939.48065	0.00643
4937.55192	0.00651
4935.62319	0.00676
4933.69446	0.00688
4931.76573	0.00687
4929.83700	0.00685
4927.90827	0.00678
4925.97953	0.00670
4924.05080	0.00679
4922.12207	0.00686
4920.19334	0.00666
4918.26461	0.00646
4916.33588	0.00670
4914.40715	0.00715
4912.47842	0.00726
4910.54968	0.00716
4908.62095	0.00730
4906.69222	0.00742
4904.76349	0.00714
4902.83476	0.00673
4900.90603	0.00659
4898.97730	0.00667
4897.04857	0.00681
4895.11984	0.00709
4893.19110	0.00746
4891.26237	0.00758
4889.33364	0.00743
4887.40491	0.00722
4885.47618	0.00713
4883.54745	0.00721
4881.61872	0.00725
4879.68999	0.00716
4877.76125	0.00723
4875.83252	0.00745
4873.90379	0.00743
4871.97506	0.00706
4870.04633	0.00666
4868.11760	0.00657
4866.18887	0.00681
4864.26014	0.00711
4862.33140	0.00719
4860.40267	0.00697
4858.47394	0.00659
4856.54521	0.00626
4854.61648	0.00611
4852.68775	0.00603
4850.75902	0.00599
4848.83029	0.00608
4846.90155	0.00622
4844.97282	0.00622
4843.04409	0.00622
4841.11536	0.00631
4839.18663	0.00637
4837.25790	0.00649
4835.32917	0.00677
4833.40044	0.00684
4831.47170	0.00652
4829.54297	0.00618
4827.61424	0.00615
4825.68551	0.00642
4823.75678	0.00656
4821.82805	0.00642
4819.89932	0.00636
4817.97059	0.00651
4816.04186	0.00657
4814.11312	0.00642
4812.18439	0.00619
4810.25566	0.00607
4808.32693	0.00612
4806.39820	0.00616
4804.46947	0.00603
4802.54074	0.00598
4800.61201	0.00619
4798.68327	0.00636
4796.75454	0.00633
4794.82581	0.00624
4792.89708	0.00625
4790.96835	0.00635
4789.03962	0.00635
4787.11089	0.00608
4785.18216	0.00590
4783.25342	0.00616
4781.32469	0.00648
4779.39596	0.00637
4777.46723	0.00594
4775.53850	0.00557
4773.60977	0.00556
4771.68104	0.00571
4769.75231	0.00577
4767.82357	0.00592
4765.89484	0.00613
4763.96611	0.00613
4762.03738	0.00597
4760.10865	0.00583
4758.17992	0.00562
4756.25119	0.00527
4754.32246	0.00495
4752.39372	0.00496
4750.46499	0.00534
4748.53626	0.00575
4746.60753	0.00588
4744.67880	0.00575
4742.75007	0.00561
4740.82134	0.00557
4738.89261	0.00553
4736.96388	0.00562
4735.03514	0.00582
4733.10641	0.00576
4731.17768	0.00544
4729.24895	0.00521
4727.32022	0.00523
4725.39149	0.00533
4723.46276	0.00528
4721.53403	0.00523
4719.60529	0.00538
4717.67656	0.00539
4715.74783	0.00512
4713.81910	0.00505
4711.89037	0.00524
4709.96164	0.00534
4708.03291	0.00537
4706.10418	0.00539
4704.17544	0.00543
4702.24671	0.00551
4700.31798	0.00550
4698.38925	0.00546
4696.46052	0.00550
4694.53179	0.00552
4692.60306	0.00556
4690.67433	0.00577
4688.74559	0.00609
4686.81686	0.00626
4684.88813	0.00618
4682.95940	0.00605
4681.03067	0.00603
4679.10194	0.00599
4677.17321	0.00584
4675.24448	0.00581
4673.31574	0.00594
4671.38701	0.00620
4669.45828	0.00648
4667.52955	0.00660
4665.60082	0.00654
4663.67209	0.00646
4661.74336	0.00638
4659.81463	0.00621
4657.88590	0.00602
4655.95716	0.00580
4654.02843	0.00556
4652.09970	0.00556
4650.17097	0.00588
4648.24224	0.00626
4646.31351	0.00644
4644.38478	0.00636
4642.45605	0.00620
4640.52731	0.00619
4638.59858	0.00639
4636.66985	0.00665
4634.74112	0.00666
4632.81239	0.00643
4630.88366	0.00631
4628.95493	0.00627
4627.02620	0.00606
4625.09746	0.00589
4623.16873	0.00599
4621.24000	0.00615
4619.31127	0.00610
4617.38254	0.00608
4615.45381	0.00630
4613.52508	0.00646
4611.59635	0.00638
4609.66761	0.00633
4607.73888	0.00647
4605.81015	0.00662
4603.88142	0.00667
4601.95269	0.00672
4600.02396	0.00688
4598.09523	0.00703
4596.16650	0.00692
4594.23776	0.00661
4592.30903	0.00639
4590.38030	0.00632
4588.45157	0.00632
4586.52284	0.00630
4584.59411	0.00622
4582.66538	0.00624
4580.73665	0.00638
4578.80792	0.00655
4576.87918	0.00674
4574.95045	0.00697
4573.02172	0.00704
4571.09299	0.00697
4569.16426	0.00698
4567.23553	0.00691
4565.30680	0.00657
4563.37807	0.00637
4561.44933	0.00651
4559.52060	0.00668
4557.59187	0.00659
4555.66314	0.00638
4553.73441	0.00629
4551.80568	0.00640
4549.87695	0.00663
4547.94822	0.00693
4546.01948	0.00713
4544.09075	0.00704
4542.16202	0.00672
4540.23329	0.00655
4538.30456	0.00665
4536.37583	0.00677
4534.44710	0.00669
4532.51837	0.00646
4530.58963	0.00641
4528.66090	0.00658
4526.73217	0.00666
4524.80344	0.00647
4522.87471	0.00635
4520.94598	0.00654
4519.01725	0.00678
4517.08852	0.00667
4515.15978	0.00634
4513.23105	0.00623
4511.30232	0.00635
4509.37359	0.00641
4507.44486	0.00640
4505.51613	0.00637
4503.58740	0.00633
4501.65867	0.00636
4499.72994	0.00644
4497.80120	0.00639
4495.87247	0.00620
4493.94374	0.00606
4492.01501	0.00597
4490.08628	0.00582
4488.15755	0.00569
4486.22882	0.00581
4484.30009	0.00601
4482.37135	0.00611
4480.44262	0.00612
4478.51389	0.00604
4476.58516	0.00593
4474.65643	0.00579
4472.72770	0.00559
4470.79897	0.00548
4468.87024	0.00557
4466.94150	0.00580
4465.01277	0.00610
4463.08404	0.00634
4461.15531	0.00644
4459.22658	0.00644
4457.29785	0.00642
4455.36912	0.00638
4453.44039	0.00633
4451.51165	0.00638
4449.58292	0.00651
4447.65419	0.00663
4445.72546	0.00668
4443.79673	0.00658
4441.86800	0.00631
4439.93927	0.00625
4438.01054	0.00653
4436.08180	0.00672
4434.15307	0.00663
4432.22434	0.00660
4430.29561	0.00673
4428.36688	0.00675
4426.43815	0.00665
4424.50942	0.00654
4422.58069	0.00639
4420.65196	0.00622
4418.72322	0.00608
4416.79449	0.00605
4414.86576	0.00616
4412.93703	0.00627
4411.00830	0.00637
4409.07957	0.00645
4407.15084	0.00648
4405.22211	0.00643
4403.29337	0.00627
4401.36464	0.00614
4399.43591	0.00615
4397.50718	0.00617
4395.57845	0.00613
4393.64972	0.00607
4391.72099	0.00606
4389.79226	0.00606
4387.86352	0.00611
4385.93479	0.00634
4384.00606	0.00652
4382.07733	0.00645
4380.14860	0.00641
4378.21987	0.00645
4376.29114	0.00627
4374.36241	0.00598
4372.43367	0.00596
4370.50494	0.00615
4368.57621	0.00626
4366.64748	0.00636
4364.71875	0.00651
4362.79002	0.00655
4360.86129	0.00651
4358.93256	0.00645
4357.00382	0.00634
4355.07509	0.00639
4353.14636	0.00669
4351.21763	0.00688
4349.28890	0.00678
4347.36017	0.00682
4345.43144	0.00709
4343.50271	0.00716
4341.57398	0.00694
4339.64524	0.00672
4337.71651	0.00664
4335.78778	0.00668
4333.85905	0.00671
4331.93032	0.00670
4330.00159	0.00681
4328.07286	0.00694
4326.14413	0.00685
4324.21539	0.00656
4322.28666	0.00628
4320.35793	0.00624
4318.42920	0.00642
4316.50047	0.00659
4314.57174	0.00662
4312.64301	0.00651
4310.71428	0.00633
4308.78554	0.00630
4306.85681	0.00643
4304.92808	0.00652
4302.99935	0.00646
4301.07062	0.00634
4299.14189	0.00629
4297.21316	0.00626
4295.28443	0.00620
4293.35569	0.00620
4291.42696	0.00621
4289.49823	0.00617
4287.56950	0.00614
4285.64077	0.00615
4283.71204	0.00621
4281.78331	0.00632
4279.85458	0.00645
4277.92584	0.00651
4275.99711	0.00645
4274.06838	0.00631
4272.13965	0.00618
4270.21092	0.00614
4268.28219	0.00623
4266.35346	0.00633
4264.42473	0.00632
4262.49600	0.00630
4260.56726	0.00622
4258.63853	0.00601
4256.70980	0.00589
4254.78107	0.00597
4252.85234	0.00607
4250.92361	0.00611
4248.99488	0.00614
4247.06615	0.00612
4245.13741	0.00600
4243.20868	0.00592
4241.27995	0.00594
4239.35122	0.00595
4237.42249	0.00584
4235.49376	0.00573
4233.56503	0.00577
4231.63630	0.00583
4229.70756	0.00575
4227.77883	0.00570
4225.85010	0.00577
4223.92137	0.00586
4221.99264	0.00575
4220.06391	0.00537
4218.13518	0.00500
4216.20645	0.00503
4214.27771	0.00539
4212.34898	0.00563
4210.42025	0.00565
4208.49152	0.00566
4206.56279	0.00577
4204.63406	0.00585
4202.70533	0.00584
4200.77660	0.00585
4198.84786	0.00583
4196.91913	0.00569
4194.99040	0.00545
4193.06167	0.00530
4191.13294	0.00534
4189.20421	0.00541
4187.27548	0.00543
4185.34675	0.00538
4183.41802	0.00518
4181.48928	0.00502
4179.56055	0.00521
4177.63182	0.00548
4175.70309	0.00547
4173.77436	0.00541
4171.84563	0.00545
4169.91690	0.00542
4167.98817	0.00524
4166.05943	0.00508
4164.13070	0.00510
4162.20197	0.00519
4160.27324	0.00522
4158.34451	0.00520
4156.41578	0.00511
4154.48705	0.00505
4152.55832	0.00510
4150.62958	0.00505
4148.70085	0.00488
4146.77212	0.00478
4144.84339	0.00470
4142.91466	0.00452
4140.98593	0.00433
4139.05720	0.00427
4137.12847	0.00423
4135.19973	0.00405
4133.27100	0.00389
4131.34227	0.00402
4129.41354	0.00426
4127.48481	0.00429
4125.55608	0.00421
4123.62735	0.00424
4121.69862	0.00432
4119.76988	0.00430
4117.84115	0.00424
4115.91242	0.00426
4113.98369	0.00433
4112.05496	0.00431
4110.12623	0.00415
4108.19750	0.00379
4106.26877	0.00337
4104.34004	0.00344
4102.41130	0.00390
4100.48257	0.00418
4098.55384	0.00418
4096.62511	0.00405
4094.69638	0.00394
4092.76765	0.00390
4090.83892	0.00367
4088.91019	0.00323
4086.98145	0.00312
4085.05272	0.00340
4083.12399	0.00350
4081.19526	0.00321
4079.26653	0.00293
4077.33780	0.00305
4075.40907	0.00337
4073.48034	0.00349
4071.55160	0.00345
4069.62287	0.00344
4067.69414	0.00353
4065.76541	0.00362
4063.83668	0.00357
4061.90795	0.00328
4059.97922	0.00302
4058.05049	0.00306
4056.12175	0.00319
4054.19302	0.00319
4052.26429	0.00316
4050.33556	0.00322
4048.40683	0.00292
4046.47810	0.00187
4044.54937	0.00109
4042.62064	0.00164
4040.69190	0.00261
4038.76317	0.00296
4036.83444	0.00287
4034.90571	0.00266
4032.97698	0.00235
4031.04825	0.00205
4029.11952	0.00179
4027.19079	0.00136
4025.26206	0.00106
4023.33332	0.00125
4021.40459	0.00125
4019.47586	0.00092
4017.54713	0.00106
4015.61840	0.00158
4013.68967	0.00175
4011.76094	0.00125
4009.83221	0.00027
4007.90347	-0.00017
4005.97474	0.00046
4004.04601	0.00127
4002.11728	0.00165
4000.18855	0.00172
3998.25982	0.00111
3996.33109	0.00083
3994.40236	0.00065
3992.47362	0.00050
3990.54489	0.00043
3988.61616	0.00040
3986.68743	0.00044
3984.75870	0.00044
3982.82997	0.00027
3980.90124	0.00009
3978.97251	0.00017
3977.04377	0.00040
3975.11504	0.00042
3973.18631	0.00022
3971.25758	0.00009
3969.32885	0.00006
3967.40012	0.00001
3965.47139	-0.00015
3963.54266	-0.00043
3961.61392	-0.00065
3959.68519	-0.00062
3957.75646	-0.00045
3955.82773	-0.00029
3953.89900	-0.00018
3951.97027	-0.00040
3950.04154	-0.00128
3948.11281	-0.00224
3946.18408	-0.00221
3944.25534	-0.00151
3942.32661	-0.00124
3940.39788	-0.00135
3938.46915	-0.00133
3936.54042	-0.00138
3934.61169	-0.00189
3932.68296	-0.00266
3930.75423	-0.00291
3928.82549	-0.00235
3926.89676	-0.00165
3924.96803	-0.00155
3923.03930	-0.00199
3921.11057	-0.00235
3919.18184	-0.00287
3917.25311	-0.00352
3915.32438	-0.00356
3913.39564	-0.00301
3911.46691	-0.00253
3909.53818	-0.00221
3907.60945	-0.00182
3905.68072	-0.00200
3903.75199	-0.00334
3901.82326	-0.00475
3899.89453	-0.00529
3897.96579	-0.00553
3896.03706	-0.00546
3894.10833	-0.00517
3892.17960	-0.00540
3890.25087	-0.00594
3888.32214	-0.00593
3886.39341	-0.00600
3884.46468	-0.00656
3882.53594	-0.00722
3880.60721	-0.00794
3878.67848	-0.00832
3876.74975	-0.00792
3874.82102	-0.00755
3872.89229	-0.00777
3870.96356	-0.00847
3869.03483	-0.00928
3867.10610	-0.00948
3865.17736	-0.00937
3863.24863	-0.00994
3861.31990	-0.01072
3859.39117	-0.01069
3857.46244	-0.00986
3855.53371	-0.00904
3853.60498	-0.00931
3851.67625	-0.01066
3849.74751	-0.01127
3847.81878	-0.01079
3845.89005	-0.00977
3843.96132	-0.00912
3842.03259	-0.00919
3840.10386	-0.00961
3838.17513	-0.01029
3836.24640	-0.01080
3834.31766	-0.01089
3832.38893	-0.01088
3830.46020	-0.01083
3828.53147	-0.01069
3826.60274	-0.01045
3824.67401	-0.00995
3822.74528	-0.00967
3820.81655	-0.01053
3818.88781	-0.01151
3816.95908	-0.01152
3815.03035	-0.01126
3813.10162	-0.01066
3811.17289	-0.00948
3809.24416	-0.00845
3807.31543	-0.00850
3805.38670	-0.00894
3803.45796	-0.00887
3801.52923	-0.00908
3799.60050	-0.00960
3797.67177	-0.00942
3795.74304	-0.00880
3793.81431	-0.00794
3791.88558	-0.00711
3789.95685	-0.00666
3788.02812	-0.00653
3786.09938	-0.00654
3784.17065	-0.00654
3782.24192	-0.00624
3780.31319	-0.00609
3778.38446	-0.00659
3776.45573	-0.00704
3774.52700	-0.00686
3772.59827	-0.00661
3770.66953	-0.00714
3768.74080	-0.00826
3766.81207	-0.00900
3764.88334	-0.00933
3762.95461	-0.00949
3761.02588	-0.00986
3759.09715	-0.01106
3757.16842	-0.01251
3755.23968	-0.01283
3753.31095	-0.01276
3751.38222	-0.01452
3749.45349	-0.01744
3747.52476	-0.01841
3745.59603	-0.01834
3743.66730	-0.01809
3741.73857	-0.01700
3739.80983	-0.01518
3737.88110	-0.01351
3735.95237	-0.01313
3734.02364	-0.01380
3732.09491	-0.01366
3730.16618	-0.01212
3728.23745	-0.01015
3726.30872	-0.00870
3724.37998	-0.00772
3722.45125	-0.00647
3720.52252	-0.00474
3718.59379	-0.00294
3716.66506	-0.00097
3714.73633	0.00139
3712.80760	0.00349
3710.87887	0.00431
3708.95014	0.00479
3707.02140	0.00653
3705.09267	0.00922
3703.16394	0.01162
3701.23521	0.01290
3699.30648	0.01362
3697.37775	0.01455
3695.44902	0.01583
3693.52029	0.01743
3691.59155	0.01883
3689.66282	0.01889
3687.73409	0.01813
3685.80536	0.01837
3683.87663	0.01962
3681.94790	0.02131
3680.01917	0.02344
3678.09044	0.02582
3676.16170	0.02782
3674.23297	0.02921
3672.30424	0.03067
3670.37551	0.03130
3668.44678	0.03084
3666.51805	0.03121
3664.58932	0.03309
3662.66059	0.03561
3660.73185	0.03786
3658.80312	0.03922
3656.87439	0.03935
3654.94566	0.03931
3653.01693	0.04059
3651.08820	0.04196
3649.15947	0.04080
3647.23074	0.03907
3645.30200	0.03948
3643.37327	0.04113
3641.44454	0.04264
3639.51581	0.04367
3637.58708	0.04440
3635.65835	0.04521
3633.72962	0.04659
3631.80089	0.04838
3629.87216	0.04917
3627.94342	0.04845
3626.01469	0.04828
3624.08596	0.04973
3622.15723	0.05173
3620.22850	0.05271
3618.29977	0.05201
3616.37104	0.05111
3614.44231	0.05108
3612.51357	0.05143
3610.58484	0.05169
3608.65611	0.05192
3606.72738	0.05238
3604.79865	0.05350
3602.86992	0.05480
3600.94119	0.05554
3599.01246	0.05585
3597.08372	0.05618
3595.15499	0.05636
3593.22626	0.05657
3591.29753	0.05742
3589.36880	0.05839
3587.44007	0.05838
3585.51134	0.05808
3583.58261	0.05867
3581.65387	0.05971
3579.72514	0.06058
3577.79641	0.06123
3575.86768	0.06177
3573.93895	0.06241
3572.01022	0.06337
3570.08149	0.06421
3568.15276	0.06398
3566.22402	0.06304
3564.29529	0.06310
3562.36656	0.06432
3560.43783	0.06566
3558.50910	0.06658
3556.58037	0.06723
3554.65164	0.06775
3552.72291	0.06798
3550.79418	0.06794
3548.86544	0.06784
3546.93671	0.06772
3545.00798	0.06790
3543.07925	0.06853
3541.15052	0.06937
3539.22179	0.07016
3537.29306	0.07076
3535.36433	0.07117
3533.43559	0.07155
3531.50686	0.07182
3529.57813	0.07162
3527.64940	0.07103
3525.72067	0.07077
3523.79194	0.07112
3521.86321	0.07163
3519.93448	0.07208
3518.00574	0.07246
3516.07701	0.07276
3514.14828	0.07301
3512.21955	0.07311
3510.29082	0.07302
3508.36209	0.07302
3506.43336	0.07334
3504.50463	0.07361
3502.57589	0.07341
3500.64716	0.07325
3498.71843	0.07364
3496.78970	0.07413
3494.86097	0.07437
3492.93224	0.07452
3491.00351	0.07472
3489.07478	0.07499
3487.14604	0.07534
3485.21731	0.07576
3483.28858	0.07611
3481.35985	0.07625
3479.43112	0.07635
3477.50239	0.07658
3475.57366	0.07674
3473.64493	0.07677
3471.71620	0.07688
3469.78746	0.07707
3467.85873	0.07723
3465.93000	0.07737
3464.00127	0.07751
3462.07254	0.07758
3460.14381	0.07763
3458.21508	0.07771
3456.28635	0.07780
3454.35761	0.07801
3452.42888	0.07830
3450.50015	0.07849
3448.57142	0.07850
3446.64269	0.07829
3444.71396	0.07816
3442.78523	0.07824
3440.85650	0.07834
3438.92776	0.07834
3436.99903	0.07832
3435.07030	0.07828
3433.14157	0.07825
3431.21284	0.07825
3429.28411	0.07816
3427.35538	0.07801
3425.42665	0.07798
3423.49791	0.07798
3421.56918	0.07782
3419.64045	0.07777
3417.71172	0.07813
3415.78299	0.07860
3413.85426	0.07874
3411.92553	0.07849
3409.99680	0.07816
3408.06806	0.07796
3406.13933	0.07791
3404.21060	0.07786
3402.28187	0.07782
3400.35314	0.07766
3398.42441	0.07672
3396.49568	0.07624
3394.56695	0.07612
3392.63822	0.07615
3390.70948	0.07635
3388.78075	0.07651
3386.85202	0.07634
3384.92329	0.07601
3382.99456	0.07585
3381.06583	0.07580
3379.13710	0.07568
3377.20837	0.07555
3375.27963	0.07550
3373.35090	0.07545
3371.42217	0.07513
3369.49344	0.07447
3367.56471	0.07372
3365.63598	0.07325
3363.70725	0.07317
3361.77852	0.07323
3359.84978	0.07314
3357.92105	0.07285
3355.99232	0.07261
3354.06359	0.07254
3352.13486	0.07244
3350.20613	0.07222
3348.27740	0.07193
3346.34867	0.07159
3344.41993	0.07122
3342.49120	0.07071
3340.56247	0.07012
3338.63374	0.06953
3336.70501	0.06895
3334.77628	0.06843
3332.84755	0.06799
3330.91882	0.06756
3328.99008	0.06713
3327.06135	0.06675
3325.13262	0.06642
3323.20389	0.06607
3321.27516	0.06558
3319.34643	0.06500
3317.41770	0.06444
3315.48897	0.06381
3313.56024	0.06306
3311.63150	0.06231
3309.70277	0.06164
3307.77404	0.06114
3305.84531	0.06080
3303.91658	0.06039
3301.98785	0.05971
3300.05912	0.05883
3298.13039	0.05794
3296.20165	0.05711
3294.27292	0.05626
3292.34419	0.05538
3290.41546	0.05461
3288.48673	0.05394
3286.55800	0.05323
3284.62927	0.05243
3282.70054	0.05160
3280.77180	0.05078
3278.84307	0.04983
3276.91434	0.04866
3274.98561	0.04749
3273.05688	0.04663
3271.12815	0.04604
3269.19942	0.04540
3267.27069	0.04453
3265.34195	0.04347
3263.41322	0.04245
3261.48449	0.04151
3259.55576	0.04055
3257.62703	0.03942
3255.69830	0.03815
3253.76957	0.03701
3251.84084	0.03618
3249.91210	0.03533
3247.98337	0.03410
3246.05464	0.03269
3244.12591	0.03159
3242.19718	0.03072
3240.26845	0.02979
3238.33972	0.02884
3236.41099	0.02787
3234.48226	0.02679
3232.55352	0.02563
3230.62479	0.02447
3228.69606	0.02330
3226.76733	0.02221
3224.83860	0.02125
3222.90987	0.02023
3220.98114	0.01903
3219.05241	0.01785
3217.12367	0.01682
3215.19494	0.01584
3213.26621	0.01500
3211.33748	0.01426
3209.40875	0.01343
3207.48002	0.01258
3205.55129	0.01174
3203.62256	0.01090
3201.69382	0.01003
3199.76509	0.00899
3197.83636	0.00790
3195.90763	0.00709
3193.97890	0.00651
3192.05017	0.00589
3190.12144	0.00514
3188.19271	0.00422
3186.26397	0.00319
3184.33524	0.00229
3182.40651	0.00154
3180.47778	0.00064
3178.54905	-0.00039
3176.62032	-0.00114
3174.69159	-0.00166
3172.76286	-0.00223
3170.83412	-0.00287
3168.90539	-0.00357
3166.97666	-0.00429
3165.04793	-0.00496
3163.11920	-0.00557
3161.19047	-0.00616
3159.26174	-0.00672
3157.33301	-0.00726
3155.40428	-0.00785
3153.47554	-0.00853
3151.54681	-0.00925
3149.61808	-0.00992
3147.68935	-0.01040
3145.76062	-0.01076
3143.83189	-0.01117
3141.90316	-0.01169
3139.97443	-0.01227
3138.04569	-0.01287
3136.11696	-0.01351
3134.18823	-0.01420
3132.25950	-0.01473
3130.33077	-0.01497
3128.40204	-0.01512
3126.47331	-0.01538
3124.54458	-0.01575
3122.61584	-0.01613
3120.68711	-0.01632
3118.75838	-0.01627
3116.82965	-0.01610
3114.90092	-0.01578
3112.97219	-0.01518
3111.04346	-0.01435
3109.11473	-0.01342
3107.18599	-0.01254
3105.25726	-0.01175
3103.32853	-0.01104
3101.39980	-0.01023
3099.47107	-0.00906
3097.54234	-0.00768
3095.61361	-0.00631
3093.68488	-0.00486
3091.75614	-0.00339
3089.82741	-0.00208
3087.89868	-0.00084
3085.96995	0.00051
3084.04122	0.00193
3082.11249	0.00321
3080.18376	0.00437
3078.25503	0.00562
3076.32630	0.00701
3074.39756	0.00835
3072.46883	0.00953
3070.54010	0.01045
3068.61137	0.01117
3066.68264	0.01184
3064.75391	0.01274
3062.82518	0.01386
3060.89645	0.01487
3058.96771	0.01553
3057.03898	0.01601
3055.11025	0.01663
3053.18152	0.01729
3051.25279	0.01772
3049.32406	0.01794
3047.39533	0.01820
3045.46660	0.01857
3043.53786	0.01888
3041.60913	0.01908
3039.68040	0.01918
3037.75167	0.01905
3035.82294	0.01867
3033.89421	0.01823
3031.96548	0.01795
3030.03675	0.01792
3028.10801	0.01800
3026.17928	0.01793
3024.25055	0.01774
3022.32182	0.01757
3020.39309	0.01731
3018.46436	0.01691
3016.53563	0.01659
3014.60690	0.01649
3012.67816	0.01656
3010.74943	0.01679
3008.82070	0.01715
3006.89197	0.01753
3004.96324	0.01791
3003.03451	0.01835
3001.10578	0.01887
2999.17705	0.01954
2997.24832	0.02001
2995.31958	0.02036
2993.39085	0.02094
2991.46212	0.02180
2989.53339	0.02264
2987.60466	0.02348
2985.67593	0.02445
2983.74720	0.02540
2981.81847	0.02621
2979.88973	0.02700
2977.96100	0.02789
2976.03227	0.02889
2974.10354	0.02997
2972.17481	0.03115
2970.24608	0.03242
2968.31735	0.03370
2966.38862	0.03490
2964.45988	0.03602
2962.53115	0.03713
2960.60242	0.03820
2958.67369	0.03906
2956.74496	0.03972
2954.81623	0.04026
2952.88750	0.04072
2950.95877	0.04120
2949.03003	0.04180
2947.10130	0.04262
2945.17257	0.04374
2943.24384	0.04508
2941.31511	0.04655
2939.38638	0.04804
2937.45765	0.04951
2935.52892	0.05105
2933.60018	0.05267
2931.67145	0.05431
2929.74272	0.05580
2927.81399	0.05697
2925.88526	0.05774
2923.95653	0.05802
2922.02780	0.05768
2920.09907	0.05675
2918.17034	0.05542
2916.24160	0.05390
2914.31287	0.05241
2912.38414	0.05116
2910.45541	0.05019
2908.52668	0.04940
2906.59795	0.04869
2904.66922	0.04804
2902.74049	0.04742
2900.81175	0.04681
2898.88302	0.04625
2896.95429	0.04576
2895.02556	0.04529
2893.09683	0.04484
2891.16810	0.04437
2889.23937	0.04390
2887.31064	0.04357
2885.38190	0.04340
2883.45317	0.04326
2881.52444	0.04318
2879.59571	0.04324
2877.66698	0.04330
2875.73825	0.04332
2873.80952	0.04344
2871.88079	0.04370
2869.95205	0.04395
2868.02332	0.04412
2866.09459	0.04439
2864.16586	0.04498
2862.23713	0.04587
2860.30840	0.04684
2858.37967	0.04773
2856.45094	0.04836
2854.52220	0.04848
2852.59347	0.04783
2850.66474	0.04644
2848.73601	0.04462
2846.80728	0.04269
2844.87855	0.04090
2842.94982	0.03938
2841.02109	0.03813
2839.09236	0.03713
2837.16362	0.03632
2835.23489	0.03567
2833.30616	0.03515
2831.37743	0.03468
2829.44870	0.03426
2827.51997	0.03394
2825.59124	0.03370
2823.66251	0.03344
2821.73377	0.03310
2819.80504	0.03275
2817.87631	0.03249
2815.94758	0.03224
2814.01885	0.03195
2812.09012	0.03162
2810.16139	0.03129
2808.23266	0.03102
2806.30392	0.03079
2804.37519	0.03053
2802.44646	0.03024
2800.51773	0.02994
2798.58900	0.02969
2796.66027	0.02949
2794.73154	0.02929
2792.80281	0.02904
2790.87407	0.02880
2788.94534	0.02856
2787.01661	0.02837
2785.08788	0.02821
2783.15915	0.02808
2781.23042	0.02795
2779.30169	0.02777
2777.37296	0.02756
2775.44422	0.02736
2773.51549	0.02723
2771.58676	0.02715
2769.65803	0.02708
2767.72930	0.02702
2765.80057	0.02697
2763.87184	0.02695
2761.94311	0.02699
2760.01438	0.02705
2758.08564	0.02702
2756.15691	0.02691
2754.22818	0.02683
2752.29945	0.02681
2750.37072	0.02679
2748.44199	0.02672
2746.51326	0.02659
2744.58453	0.02643
2742.65579	0.02628
2740.72706	0.02612
2738.79833	0.02594
2736.86960	0.02576
2734.94087	0.02560
2733.01214	0.02540
2731.08341	0.02518
2729.15468	0.02501
2727.22594	0.02486
2725.29721	0.02470
2723.36848	0.02453
2721.43975	0.02430
2719.51102	0.02403
2717.58229	0.02379
2715.65356	0.02361
2713.72483	0.02349
2711.79609	0.02334
2709.86736	0.02316
2707.93863	0.02295
2706.00990	0.02270
2704.08117	0.02244
2702.15244	0.02219
2700.22371	0.02194
2698.29498	0.02176
2696.36624	0.02166
2694.43751	0.02151
2692.50878	0.02132
2690.58005	0.02108
2688.65132	0.02081
2686.72259	0.02061
2684.79386	0.02047
2682.86513	0.02023
2680.93640	0.01996
2679.00766	0.01983
2677.07893	0.01971
2675.15020	0.01949
2673.22147	0.01923
2671.29274	0.01897
2669.36401	0.01870
2667.43528	0.01847
2665.50655	0.01825
2663.57781	0.01805
2661.64908	0.01783
2659.72035	0.01757
2657.79162	0.01729
2655.86289	0.01704
2653.93416	0.01681
2652.00543	0.01659
2650.07670	0.01643
2648.14796	0.01630
2646.21923	0.01617
2644.29050	0.01607
2642.36177	0.01598
2640.43304	0.01580
2638.50431	0.01554
2636.57558	0.01528
2634.64685	0.01506
2632.71811	0.01491
2630.78938	0.01475
2628.86065	0.01457
2626.93192	0.01438
2625.00319	0.01416
2623.07446	0.01396
2621.14573	0.01379
2619.21700	0.01361
2617.28826	0.01346
2615.35953	0.01334
2613.43080	0.01315
2611.50207	0.01297
2609.57334	0.01283
2607.64461	0.01267
2605.71588	0.01244
2603.78715	0.01215
2601.85842	0.01189
2599.92968	0.01175
2598.00095	0.01167
2596.07222	0.01155
2594.14349	0.01142
2592.21476	0.01128
2590.28603	0.01111
2588.35730	0.01093
2586.42857	0.01071
2584.49983	0.01045
2582.57110	0.01025
2580.64237	0.01014
2578.71364	0.01004
2576.78491	0.00984
2574.85618	0.00956
2572.92745	0.00939
2570.99872	0.00933
2569.06998	0.00919
2567.14125	0.00893
2565.21252	0.00876
2563.28379	0.00866
2561.35506	0.00855
2559.42633	0.00847
2557.49760	0.00840
2555.56887	0.00819
2553.64013	0.00791
2551.71140	0.00775
2549.78267	0.00779
2547.85394	0.00781
2545.92521	0.00780
2543.99648	0.00777
2542.06775	0.00765
2540.13902	0.00748
2538.21028	0.00739
2536.28155	0.00737
2534.35282	0.00732
2532.42409	0.00719
2530.49536	0.00706
2528.56663	0.00698
2526.63790	0.00689
2524.70917	0.00674
2522.78044	0.00658
2520.85170	0.00650
2518.92297	0.00654
2516.99424	0.00659
2515.06551	0.00655
2513.13678	0.00643
2511.20805	0.00630
2509.27932	0.00620
2507.35059	0.00611
2505.42185	0.00604
2503.49312	0.00600
2501.56439	0.00599
2499.63566	0.00600
2497.70693	0.00598
2495.77820	0.00588
2493.84947	0.00575
2491.92074	0.00569
2489.99200	0.00567
2488.06327	0.00562
2486.13454	0.00551
2484.20581	0.00541
2482.27708	0.00534
2480.34835	0.00525
2478.41962	0.00516
2476.49089	0.00513
2474.56215	0.00511
2472.63342	0.00503
2470.70469	0.00493
2468.77596	0.00485
2466.84723	0.00473
2464.91850	0.00457
2462.98977	0.00446
2461.06104	0.00440
2459.13230	0.00432
2457.20357	0.00422
2455.27484	0.00413
2453.34611	0.00405
2451.41738	0.00395
2449.48865	0.00384
2447.55992	0.00370
2445.63119	0.00355
2443.70246	0.00342
2441.77372	0.00333
2439.84499	0.00330
2437.91626	0.00323
2435.98753	0.00314
2434.05880	0.00301
2432.13007	0.00280
2430.20134	0.00249
2428.27261	0.00215
2426.34387	0.00202
2424.41514	0.00219
2422.48641	0.00242
2420.55768	0.00255
2418.62895	0.00265
2416.70022	0.00272
2414.77149	0.00269
2412.84276	0.00268
2410.91402	0.00273
2408.98529	0.00272
2407.05656	0.00266
2405.12783	0.00263
2403.19910	0.00264
2401.27037	0.00263
2399.34164	0.00267
2397.41291	0.00269
2395.48417	0.00269
2393.55544	0.00263
2391.62671	0.00256
2389.69798	0.00253
2387.76925	0.00258
2385.84052	0.00266
2383.91179	0.00263
2381.98306	0.00242
2380.05432	0.00205
2378.12559	0.00178
2376.19686	0.00183
2374.26813	0.00237
2372.33940	0.00320
2370.41067	0.00386
2368.48194	0.00421
2366.55321	0.00436
2364.62448	0.00417
2362.69574	0.00378
2360.76701	0.00345
2358.83828	0.00285
2356.90955	0.00174
2354.98082	0.00056
2353.05209	0.00024
2351.12336	0.00131
2349.19463	0.00248
2347.26589	0.00228
2345.33716	0.00156
2343.40843	0.00158
2341.47970	0.00195
2339.55097	0.00226
2337.62224	0.00247
2335.69351	0.00243
2333.76478	0.00214
2331.83604	0.00171
2329.90731	0.00128
2327.97858	0.00100
2326.04985	0.00076
2324.12112	0.00043
2322.19239	0.00009
2320.26366	-0.00008
2318.33493	-0.00009
2316.40619	-0.00019
2314.47746	-0.00042
2312.54873	-0.00058
2310.62000	-0.00057
2308.69127	-0.00050
2306.76254	-0.00039
2304.83381	-0.00022
2302.90508	-0.00007
2300.97634	0.00003
2299.04761	0.00013
2297.11888	0.00020
2295.19015	0.00020
2293.26142	0.00023
2291.33269	0.00029
2289.40396	0.00035
2287.47523	0.00041
2285.54650	0.00048
2283.61776	0.00053
2281.68903	0.00053
2279.76030	0.00051
2277.83157	0.00052
2275.90284	0.00056
2273.97411	0.00063
2272.04538	0.00072
2270.11665	0.00081
2268.18791	0.00087
2266.25918	0.00088
2264.33045	0.00090
2262.40172	0.00098
2260.47299	0.00105
2258.54426	0.00100
2256.61553	0.00086
2254.68680	0.00081
2252.75806	0.00093
2250.82933	0.00097
2248.90060	0.00056
2246.97187	0.00074
2245.04314	0.00088
2243.11441	0.00098
2241.18568	0.00105
2239.25695	0.00111
2237.32821	0.00120
2235.39948	0.00133
2233.47075	0.00141
2231.54202	0.00146
2229.61329	0.00155
2227.68456	0.00169
2225.75583	0.00179
2223.82710	0.00178
2221.89836	0.00172
2219.96963	0.00155
2218.04090	0.00140
2216.11217	0.00123
2214.18344	0.00103
2212.25471	0.00087
2210.32598	0.00078
2208.39725	0.00071
2206.46852	0.00066
2204.53978	0.00059
2202.61105	0.00049
2200.68232	0.00037
2198.75359	0.00027
2196.82486	0.00024
2194.89613	0.00019
2192.96740	0.00005
2191.03867	-0.00010
2189.10993	-0.00023
2187.18120	-0.00035
2185.25247	-0.00041
2183.32374	-0.00044
2181.39501	-0.00057
2179.46628	-0.00076
2177.53755	-0.00089
2175.60882	-0.00098
2173.68008	-0.00109
2171.75135	-0.00119
2169.82262	-0.00120
2167.89389	-0.00115
2165.96516	-0.00117
2164.03643	-0.00129
2162.10770	-0.00137
2160.17897	-0.00133
2158.25023	-0.00126
2156.32150	-0.00122
2154.39277	-0.00119
2152.46404	-0.00115
2150.53531	-0.00114
2148.60658	-0.00121
2146.67785	-0.00129
2144.74912	-0.00133
2142.82038	-0.00138
2140.89165	-0.00150
2138.96292	-0.00169
2137.03419	-0.00181
2135.10546	-0.00172
2133.17673	-0.00160
2131.24800	-0.00166
2129.31927	-0.00180
2127.39054	-0.00187
2125.46180	-0.00191
2123.53307	-0.00196
2121.60434	-0.00199
2119.67561	-0.00203
2117.74688	-0.00223
2115.81815	-0.00259
2113.88942	-0.00272
2111.96069	-0.00252
2110.03195	-0.00241
2108.10322	-0.00247
2106.17449	-0.00259
2104.24576	-0.00271
2102.31703	-0.00285
2100.38830	-0.00300
2098.45957	-0.00313
2096.53084	-0.00337
2094.60210	-0.00364
2092.67337	-0.00391
2090.74464	-0.00422
2088.81591	-0.00459
2086.88718	-0.00498
2084.95845	-0.00535
2083.02972	-0.00574
2081.10099	-0.00620
2079.17225	-0.00672
2077.24352	-0.00726
2075.31479	-0.00772
2073.38606	-0.00807
2071.45733	-0.00836
2069.52860	-0.00864
2067.59987	-0.00885
2065.67114	-0.00897
2063.74240	-0.00902
2061.81367	-0.00894
2059.88494	-0.00865
2057.95621	-0.00821
2056.02748	-0.00776
2054.09875	-0.00731
2052.17002	-0.00684
2050.24129	-0.00638
2048.31256	-0.00594
2046.38382	-0.00551
2044.45509	-0.00501
2042.52636	-0.00442
2040.59763	-0.00386
2038.66890	-0.00342
2036.74017	-0.00298
2034.81144	-0.00248
2032.88271	-0.00198
2030.95397	-0.00163
2029.02524	-0.00151
2027.09651	-0.00154
2025.16778	-0.00151
2023.23905	-0.00126
2021.31032	-0.00079
2019.38159	-0.00021
2017.45286	0.00022
2015.52412	0.00049
2013.59539	0.00076
2011.66666	0.00106
2009.73793	0.00124
2007.80920	0.00142
2005.88047	0.00171
2003.95174	0.00200
2002.02301	0.00218
2000.09427	0.00226
1998.16554	0.00231
1996.23681	0.00238
1994.30808	0.00243
1992.37935	0.00239
1990.45062	0.00238
1988.52189	0.00256
1986.59316	0.00275
1984.66442	0.00290
1982.73569	0.00305
1980.80696	0.00314
1978.87823	0.00316
1976.94950	0.00316
1975.02077	0.00319
1973.09204	0.00326
1971.16331	0.00335
1969.23458	0.00340
1967.30584	0.00332
1965.37711	0.00320
1963.44838	0.00327
1961.51965	0.00344
1959.59092	0.00349
1957.66219	0.00353
1955.73346	0.00359
1953.80473	0.00360
1951.87599	0.00357
1949.94726	0.00359
1948.01853	0.00371
1946.08980	0.00385
1944.16107	0.00382
1942.23234	0.00361
1940.30361	0.00357
1938.37488	0.00378
1936.44614	0.00402
1934.51741	0.00409
1932.58868	0.00408
1930.65995	0.00408
1928.73122	0.00408
1926.80249	0.00400
1924.87376	0.00398
1922.94503	0.00382
1921.01629	0.00371
1919.08756	0.00380
1917.15883	0.00374
1915.23010	0.00343
1913.30137	0.00341
1911.37264	0.00376
1909.44391	0.00404
1907.51518	0.00416
1905.58644	0.00434
1903.65771	0.00467
1901.72898	0.00496
1899.80025	0.00517
1897.87152	0.00534
1895.94279	0.00538
1894.01406	0.00545
1892.08533	0.00578
1890.15660	0.00611
1888.22786	0.00602
1886.29913	0.00583
1884.37040	0.00583
1882.44167	0.00593
1880.51294	0.00598
1878.58421	0.00589
1876.65548	0.00570
1874.72675	0.00564
1872.79801	0.00594
1870.86928	0.00634
1868.94055	0.00613
1867.01182	0.00527
1865.08309	0.00451
1863.15436	0.00419
1861.22563	0.00390
1859.29690	0.00339
1857.36816	0.00283
1855.43943	0.00233
1853.51070	0.00188
1851.58197	0.00152
1849.65324	0.00130
1847.72451	0.00119
1845.79578	0.00088
1843.86705	0.00019
1841.93831	-0.00059
1840.00958	-0.00092
1838.08085	-0.00086
1836.15212	-0.00081
1834.22339	-0.00056
1832.29466	0.00016
1830.36593	0.00069
1828.43720	0.00053
1826.50846	0.00032
1824.57973	0.00037
1822.65100	0.00050
1820.72227	0.00060
1818.79354	0.00065
1816.86481	0.00091
1814.93608	0.00155
1813.00735	0.00226
1811.07862	0.00257
1809.14988	0.00251
1807.22115	0.00246
1805.29242	0.00246
1803.36369	0.00232
1801.43496	0.00209
1799.50623	0.00205
1797.57750	0.00235
1795.64877	0.00308
1793.72003	0.00395
1791.79130	0.00400
1789.86257	0.00325
1787.93384	0.00260
1786.00511	0.00241
1784.07638	0.00269
1782.14765	0.00330
1780.21892	0.00361
1778.29018	0.00362
1776.36145	0.00421
1774.43272	0.00542
1772.50399	0.00586
1770.57526	0.00474
1768.64653	0.00339
1766.71780	0.00302
1764.78907	0.00356
1762.86033	0.00417
1760.93160	0.00419
1759.00287	0.00397
1757.07414	0.00392
1755.14541	0.00414
1753.21668	0.00479
1751.28795	0.00533
1749.35922	0.00492
1747.43048	0.00416
1745.50175	0.00405
1743.57302	0.00464
1741.64429	0.00531
1739.71556	0.00564
1737.78683	0.00620
1735.85810	0.00731
1733.92937	0.00770
1732.00064	0.00679
1730.07190	0.00594
1728.14317	0.00556
1726.21444	0.00556
1724.28571	0.00580
1722.35698	0.00655
1720.42825	0.00829
1718.49952	0.00975
1716.57079	0.00867
1714.64205	0.00621
1712.71332	0.00441
1710.78459	0.00388
1708.85586	0.00425
1706.92713	0.00453
1704.99840	0.00424
1703.06967	0.00428
1701.14094	0.00488
1699.21220	0.00497
1697.28347	0.00450
1695.35474	0.00369
1693.42601	0.00307
1691.49728	0.00331
1689.56855	0.00460
1687.63982	0.00719
1685.71109	0.01004
1683.78235	0.01031
1681.85362	0.00826
1679.92489	0.00741
1677.99616	0.00857
1676.06743	0.01050
1674.13870	0.01201
1672.20997	0.01328
1670.28124	0.01422
1668.35250	0.01416
1666.42377	0.01399
1664.49504	0.01451
1662.56631	0.01472
1660.63758	0.01392
1658.70885	0.01359
1656.78012	0.01517
1654.85139	0.01716
1652.92266	0.01579
1650.99392	0.01241
1649.06519	0.01087
1647.13646	0.01050
1645.20773	0.00893
1643.27900	0.00685
1641.35027	0.00593
1639.42154	0.00657
1637.49281	0.00727
1635.56407	0.00558
1633.63534	0.00205
1631.70661	-0.00040
1629.77788	-0.00131
1627.84915	-0.00188
1625.92042	-0.00284
1623.99169	-0.00445
1622.06296	-0.00652
1620.13422	-0.00760
1618.20549	-0.00784
1616.27676	-0.00933
1614.34803	-0.01209
1612.41930	-0.01424
1610.49057	-0.01538
1608.56184	-0.01634
1606.63311	-0.01746
1604.70437	-0.01855
1602.77564	-0.01953
1600.84691	-0.02030
1598.91818	-0.02065
1596.98945	-0.02061
1595.06072	-0.02041
1593.13199	-0.02011
1591.20326	-0.01963
1589.27452	-0.01898
1587.34579	-0.01828
1585.41706	-0.01765
1583.48833	-0.01716
1581.55960	-0.01646
1579.63087	-0.01494
1577.70214	-0.01315
1575.77341	-0.01266
1573.84468	-0.01311
1571.91594	-0.01264
1569.98721	-0.01139
1568.05848	-0.01064
1566.12975	-0.01001
1564.20102	-0.00815
1562.27229	-0.00425
1560.34356	0.00042
1558.41483	0.00155
1556.48609	-0.00081
1554.55736	-0.00239
1552.62863	-0.00245
1550.69990	-0.00185
1548.77117	-0.00110
1546.84244	0.00022
1544.91371	0.00248
1542.98498	0.00497
1541.05624	0.00603
1539.12751	0.00424
1537.19878	0.00170
1535.27005	0.00109
1533.34132	0.00156
1531.41259	0.00148
1529.48386	0.00136
1527.55513	0.00154
1525.62639	0.00165
1523.69766	0.00179
1521.76893	0.00137
1519.84020	-0.00024
1517.91147	-0.00179
1515.98274	-0.00295
1514.05401	-0.00405
1512.12528	-0.00437
1510.19654	-0.00333
1508.26781	-0.00234
1506.33908	-0.00395
1504.41035	-0.00734
1502.48162	-0.00935
1500.55289	-0.00932
1498.62416	-0.00840
1496.69543	-0.00832
1494.76670	-0.00884
1492.83796	-0.00865
1490.90923	-0.00799
1488.98050	-0.00820
1487.05177	-0.00919
1485.12304	-0.00990
1483.19431	-0.01006
1481.26558	-0.00989
1479.33685	-0.00940
1477.40811	-0.00833
1475.47938	-0.00686
1473.55065	-0.00591
1471.62192	-0.00624
1469.69319	-0.00711
1467.76446	-0.00729
1465.83573	-0.00724
1463.90700	-0.00792
1461.97826	-0.00814
1460.04953	-0.00681
1458.12080	-0.00601
1456.19207	-0.00803
1454.26334	-0.01084
1452.33461	-0.01241
1450.40588	-0.01276
1448.47715	-0.01311
1446.54841	-0.01425
1444.61968	-0.01569
1442.69095	-0.01681
1440.76222	-0.01749
1438.83349	-0.01821
1436.90476	-0.01988
1434.97603	-0.02237
1433.04730	-0.02469
1431.11856	-0.02690
1429.18983	-0.02983
1427.26110	-0.03363
1425.33237	-0.03801
1423.40364	-0.04283
1421.47491	-0.04816
1419.54618	-0.05496
1417.61745	-0.06335
1415.68872	-0.07114
1413.75998	-0.07819
1411.83125	-0.08575
1409.90252	-0.09396
1407.97379	-0.10197
1406.04506	-0.10947
1404.11633	-0.11606
1402.18760	-0.12027
1400.25887	-0.12140
1398.33013	-0.11967
1396.40140	-0.11503
1394.47267	-0.10814
1392.54394	-0.10100
1390.61521	-0.09532
1388.68648	-0.09270
1386.75775	-0.09334
1384.82902	-0.09183
1382.90028	-0.08244
1380.97155	-0.06729
1379.04282	-0.05296
1377.11409	-0.04250
1375.18536	-0.03484
1373.25663	-0.02881
1371.32790	-0.02398
1369.39917	-0.01993
1367.47043	-0.01653
1365.54170	-0.01374
1363.61297	-0.01151
1361.68424	-0.00979
1359.75551	-0.00821
1357.82678	-0.00666
1355.89805	-0.00533
1353.96932	-0.00426
1352.04058	-0.00323
1350.11185	-0.00221
1348.18312	-0.00142
1346.25439	-0.00096
1344.32566	-0.00068
1342.39693	-0.00047
1340.46820	-0.00048
1338.53947	-0.00061
1336.61074	-0.00043
1334.68200	0.00019
1332.75327	0.00090
1330.82454	0.00114
1328.89581	0.00066
1326.96708	0.00008
1325.03835	-0.00027
1323.10962	-0.00028
1321.18089	0.00002
1319.25215	0.00035
1317.32342	0.00070
1315.39469	0.00141
1313.46596	0.00254
1311.53723	0.00381
1309.60850	0.00506
1307.67977	0.00629
1305.75104	0.00771
1303.82230	0.00943
1301.89357	0.01105
1299.96484	0.01200
1298.03611	0.01239
1296.10738	0.01275
1294.17865	0.01317
1292.24992	0.01332
1290.32119	0.01305
1288.39245	0.01247
1286.46372	0.01179
1284.53499	0.01136
1282.60626	0.01132
1280.67753	0.01151
1278.74880	0.01184
1276.82007	0.01224
1274.89134	0.01264
1272.96260	0.01311
1271.03387	0.01390
1269.10514	0.01511
1267.17641	0.01665
1265.24768	0.01848
1263.31895	0.02052
1261.39022	0.02272
1259.46149	0.02509
1257.53276	0.02776
1255.60402	0.03082
1253.67529	0.03428
1251.74656	0.03803
1249.81783	0.04184
1247.88910	0.04551
1245.96037	0.04899
1244.03164	0.05229
1242.10291	0.05539
1240.17417	0.05822
1238.24544	0.06080
1236.31671	0.06305
1234.38798	0.06491
1232.45925	0.06648
1230.53052	0.06793
1228.60179	0.06928
1226.67306	0.07060
1224.74432	0.07202
1222.81559	0.07342
1220.88686	0.07467
1218.95813	0.07592
1217.02940	0.07735
1215.10067	0.07880
1213.17194	0.08011
1211.24321	0.08138
1209.31447	0.08270
1207.38574	0.08408
1205.45701	0.08552
1203.52828	0.08708
1201.59955	0.08891
1199.67082	0.09124
1197.74209	0.09354
1195.81336	0.09600
1193.88462	0.09844
1191.95589	0.10050
1190.02716	0.10210
1188.09843	0.10360
1186.16970	0.10530
1184.24097	0.10700
1182.31224	0.10839
1180.38351	0.10948
1178.45478	0.11038
1176.52604	0.11121
1174.59731	0.11217
1172.66858	0.11331
1170.73985	0.11451
1168.81112	0.11569
1166.88239	0.11695
1164.95366	0.11844
1163.02493	0.12000
1161.09619	0.12115
1159.16746	0.12169
1157.23873	0.12205
1155.31000	0.12265
1153.38127	0.12336
1151.45254	0.12401
1149.52381	0.12466
1147.59508	0.12540
1145.66634	0.12621
1143.73761	0.12699
1141.80888	0.12760
1139.88015	0.12792
1137.95142	0.12794
1136.02269	0.12787
1134.09396	0.12810
1132.16523	0.12889
1130.23649	0.13006
1128.30776	0.13110
1126.37903	0.13177
1124.45030	0.13224
1122.52157	0.13256
1120.59284	0.13293
1118.66411	0.13388
1116.73538	0.13557
1114.80664	0.13775
1112.87791	0.14013
1110.94918	0.14272
1109.02045	0.14581
1107.09172	0.14921
1105.16299	0.15237
1103.23426	0.15509
1101.30553	0.15754
1099.37680	0.15961
1097.44806	0.16124
1095.51933	0.16264
1093.59060	0.16383
1091.66187	0.16466
1089.73314	0.16526
1087.80441	0.16575
1085.87568	0.16599
1083.94695	0.16610
1082.01821	0.16638
1080.08948	0.16679
1078.16075	0.16694
1076.23202	0.16687
1074.30329	0.16710
1072.37456	0.16764
1070.44583	0.16808
1068.51710	0.16834
1066.58836	0.16858
1064.65963	0.16876
1062.73090	0.16869
1060.80217	0.16837
1058.87344	0.16804
1056.94471	0.16758
1055.01598	0.16662
1053.08725	0.16523
1051.15851	0.16370
1049.22978	0.16222
1047.30105	0.16098
1045.37232	0.16002
1043.44359	0.15917
1041.51486	0.15808
1039.58613	0.15658
1037.65740	0.15503
1035.72866	0.15363
1033.79993	0.15225
1031.87120	0.15101
1029.94247	0.15010
1028.01374	0.14954
1026.08501	0.14933
1024.15628	0.14918
1022.22755	0.14866
1020.29882	0.14783
1018.37008	0.14711
1016.44135	0.14645
1014.51262	0.14573
1012.58389	0.14508
1010.65516	0.14439
1008.72643	0.14331
1006.79770	0.14182
1004.86897	0.14025
1002.94023	0.13905
1001.01150	0.13835
999.08277	0.13767
997.15404	0.13642
995.22531	0.13436
993.29658	0.13172
991.36785	0.12912
989.43912	0.12711
987.51038	0.12563
985.58165	0.12405
983.65292	0.12216
981.72419	0.12037
979.79546	0.11904
977.86673	0.11785
975.93800	0.11621
974.00927	0.11482
972.08053	0.11354
970.15180	0.11232
968.22307	0.11083
966.29434	0.10919
964.36561	0.10769
962.43688	0.10640
960.50815	0.10528
958.57942	0.10410
956.65068	0.10265
954.72195	0.10107
952.79322	0.09951
950.86449	0.09768
948.93576	0.09563
947.00703	0.09372
945.07830	0.09175
943.14957	0.08931
941.22084	0.08667
939.29210	0.08415
937.36337	0.08164
935.43464	0.07909
933.50591	0.07651
931.57718	0.07393
929.64845	0.07165
927.71972	0.06987
925.79099	0.06834
923.86225	0.06692
921.93352	0.06588
920.00479	0.06496
918.07606	0.06354
916.14733	0.06148
914.21860	0.05931
912.28987	0.05743
910.36114	0.05554
908.43240	0.05319
906.50367	0.05050
904.57494	0.04780
902.64621	0.04519
900.71748	0.04263
898.78875	0.04008
896.86002	0.03741
894.93129	0.03467
893.00255	0.03218
891.07382	0.02998
889.14509	0.02770
887.21636	0.02523
885.28763	0.02285
883.35890	0.02067
881.43017	0.01867
879.50144	0.01676
877.57270	0.01480
875.64397	0.01279
873.71524	0.01089
871.78651	0.00918
869.85778	0.00754
867.92905	0.00579
866.00032	0.00399
864.07159	0.00230
862.14286	0.00062
860.21412	-0.00104
858.28539	-0.00248
856.35666	-0.00384
854.42793	-0.00516
852.49920	-0.00624
850.57047	-0.00717
848.64174	-0.00817
846.71301	-0.00928
844.78427	-0.01043
842.85554	-0.01147
840.92681	-0.01225
838.99808	-0.01276
837.06935	-0.01290
835.14062	-0.01265
833.21189	-0.01220
831.28316	-0.01190
829.35442	-0.01187
827.42569	-0.01177
825.49696	-0.01136
823.56823	-0.01084
821.63950	-0.01033
819.71077	-0.00953
817.78204	-0.00836
815.85331	-0.00710
813.92457	-0.00579
811.99584	-0.00406
810.06711	-0.00194
808.13838	0.00020
806.20965	0.00233
804.28092	0.00441
802.35219	0.00610
800.42346	0.00729
798.49472	0.00793
796.56599	0.00803
794.63726	0.00800
792.70853	0.00800
790.77980	0.00791
788.85107	0.00768
786.92234	0.00707
784.99361	0.00597
783.06488	0.00486
781.13614	0.00407
779.20741	0.00332
777.27868	0.00244
775.34995	0.00160
773.42122	0.00083
771.49249	0.00023
769.56376	-0.00001
767.63503	-0.00002
765.70629	0.00027
763.77756	0.00078
761.84883	0.00124
759.92010	0.00160
757.99137	0.00191
756.06264	0.00196
754.13391	0.00174
752.20518	0.00133
750.27644	0.00077
748.34771	0.00010
746.41898	-0.00078
744.49025	-0.00178
742.56152	-0.00240
740.63279	-0.00262
738.70406	-0.00269
736.77533	-0.00259
734.84659	-0.00240
732.91786	-0.00225
730.98913	-0.00201
729.06040	-0.00165
727.13167	-0.00128
725.20294	-0.00100
723.27421	-0.00201
721.34548	-0.00227
719.41674	-0.00209
717.48801	-0.00167
715.55928	-0.00137
713.63055	-0.00146
711.70182	-0.00144
709.77309	-0.00121
707.84436	-0.00105
705.91563	-0.00079
703.98690	-0.00032
702.05816	0.00012
700.12943	0.00043
698.20070	0.00093
696.27197	0.00144
694.34324	0.00151
692.41451	0.00104
690.48578	0.00020
688.55705	-0.00076
686.62831	-0.00179
684.69958	-0.00298
682.77085	-0.00428
680.84212	-0.00558
678.91339	-0.00671
676.98466	-0.00716
675.05593	-0.00657
673.12720	-0.00555
671.19846	-0.00638
669.26973	-0.00947
667.34100	-0.01067
665.41227	-0.00931
663.48354	-0.00909
661.55481	-0.01007
659.62608	-0.01050
657.69735	-0.01042
655.76861	-0.01017
653.83988	-0.00973
651.91115	-0.00901
649.98242	-0.00800
648.05369	-0.00690
646.12496	-0.00608
644.19623	-0.00547
642.26750	-0.00469
640.33876	-0.00380
638.41003	-0.00321
636.48130	-0.00305
634.55257	-0.00318
632.62384	-0.00351
630.69511	-0.00457
628.76638	-0.00704
626.83765	-0.00917
624.90892	-0.01115
622.98018	-0.01277
621.05145	-0.01379
619.12272	-0.01421
617.19399	-0.01344
615.26526	-0.01121
613.33653	-0.00822
611.40780	-0.00528
609.47907	-0.00286
607.55033	-0.00096
605.62160	0.00052
603.69287	0.00170
601.76414	0.00253
599.83541	0.00303
597.90668	0.00327
595.97795	0.00345
594.04922	0.00377
592.12048	0.00420
590.19175	0.00430
588.26302	0.00395
586.33429	0.00357
584.40556	0.00356
582.47683	0.00371
580.54810	0.00343
578.61937	0.00290
576.69063	0.00259
574.76190	0.00254
572.83317	0.00281
570.90444	0.00319
568.97571	0.00204
567.04698	0.00079
565.11825	-0.00028
563.18952	-0.00085
561.26078	-0.00127
559.33205	-0.00221
557.40332	-0.00305
555.47459	-0.00332
553.54586	-0.00368
551.61713	-0.00419
549.68840	-0.00387
547.75967	-0.00245
545.83094	-0.00101
543.90220	-0.00043
541.97347	-0.00010
540.04474	0.00065
538.11601	0.00096
536.18728	-0.00014
534.25855	-0.00225
532.32982	-0.00443
530.40109	-0.00624
528.47235	-0.00783
526.54362	-0.00970
524.61489	-0.01178
522.68616	-0.01357
520.75743	-0.01509
518.82870	-0.01668
516.89997	-0.01796
514.97124	-0.01809
513.04250	-0.01747
511.11377	-0.01710
509.18504	-0.01768
507.25631	-0.01957
505.32758	-0.02180
503.39885	-0.02254
501.47012	-0.02134
499.54139	-0.01913
497.61265	-0.01678
495.68392	-0.01494
493.75519	-0.01400
491.82646	-0.01317
489.89773	-0.01154
487.96900	-0.01001
486.04027	-0.00919
484.11154	-0.00735
482.18280	-0.00345
480.25407	0.00086
478.32534	0.00406
476.39661	0.00626
474.46788	0.00804
472.53915	0.00996
470.61042	0.01226
468.68169	0.01399
466.75296	0.01368
464.82422	0.01121
462.89549	0.00882
460.96676	0.00850
459.03803	0.00885
457.10930	0.00805
455.18057	0.00667
453.25184	0.00590
451.32311	0.00618
449.39437	0.00713
447.46564	0.00904
445.53691	0.01266
443.60818	0.01666
441.67945	0.01836
439.75072	0.01730
437.82199	0.01551
435.89326	0.01496
433.96452	0.01590
432.03579	0.01714
430.10706	0.01734
428.17833	0.01567
426.24960	0.01261
424.32087	0.01000
422.39214	0.00955
420.46341	0.01087
418.53467	0.01174
416.60594	0.01190
414.67721	0.01113
412.74848	0.00777
410.81975	0.00605
408.89102	0.01249
406.96229	0.01755
405.03356	0.02110
403.10482	0.02295
401.17609	0.02175
399.24736	0.01796
397.31863	0.01403
395.38990	0.01063
393.46117	0.00618
391.53244	0.00077
389.60371	-0.00178
387.67498	0.00404
385.74624	0.01533
383.81751	0.02108
381.88878	0.01773
379.96005	0.01127
378.03132	0.00744
376.10259	0.00096
374.17386	-0.01821
372.24513	-0.02950
370.31639	-0.01630
368.38766	0.00102
