7496.94889	-0.01088
7495.02016	-0.02807
7493.09144	-0.03845
7491.16272	-0.03624
7489.23399	-0.02823
7487.30527	-0.02427
7485.37654	-0.02214
7483.44782	-0.01900
7481.51910	-0.01803
7479.59037	-0.01738
7477.66165	-0.01578
7475.73293	-0.01848
7473.80420	-0.02067
7471.87548	-0.01448
7469.94676	-0.00842
7468.01803	-0.00931
7466.08931	-0.01133
7464.16058	-0.01118
7462.23186	-0.01195
7460.30314	-0.01781
7458.37441	-0.02695
7456.44569	-0.03119
7454.51697	-0.02658
7452.58824	-0.01918
7450.65952	-0.01931
7448.73079	-0.02590
7446.80207	-0.02601
7444.87335	-0.01661
7442.94462	-0.01186
7441.01590	-0.01931
7439.08718	-0.02494
7437.15845	-0.02047
7435.22973	-0.01551
7433.30101	-0.01421
7431.37228	-0.01195
7429.44356	-0.00693
7427.51483	-0.00223
7425.58611	-0.00349
7423.65739	-0.01270
7421.72866	-0.02374
7419.79994	-0.02582
7417.87122	-0.01501
7415.94249	-0.00228
7414.01377	0.00041
7412.08505	-0.00277
7410.15632	-0.00284
7408.22760	-0.00048
7406.29887	0.00049
7404.37015	-0.00187
7402.44143	-0.00925
7400.51270	-0.01980
7398.58398	-0.02540
7396.65526	-0.02137
7394.72653	-0.01414
7392.79781	-0.01039
7390.86908	-0.01054
7388.94036	-0.01310
7387.01164	-0.01415
7385.08291	-0.01099
7383.15419	-0.00770
7381.22547	-0.00632
7379.29674	-0.00451
7377.36802	-0.00353
7375.43930	-0.00403
7373.51057	-0.00436
7371.58185	-0.00502
7369.65312	-0.00658
7367.72440	-0.00697
7365.79568	-0.00352
7363.86695	0.00104
7361.93823	0.00248
7360.00951	0.00110
7358.08078	-0.00259
7356.15206	-0.00712
7354.22334	-0.00881
7352.29461	-0.00731
7350.36589	-0.00596
7348.43716	-0.00607
7346.50844	-0.00598
7344.57972	-0.00827
7342.65099	-0.01527
7340.72227	-0.01838
7338.79355	-0.01130
7336.86482	-0.00199
7334.93610	0.00175
7333.00737	0.00313
7331.07865	0.00875
7329.14993	0.01609
7327.22120	0.01500
7325.29248	0.00301
7323.36376	-0.01090
7321.43503	-0.01992
7319.50631	-0.02280
7317.57759	-0.01880
7315.64886	-0.01075
7313.72014	-0.00409
7311.79141	-0.00204
7309.86269	-0.00409
7307.93397	-0.00777
7306.00524	-0.01210
7304.07652	-0.01574
7302.14780	-0.01523
7300.21907	-0.01132
7298.29035	-0.01139
7296.36163	-0.01621
7294.43290	-0.01542
7292.50418	-0.00738
7290.57545	-0.00342
7288.64673	-0.00772
7286.71801	-0.01051
7284.78928	-0.00483
7282.86056	0.00075
7280.93184	-0.00338
7279.00311	-0.01404
7277.07439	-0.02215
7275.14566	-0.02246
7273.21694	-0.01724
7271.28822	-0.01339
7269.35949	-0.01211
7267.43077	-0.00770
7265.50205	-0.00012
7263.57332	0.00270
7261.64460	-0.00298
7259.71588	-0.00914
7257.78715	-0.00797
7255.85843	-0.00383
7253.92970	-0.00201
7252.00098	-0.00324
7250.07226	-0.00817
7248.14353	-0.01326
7246.21481	-0.01456
7244.28609	-0.01375
7242.35736	-0.01121
7240.42864	-0.00704
7238.49992	-0.00769
7236.57119	-0.01501
7234.64247	-0.02062
7232.71374	-0.01879
7230.78502	-0.01243
7228.85630	-0.00632
7226.92757	-0.00320
7224.99885	-0.00583
7223.07013	-0.01205
7221.14140	-0.01453
7219.21268	-0.01327
7217.28396	-0.01352
7215.35523	-0.01358
7213.42651	-0.00828
7211.49778	-0.00081
7209.56906	0.00081
7207.64034	-0.00282
7205.71161	-0.00426
7203.78289	-0.00074
7201.85417	0.00285
7199.92544	0.00157
7197.99672	-0.00176
7196.06799	-0.00046
7194.13927	0.00447
7192.21055	0.00435
7190.28182	-0.00226
7188.35310	-0.00736
7186.42438	-0.00858
7184.49565	-0.00948
7182.56693	-0.00806
7180.63821	-0.00282
7178.70948	0.00033
7176.78076	0.00037
7174.85203	0.00245
7172.92331	0.00525
7170.99459	0.00223
7169.06586	-0.00631
7167.13714	-0.01207
7165.20842	-0.00979
7163.27969	-0.00344
7161.35097	-0.00054
7159.42225	-0.00405
7157.49352	-0.00993
7155.56480	-0.01142
7153.63607	-0.00728
7151.70735	-0.00433
7149.77863	-0.00707
7147.84990	-0.01147
7145.92118	-0.01224
7143.99246	-0.00869
7142.06373	-0.00418
7140.13501	-0.00233
7138.20628	-0.00432
7136.27756	-0.00852
7134.34884	-0.00951
7132.42011	-0.00374
7130.49139	0.00237
7128.56267	0.00196
7126.63394	-0.00116
7124.70522	-0.00103
7122.77650	0.00113
7120.84777	0.00095
7118.91905	-0.00365
7116.99032	-0.01068
7115.06160	-0.01368
7113.13288	-0.00906
7111.20415	-0.00286
7109.27543	-0.00232
7107.34671	-0.00663
7105.41798	-0.01039
7103.48926	-0.01192
7101.56054	-0.01240
7099.63181	-0.01091
7097.70309	-0.00659
7095.77436	-0.00203
7093.84564	-0.00116
7091.91692	-0.00287
7089.98819	-0.00141
7088.05947	0.00472
7086.13075	0.00944
7084.20202	0.00561
7082.27330	-0.00490
7080.34457	-0.01230
7078.41585	-0.01144
7076.48713	-0.00602
7074.55840	-0.00319
7072.62968	-0.00596
7070.70096	-0.00870
7068.77223	-0.00638
7066.84351	-0.00283
7064.91479	-0.00102
7062.98606	0.00174
7061.05734	0.00405
7059.12861	0.00015
7057.19989	-0.01001
7055.27117	-0.01859
7053.34244	-0.01850
7051.41372	-0.01169
7049.48500	-0.00581
7047.55627	-0.00382
7045.62755	-0.00370
7043.69883	-0.00685
7041.77010	-0.01279
7039.84138	-0.01419
7037.91265	-0.01084
7035.98393	-0.00895
7034.05521	-0.00975
7032.12648	-0.01295
7030.19776	-0.01627
7028.26904	-0.01551
7026.34031	-0.01086
7024.41159	-0.00444
7022.48286	0.00108
7020.55414	0.00129
7018.62542	-0.00336
7016.69669	-0.00530
7014.76797	-0.00236
7012.83925	-0.00072
7010.91052	-0.00200
7008.98180	-0.00380
7007.05308	-0.00474
7005.12435	-0.00214
7003.19563	0.00267
7001.26690	0.00262
6999.33818	-0.00449
6997.40946	-0.01183
6995.48073	-0.01302
6993.55201	-0.00855
6991.62329	-0.00371
6989.69456	-0.00177
6987.76584	-0.00089
6985.83712	-0.00180
6983.90839	-0.00604
6981.97967	-0.00717
6980.05094	-0.00306
6978.12222	-0.00220
6976.19350	-0.00590
6974.26477	-0.00738
6972.33605	-0.00585
6970.40733	-0.00467
6968.47860	-0.00494
6966.54988	-0.00612
6964.62115	-0.00654
6962.69243	-0.00493
6960.76371	-0.00363
6958.83498	-0.00504
6956.90626	-0.00615
6954.97754	-0.00371
6953.04881	-0.00104
6951.12009	-0.00162
6949.19137	-0.00257
6947.26264	-0.00120
6945.33392	0.00079
6943.40519	0.00284
6941.47647	0.00421
6939.54775	0.00147
6937.61902	-0.00425
6935.69030	-0.00784
6933.76158	-0.00833
6931.83285	-0.00718
6929.90413	-0.00613
6927.97541	-0.00679
6926.04668	-0.00597
6924.11796	-0.00166
6922.18923	0.00214
6920.26051	0.00321
6918.33179	0.00223
6916.40306	0.00074
6914.47434	-0.00054
6912.54562	-0.00249
6910.61689	-0.00385
6908.68817	-0.00436
6906.75944	-0.00525
6904.83072	-0.00449
6902.90200	-0.00166
6900.97327	0.00053
6899.04455	0.00170
6897.11583	0.00174
6895.18710	0.00033
6893.25838	-0.00030
6891.32966	-0.00026
6889.40093	-0.00214
6887.47221	-0.00470
6885.54348	-0.00507
6883.61476	-0.00412
6881.68604	-0.00391
6879.75731	-0.00287
6877.82859	0.00102
6875.89987	0.00393
6873.97114	0.00033
6872.04242	-0.00622
6870.11370	-0.00815
6868.18497	-0.00496
6866.25625	-0.00052
6864.32752	0.00083
6862.39880	-0.00239
6860.47008	-0.00606
6858.54135	-0.00558
6856.61263	-0.00064
6854.68391	0.00266
6852.75518	-0.00074
6850.82646	-0.00654
6848.89773	-0.00918
6846.96901	-0.00759
6845.04029	-0.00410
6843.11156	-0.00158
6841.18284	-0.00160
6839.25412	-0.00184
6837.32539	-0.00072
6835.39667	-0.00005
6833.46795	-0.00031
6831.53922	-0.00051
6829.61050	-0.00055
6827.68177	-0.00130
6825.75305	-0.00425
6823.82433	-0.00861
6821.89560	-0.01065
6819.96688	-0.00741
6818.03816	-0.00169
6816.10943	-0.00002
6814.18071	-0.00309
6812.25199	-0.00550
6810.32326	-0.00452
6808.39454	-0.00236
6806.46581	-0.00250
6804.53709	-0.00638
6802.60837	-0.01198
6800.67964	-0.01330
6798.75092	-0.00666
6796.82220	0.00051
6794.89347	-0.00005
6792.96475	-0.00379
6791.03603	-0.00372
6789.10730	-0.00116
6787.17858	0.00103
6785.24985	0.00354
6783.32113	0.00674
6781.39241	0.00826
6779.46368	0.00627
6777.53496	0.00217
6775.60624	-0.00044
6773.67751	0.00126
6771.74879	0.00472
6769.82006	0.00526
6767.89134	0.00252
6765.96262	-0.00120
6764.03389	-0.00390
6762.10517	-0.00586
6760.17645	-0.00768
6758.24772	-0.00821
6756.31900	-0.00845
6754.39028	-0.00819
6752.46155	-0.00577
6750.53283	-0.00357
6748.60410	-0.00280
6746.67538	-0.00161
6744.74666	-0.00069
6742.81793	-0.00259
6740.88921	-0.00483
6738.96049	-0.00293
6737.03176	-0.00030
6735.10304	-0.00094
6733.17432	-0.00265
6731.24559	-0.00242
6729.31687	-0.00053
6727.38814	-0.00240
6725.45942	-0.00938
6723.53070	-0.01370
6721.60197	-0.01139
6719.67325	-0.00653
6717.74453	-0.00305
6715.81580	-0.00127
6713.88708	-0.00018
6711.95835	-0.00030
6710.02963	-0.00163
6708.10091	-0.00120
6706.17218	0.00056
6704.24346	-0.00093
6702.31474	-0.00454
6700.38601	-0.00511
6698.45729	-0.00336
6696.52857	-0.00185
6694.59984	0.00009
6692.67112	0.00137
6690.74239	0.00054
6688.81367	-0.00146
6686.88495	-0.00436
6684.95622	-0.00592
6683.02750	-0.00378
6681.09878	-0.00222
6679.17005	-0.00258
6677.24133	-0.00011
6675.31261	0.00209
6673.38388	-0.00041
6671.45516	-0.00397
6669.52643	-0.00567
6667.59771	-0.00446
6665.66899	-0.00092
6663.74026	0.00197
6661.81154	0.00282
6659.88282	0.00234
6657.95409	0.00451
6656.02537	0.00881
6654.09664	0.00856
6652.16792	0.00495
6650.23920	0.00331
6648.31047	0.00325
6646.38175	0.00405
6644.45303	0.00505
6642.52430	0.00458
6640.59558	0.00376
6638.66686	0.00287
6636.73813	0.00031
6634.80941	-0.00201
6632.88068	-0.00194
6630.95196	-0.00067
6629.02324	0.00006
6627.09451	0.00065
6625.16579	0.00278
6623.23707	0.00388
6621.30834	0.00171
6619.37962	0.00157
6617.45090	0.00596
6615.52217	0.00887
6613.59345	0.00617
6611.66472	0.00092
6609.73600	-0.00288
6607.80728	-0.00485
6605.87855	-0.00522
6603.94983	-0.00425
6602.02111	-0.00387
6600.09238	-0.00461
6598.16366	-0.00393
6596.23493	-0.00127
6594.30621	0.00071
6592.37749	0.00137
6590.44876	0.00114
6588.52004	-0.00044
6586.59132	-0.00314
6584.66259	-0.00577
6582.73387	-0.00569
6580.80515	-0.00340
6578.87642	-0.00276
6576.94770	-0.00242
6575.01897	-0.00019
6573.09025	0.00072
6571.16153	0.00030
6569.23280	0.00144
6567.30408	0.00354
6565.37536	0.00451
6563.44663	0.00208
6561.51791	-0.00180
6559.58919	-0.00183
6557.66046	0.00094
6555.73174	0.00201
6553.80301	0.00095
6551.87429	-0.00008
6549.94557	-0.00060
6548.01684	-0.00236
6546.08812	-0.00454
6544.15940	-0.00336
6542.23067	0.00087
6540.30195	0.00322
6538.37322	0.00243
6536.44450	0.00186
6534.51578	0.00185
6532.58705	0.00032
6530.65833	-0.00085
6528.72961	0.00121
6526.80088	0.00473
6524.87216	0.00672
6522.94344	0.00713
6521.01471	0.00661
6519.08599	0.00555
6517.15726	0.00445
6515.22854	0.00206
6513.29982	-0.00202
6511.37109	-0.00488
6509.44237	-0.00386
6507.51365	0.00043
6505.58492	0.00294
6503.65620	0.00168
6501.72748	0.00125
6499.79875	0.00319
6497.87003	0.00370
6495.94130	0.00168
6494.01258	0.00094
6492.08386	0.00299
6490.15513	0.00360
6488.22641	0.00062
6486.29769	-0.00208
6484.36896	-0.00125
6482.44024	0.00132
6480.51151	0.00263
6478.58279	0.00215
6476.65407	0.00137
6474.72534	0.00141
6472.79662	0.00269
6470.86790	0.00502
6468.93917	0.00606
6467.01045	0.00422
6465.08173	0.00131
6463.15300	-0.00107
6461.22428	-0.00297
6459.29555	-0.00305
6457.36683	-0.00029
6455.43811	0.00134
6453.50938	-0.00187
6451.58066	-0.00643
6449.65194	-0.00653
6447.72321	-0.00206
6445.79449	0.00207
6443.86577	0.00206
6441.93704	-0.00155
6440.00832	-0.00450
6438.07959	-0.00436
6436.15087	-0.00267
6434.22215	-0.00097
6432.29342	0.00057
6430.36470	0.00229
6428.43598	0.00299
6426.50725	0.00215
6424.57853	0.00149
6422.64980	0.00089
6420.72108	0.00024
6418.79236	-0.00045
6416.86363	-0.00245
6414.93491	-0.00411
6413.00619	-0.00266
6411.07746	0.00022
6409.14874	0.00094
6407.22002	-0.00022
6405.29129	-0.00119
6403.36257	-0.00215
6401.43384	-0.00315
6399.50512	-0.00324
6397.57640	-0.00259
6395.64767	-0.00204
6393.71895	-0.00219
6391.79023	-0.00235
6389.86150	-0.00133
6387.93278	-0.00072
6386.00406	-0.00229
6384.07533	-0.00482
6382.14661	-0.00610
6380.21788	-0.00431
6378.28916	-0.00098
6376.36044	0.00019
6374.43171	-0.00215
6372.50299	-0.00619
6370.57427	-0.00849
6368.64554	-0.00815
6366.71682	-0.00586
6364.78810	-0.00267
6362.85937	-0.00102
6360.93065	-0.00083
6359.00192	-0.00102
6357.07320	-0.00289
6355.14448	-0.00594
6353.21575	-0.00649
6351.28703	-0.00367
6349.35831	-0.00089
6347.42958	-0.00038
6345.50086	-0.00194
6343.57213	-0.00353
6341.64341	-0.00327
6339.71469	-0.00161
6337.78596	0.00109
6335.85724	0.00283
6333.92852	0.00096
6331.99979	-0.00197
6330.07107	-0.00232
6328.14235	-0.00110
6326.21362	-0.00026
6324.28490	0.00070
6322.35617	0.00243
6320.42745	0.00432
6318.49873	0.00486
6316.57000	0.00249
6314.64128	-0.00101
6312.71256	-0.00285
6310.78383	-0.00430
6308.85511	-0.00570
6306.92639	-0.00450
6304.99766	-0.00182
6303.06894	-0.00019
6301.14021	0.00080
6299.21149	0.00135
6297.28277	0.00147
6295.35404	0.00158
6293.42532	0.00081
6291.49660	-0.00075
6289.56787	-0.00208
6287.63915	-0.00244
6285.71042	-0.00068
6283.78170	0.00201
6281.85298	0.00265
6279.92425	0.00151
6277.99553	0.00107
6276.06681	0.00129
6274.13808	0.00013
6272.20936	-0.00242
6270.28064	-0.00415
6268.35191	-0.00433
6266.42319	-0.00374
6264.49446	-0.00146
6262.56574	0.00207
6260.63702	0.00328
6258.70829	0.00222
6256.77957	0.00151
6254.85085	0.00103
6252.92212	0.00047
6250.99340	-0.00016
6249.06468	-0.00143
6247.13595	-0.00252
6245.20723	-0.00211
6243.27850	-0.00086
6241.34978	-0.00057
6239.42106	-0.00187
6237.49233	-0.00418
6235.56361	-0.00516
6233.63489	-0.00272
6231.70616	-0.00012
6229.77744	-0.00122
6227.84871	-0.00417
6225.91999	-0.00625
6223.99127	-0.00679
6222.06254	-0.00578
6220.13382	-0.00340
6218.20510	-0.00026
6216.27637	0.00131
6214.34765	-0.00050
6212.41893	-0.00364
6210.49020	-0.00419
6208.56148	-0.00154
6206.63275	0.00046
6204.70403	-0.00047
6202.77531	-0.00242
6200.84658	-0.00308
6198.91786	-0.00217
6196.98914	-0.00214
6195.06041	-0.00414
6193.13169	-0.00508
6191.20297	-0.00276
6189.27424	0.00062
6187.34552	0.00167
6185.41679	0.00089
6183.48807	0.00064
6181.55935	0.00050
6179.63062	0.00031
6177.70190	0.00113
6175.77318	0.00250
6173.84445	0.00324
6171.91573	0.00255
6169.98700	0.00065
6168.05828	-0.00085
6166.12956	-0.00133
6164.20083	-0.00218
6162.27211	-0.00358
6160.34339	-0.00406
6158.41466	-0.00420
6156.48594	-0.00486
6154.55722	-0.00427
6152.62849	-0.00252
6150.69977	-0.00240
6148.77104	-0.00305
6146.84232	-0.00269
6144.91360	-0.00211
6142.98487	-0.00075
6141.05615	0.00091
6139.12743	0.00059
6137.19870	-0.00142
6135.26998	-0.00343
6133.34126	-0.00363
6131.41253	-0.00158
6129.48381	0.00061
6127.55508	0.00113
6125.62636	0.00074
6123.69764	0.00041
6121.76891	-0.00077
6119.84019	-0.00249
6117.91147	-0.00300
6115.98274	-0.00252
6114.05402	-0.00162
6112.12529	-0.00068
6110.19657	-0.00104
6108.26785	-0.00215
6106.33912	-0.00295
6104.41040	-0.00410
6102.48168	-0.00506
6100.55295	-0.00459
6098.62423	-0.00342
6096.69551	-0.00250
6094.76678	-0.00157
6092.83806	-0.00086
6090.90933	-0.00076
6088.98061	-0.00044
6087.05189	-0.00068
6085.12316	-0.00254
6083.19444	-0.00395
6081.26572	-0.00292
6079.33699	-0.00063
6077.40827	0.00016
6075.47955	-0.00130
6073.55082	-0.00279
6071.62210	-0.00246
6069.69337	-0.00086
6067.76465	0.00039
6065.83593	-0.00012
6063.90720	-0.00216
6061.97848	-0.00303
6060.04976	-0.00216
6058.12103	-0.00150
6056.19231	-0.00121
6054.26358	-0.00146
6052.33486	-0.00274
6050.40614	-0.00315
6048.47741	-0.00123
6046.54869	0.00153
6044.61997	0.00328
6042.69124	0.00313
6040.76252	0.00082
6038.83380	-0.00190
6036.90507	-0.00314
6034.97635	-0.00332
6033.04762	-0.00337
6031.11890	-0.00285
6029.19018	-0.00146
6027.26145	-0.00029
6025.33273	-0.00035
6023.40401	-0.00109
6021.47528	-0.00141
6019.54656	-0.00070
6017.61784	0.00044
6015.68911	0.00033
6013.76039	-0.00117
6011.83166	-0.00152
6009.90294	0.00052
6007.97422	0.00253
6006.04549	0.00218
6004.11677	0.00003
6002.18805	-0.00235
6000.25932	-0.00347
5998.33060	-0.00275
5996.40187	-0.00175
5994.47315	-0.00125
5992.54443	-0.00061
5990.61570	-0.00036
5988.68698	-0.00064
5986.75826	-0.00063
5984.82953	-0.00079
5982.90081	-0.00257
5980.97209	-0.00548
5979.04336	-0.00662
5977.11464	-0.00411
5975.18591	-0.00070
5973.25719	-0.00017
5971.32847	-0.00145
5969.39974	-0.00183
5967.47102	-0.00125
5965.54230	-0.00091
5963.61357	-0.00113
5961.68485	-0.00077
5959.75613	-0.00005
5957.82740	-0.00038
5955.89868	-0.00087
5953.96995	-0.00022
5952.04123	0.00020
5950.11251	-0.00058
5948.18378	-0.00108
5946.25506	-0.00126
5944.32634	-0.00256
5942.39761	-0.00399
5940.46889	-0.00377
5938.54017	-0.00239
5936.61144	-0.00164
5934.68272	-0.00213
5932.75399	-0.00263
5930.82527	-0.00205
5928.89655	-0.00067
5926.96782	0.00096
5925.03910	0.00131
5923.11038	-0.00027
5921.18165	-0.00149
5919.25293	-0.00172
5917.32420	-0.00236
5915.39548	-0.00328
5913.46676	-0.00390
5911.53803	-0.00371
5909.60931	-0.00242
5907.68059	-0.00116
5905.75186	-0.00103
5903.82314	-0.00114
5901.89442	-0.00028
5899.96569	0.00102
5898.03697	0.00061
5896.10824	-0.00224
5894.17952	-0.00413
5892.25080	-0.00306
5890.32207	-0.00104
5888.39335	0.00066
5886.46463	0.00102
5884.53590	-0.00028
5882.60718	-0.00135
5880.67846	-0.00168
5878.74973	-0.00215
5876.82101	-0.00273
5874.89228	-0.00293
5872.96356	-0.00229
5871.03484	-0.00124
5869.10611	-0.00111
5867.17739	-0.00149
5865.24867	-0.00039
5863.31994	0.00184
5861.39122	0.00259
5859.46249	0.00138
5857.53377	0.00007
5855.60505	-0.00059
5853.67632	-0.00134
5851.74760	-0.00215
5849.81888	-0.00201
5847.89015	-0.00151
5845.96143	-0.00202
5844.03271	-0.00203
5842.10398	-0.00060
5840.17526	-0.00028
5838.24653	-0.00185
5836.31781	-0.00226
5834.38909	-0.00036
5832.46036	0.00119
5830.53164	0.00092
5828.60292	-0.00037
5826.67419	-0.00152
5824.74547	-0.00175
5822.81675	-0.00190
5820.88802	-0.00253
5818.95930	-0.00262
5817.03057	-0.00220
5815.10185	-0.00227
5813.17313	-0.00331
5811.24440	-0.00517
5809.31568	-0.00654
5807.38696	-0.00575
5805.45823	-0.00311
5803.52951	-0.00108
5801.60078	-0.00047
5799.67206	0.00031
5797.74334	0.00114
5795.81461	0.00071
5793.88589	-0.00073
5791.95717	-0.00183
5790.02844	-0.00134
5788.09972	0.00021
5786.17100	0.00125
5784.24227	0.00171
5782.31355	0.00206
5780.38482	0.00199
5778.45610	0.00175
5776.52738	0.00193
5774.59865	0.00177
5772.66993	0.00035
5770.74121	-0.00143
5768.81248	-0.00175
5766.88376	-0.00066
5764.95504	0.00016
5763.02631	0.00031
5761.09759	0.00018
5759.16886	-0.00001
5757.24014	-0.00067
5755.31142	-0.00184
5753.38269	-0.00192
5751.45397	-0.00093
5749.52525	-0.00049
5747.59652	-0.00090
5745.66780	-0.00199
5743.73907	-0.00340
5741.81035	-0.00407
5739.88163	-0.00325
5737.95290	-0.00166
5736.02418	-0.00047
5734.09546	-0.00057
5732.16673	-0.00194
5730.23801	-0.00304
5728.30929	-0.00345
5726.38056	-0.00399
5724.45184	-0.00375
5722.52311	-0.00222
5720.59439	-0.00058
5718.66567	0.00050
5716.73694	0.00066
5714.80822	-0.00016
5712.87950	-0.00082
5710.95077	-0.00082
5709.02205	-0.00121
5707.09333	-0.00240
5705.16460	-0.00326
5703.23588	-0.00241
5701.30715	-0.00053
5699.37843	0.00001
5697.44971	-0.00092
5695.52098	-0.00185
5693.59226	-0.00234
5691.66354	-0.00218
5689.73481	-0.00155
5687.80609	-0.00113
5685.87736	-0.00129
5683.94864	-0.00251
5682.01992	-0.00331
5680.09119	-0.00198
5678.16247	-0.00094
5676.23375	-0.00166
5674.30502	-0.00192
5672.37630	-0.00099
5670.44758	-0.00025
5668.51885	-0.00013
5666.59013	-0.00033
5664.66140	-0.00105
5662.73268	-0.00177
5660.80396	-0.00180
5658.87523	-0.00200
5656.94651	-0.00263
5655.01779	-0.00269
5653.08906	-0.00156
5651.16034	-0.00002
5649.23162	0.00033
5647.30289	-0.00040
5645.37417	-0.00151
5643.44544	-0.00271
5641.51672	-0.00269
5639.58800	-0.00118
5637.65927	0.00012
5635.73055	0.00041
5633.80183	-0.00013
5631.87310	-0.00065
5629.94438	-0.00051
5628.01565	-0.00082
5626.08693	-0.00138
5624.15821	-0.00091
5622.22948	-0.00092
5620.30076	-0.00191
5618.37204	-0.00164
5616.44331	-0.00020
5614.51459	0.00026
5612.58587	-0.00058
5610.65714	-0.00174
5608.72842	-0.00308
5606.79969	-0.00411
5604.87097	-0.00373
5602.94225	-0.00290
5601.01352	-0.00291
5599.08480	-0.00280
5597.15608	-0.00195
5595.22735	-0.00109
5593.29863	-0.00136
5591.36991	-0.00233
5589.44118	-0.00292
5587.51246	-0.00310
5585.58373	-0.00298
5583.65501	-0.00244
5581.72629	-0.00216
5579.79756	-0.00235
5577.86884	-0.00200
5575.94012	-0.00138
5574.01139	-0.00196
5572.08267	-0.00325
5570.15394	-0.00368
5568.22522	-0.00315
5566.29650	-0.00258
5564.36777	-0.00269
5562.43905	-0.00317
5560.51033	-0.00280
5558.58160	-0.00163
5556.65288	-0.00095
5554.72416	-0.00121
5552.79543	-0.00204
5550.86671	-0.00293
5548.93798	-0.00319
5547.00926	-0.00258
5545.08054	-0.00195
5543.15181	-0.00204
5541.22309	-0.00238
5539.29437	-0.00248
5537.36564	-0.00239
5535.43692	-0.00233
5533.50820	-0.00240
5531.57947	-0.00222
5529.65075	-0.00168
5527.72202	-0.00148
5525.79330	-0.00221
5523.86458	-0.00331
5521.93585	-0.00304
5520.00713	-0.00132
5518.07841	-0.00059
5516.14968	-0.00143
5514.22096	-0.00167
5512.29224	-0.00100
5510.36351	-0.00077
5508.43479	-0.00116
5506.50606	-0.00172
5504.57734	-0.00199
5502.64862	-0.00194
5500.71989	-0.00199
5498.79117	-0.00214
5496.86245	-0.00198
5494.93372	-0.00129
5493.00500	-0.00048
5491.07627	-0.00050
5489.14755	-0.00156
5487.21883	-0.00265
5485.29010	-0.00285
5483.36138	-0.00246
5481.43266	-0.00237
5479.50393	-0.00266
5477.57521	-0.00317
5475.64649	-0.00368
5473.71776	-0.00321
5471.78904	-0.00198
5469.86031	-0.00156
5467.93159	-0.00173
5466.00287	-0.00119
5464.07414	-0.00041
5462.14542	-0.00073
5460.21670	-0.00197
5458.28797	-0.00297
5456.35925	-0.00333
5454.43053	-0.00300
5452.50180	-0.00203
5450.57308	-0.00121
5448.64435	-0.00079
5446.71563	-0.00037
5444.78691	-0.00013
5442.85818	-0.00025
5440.92946	-0.00043
5439.00074	-0.00065
5437.07201	-0.00083
5435.14329	-0.00085
5433.21456	-0.00102
5431.28584	-0.00143
5429.35712	-0.00191
5427.42839	-0.00219
5425.49967	-0.00193
5423.57095	-0.00123
5421.64222	-0.00047
5419.71350	-0.00001
5417.78478	-0.00004
5415.85605	-0.00051
5413.92733	-0.00123
5411.99860	-0.00182
5410.06988	-0.00198
5408.14116	-0.00170
5406.21243	-0.00103
5404.28371	-0.00034
5402.35499	-0.00036
5400.42626	-0.00116
5398.49754	-0.00178
5396.56882	-0.00170
5394.64009	-0.00127
5392.71137	-0.00061
5390.78264	-0.00020
5388.85392	-0.00093
5386.92520	-0.00207
5384.99647	-0.00203
5383.06775	-0.00103
5381.13903	-0.00044
5379.21030	-0.00076
5377.28158	-0.00182
5375.35285	-0.00309
5373.42413	-0.00351
5371.49541	-0.00270
5369.56668	-0.00178
5367.63796	-0.00150
5365.70924	-0.00146
5363.78051	-0.00162
5361.85179	-0.00216
5359.92307	-0.00249
5357.99434	-0.00226
5356.06562	-0.00186
5354.13689	-0.00147
5352.20817	-0.00101
5350.27945	-0.00066
5348.35072	-0.00060
5346.42200	-0.00081
5344.49328	-0.00109
5342.56455	-0.00123
5340.63583	-0.00156
5338.70711	-0.00240
5336.77838	-0.00271
5334.84966	-0.00151
5332.92093	0.00000
5330.99221	0.00021
5329.06349	-0.00070
5327.13476	-0.00193
5325.20604	-0.00311
5323.27732	-0.00371
5321.34859	-0.00374
5319.41987	-0.00339
5317.49114	-0.00243
5315.56242	-0.00116
5313.63370	-0.00068
5311.70497	-0.00140
5309.77625	-0.00213
5307.84753	-0.00179
5305.91880	-0.00100
5303.99008	-0.00063
5302.06136	-0.00062
5300.13263	-0.00076
5298.20391	-0.00105
5296.27518	-0.00147
5294.34646	-0.00214
5292.41774	-0.00287
5290.48901	-0.00287
5288.56029	-0.00210
5286.63157	-0.00141
5284.70284	-0.00144
5282.77412	-0.00192
5280.84540	-0.00195
5278.91667	-0.00140
5276.98795	-0.00129
5275.05922	-0.00215
5273.13050	-0.00296
5271.20178	-0.00305
5269.27305	-0.00331
5267.34433	-0.00384
5265.41561	-0.00370
5263.48688	-0.00322
5261.55816	-0.00344
5259.62943	-0.00412
5257.70071	-0.00462
5255.77199	-0.00525
5253.84326	-0.00589
5251.91454	-0.00529
5249.98582	-0.00346
5248.05709	-0.00215
5246.12837	-0.00236
5244.19965	-0.00333
5242.27092	-0.00390
5240.34220	-0.00377
5238.41347	-0.00357
5236.48475	-0.00374
5234.55603	-0.00420
5232.62730	-0.00460
5230.69858	-0.00470
5228.76986	-0.00470
5226.84113	-0.00507
5224.91241	-0.00563
5222.98369	-0.00532
5221.05496	-0.00403
5219.12624	-0.00309
5217.19751	-0.00307
5215.26879	-0.00322
5213.34007	-0.00351
5211.41134	-0.00442
5209.48262	-0.00522
5207.55390	-0.00503
5205.62517	-0.00436
5203.69645	-0.00398
5201.76772	-0.00408
5199.83900	-0.00457
5197.91028	-0.00500
5195.98155	-0.00512
5194.05283	-0.00514
5192.12411	-0.00549
5190.19538	-0.00608
5188.26666	-0.00605
5186.33794	-0.00516
5184.40921	-0.00423
5182.48049	-0.00393
5180.55176	-0.00430
5178.62304	-0.00498
5176.69432	-0.00552
5174.76559	-0.00565
5172.83687	-0.00541
5170.90815	-0.00500
5168.97942	-0.00479
5167.05070	-0.00512
5165.12198	-0.00530
5163.19325	-0.00457
5161.26453	-0.00368
5159.33580	-0.00339
5157.40708	-0.00355
5155.47836	-0.00381
5153.54963	-0.00409
5151.62091	-0.00441
5149.69219	-0.00474
5147.76346	-0.00492
5145.83474	-0.00470
5143.90601	-0.00424
5141.97729	-0.00396
5140.04857	-0.00402
5138.11984	-0.00430
5136.19112	-0.00434
5134.26240	-0.00378
5132.33367	-0.00314
5130.40495	-0.00295
5128.47623	-0.00296
5126.54750	-0.00313
5124.61878	-0.00360
5122.69005	-0.00384
5120.76133	-0.00345
5118.83261	-0.00305
5116.90388	-0.00315
5114.97516	-0.00303
5113.04644	-0.00247
5111.11771	-0.00245
5109.18899	-0.00326
5107.26027	-0.00382
5105.33154	-0.00353
5103.40282	-0.00307
5101.47409	-0.00300
5099.54537	-0.00296
5097.61665	-0.00261
5095.68792	-0.00236
5093.75920	-0.00249
5091.83048	-0.00278
5089.90175	-0.00318
5087.97303	-0.00380
5086.04431	-0.00412
5084.11558	-0.00386
5082.18686	-0.00386
5080.25813	-0.00431
5078.32941	-0.00431
5076.40069	-0.00365
5074.47196	-0.00298
5072.54324	-0.00257
5070.61452	-0.00223
5068.68579	-0.00222
5066.75707	-0.00266
5064.82834	-0.00283
5062.89962	-0.00239
5060.97090	-0.00185
5059.04217	-0.00152
5057.11345	-0.00163
5055.18473	-0.00226
5053.25600	-0.00259
5051.32728	-0.00210
5049.39856	-0.00136
5047.46983	-0.00108
5045.54111	-0.00149
5043.61238	-0.00198
5041.68366	-0.00193
5039.75494	-0.00185
5037.82621	-0.00226
5035.89749	-0.00260
5033.96877	-0.00227
5032.04004	-0.00174
5030.11132	-0.00160
5028.18260	-0.00172
5026.25387	-0.00175
5024.32515	-0.00159
5022.39642	-0.00150
5020.46770	-0.00166
5018.53898	-0.00184
5016.61025	-0.00181
5014.68153	-0.00171
5012.75281	-0.00190
5010.82408	-0.00204
5008.89536	-0.00165
5006.96663	-0.00128
5005.03791	-0.00133
5003.10919	-0.00109
5001.18046	-0.00044
4999.25174	-0.00012
4997.32302	-0.00059
4995.39429	-0.00110
4993.46557	-0.00066
4991.53685	0.00034
4989.60812	0.00058
4987.67940	-0.00010
4985.75067	-0.00084
4983.82195	-0.00120
4981.89323	-0.00141
4979.96450	-0.00169
4978.03578	-0.00145
4976.10706	-0.00031
4974.17833	0.00075
4972.24961	0.00063
4970.32089	-0.00031
4968.39216	-0.00088
4966.46344	-0.00081
4964.53471	-0.00050
4962.60599	0.00018
4960.67727	0.00083
4958.74854	0.00060
4956.81982	-0.00013
4954.89110	-0.00062
4952.96237	-0.00063
4951.03365	-0.00005
4949.10492	0.00071
4947.17620	0.00104
4945.24748	0.00087
4943.31875	0.00059
4941.39003	0.00050
4939.46131	0.00039
4937.53258	0.00006
4935.60386	-0.00038
4933.67514	-0.00077
4931.74641	-0.00082
4929.81769	-0.00012
4927.88896	0.00113
4925.96024	0.00184
4924.03152	0.00153
4922.10279	0.00097
4920.17407	0.00059
4918.24535	0.00010
4916.31662	-0.00038
4914.38790	-0.00038
4912.45918	0.00008
4910.53045	0.00028
4908.60173	-0.00020
4906.67300	-0.00068
4904.74428	-0.00034
4902.81556	0.00043
4900.88683	0.00059
4898.95811	0.00000
4897.02939	-0.00048
4895.10066	-0.00018
4893.17194	0.00055
4891.24321	0.00086
4889.31449	0.00054
4887.38577	0.00023
4885.45704	0.00029
4883.52832	0.00043
4881.59960	0.00060
4879.67087	0.00103
4877.74215	0.00130
4875.81343	0.00079
4873.88470	-0.00003
4871.95598	-0.00025
4870.02725	-0.00014
4868.09853	-0.00041
4866.16981	-0.00069
4864.24108	-0.00032
4862.31236	0.00041
4860.38364	0.00045
4858.45491	-0.00015
4856.52619	-0.00016
4854.59747	0.00019
4852.66874	0.00002
4850.74002	-0.00053
4848.81129	-0.00094
4846.88257	-0.00104
4844.95385	-0.00068
4843.02512	0.00009
4841.09640	0.00063
4839.16768	0.00044
4837.23895	-0.00024
4835.31023	-0.00088
4833.38150	-0.00104
4831.45278	-0.00063
4829.52406	-0.00030
4827.59533	-0.00063
4825.66661	-0.00098
4823.73789	-0.00078
4821.80916	-0.00048
4819.88044	-0.00028
4817.95172	-0.00008
4816.02299	-0.00010
4814.09427	-0.00028
4812.16554	-0.00018
4810.23682	0.00036
4808.30810	0.00100
4806.37937	0.00130
4804.45065	0.00082
4802.52193	-0.00021
4800.59320	-0.00078
4798.66448	-0.00069
4796.73576	-0.00052
4794.80703	-0.00027
4792.87831	-0.00010
4790.94958	-0.00042
4789.02086	-0.00106
4787.09214	-0.00150
4785.16341	-0.00128
4783.23469	-0.00086
4781.30597	-0.00104
4779.37724	-0.00158
4777.44852	-0.00184
4775.51979	-0.00163
4773.59107	-0.00111
4771.66235	-0.00044
4769.73362	-0.00029
4767.80490	-0.00095
4765.87618	-0.00122
4763.94745	-0.00055
4762.01873	-0.00010
4760.09001	-0.00042
4758.16128	-0.00071
4756.23256	-0.00067
4754.30383	-0.00093
4752.37511	-0.00137
4750.44639	-0.00131
4748.51766	-0.00105
4746.58894	-0.00105
4744.66022	-0.00108
4742.73149	-0.00096
4740.80277	-0.00092
4738.87405	-0.00098
4736.94532	-0.00081
4735.01660	-0.00044
4733.08787	-0.00022
4731.15915	-0.00026
4729.23043	-0.00070
4727.30170	-0.00146
4725.37298	-0.00160
4723.44426	-0.00080
4721.51553	-0.00001
4719.58681	0.00022
4717.65808	0.00028
4715.72936	0.00049
4713.80064	0.00048
4711.87191	-0.00007
4709.94319	-0.00078
4708.01447	-0.00128
4706.08574	-0.00134
4704.15702	-0.00079
4702.22830	-0.00021
4700.29957	-0.00038
4698.37085	-0.00087
4696.44212	-0.00079
4694.51340	-0.00033
4692.58468	-0.00031
4690.65595	-0.00062
4688.72723	-0.00055
4686.79851	-0.00034
4684.86978	-0.00047
4682.94106	-0.00067
4681.01234	-0.00069
4679.08361	-0.00047
4677.15489	0.00020
4675.22616	0.00087
4673.29744	0.00082
4671.36872	0.00027
4669.43999	-0.00020
4667.51127	-0.00041
4665.58255	-0.00048
4663.65382	-0.00042
4661.72510	-0.00013
4659.79638	-0.00010
4657.86765	-0.00079
4655.93893	-0.00123
4654.01020	-0.00099
4652.08148	-0.00096
4650.15276	-0.00103
4648.22403	-0.00056
4646.29531	-0.00005
4644.36659	-0.00002
4642.43786	-0.00011
4640.50914	-0.00015
4638.58041	-0.00035
4636.65169	-0.00056
4634.72297	-0.00097
4632.79424	-0.00155
4630.86552	-0.00154
4628.93680	-0.00110
4627.00807	-0.00095
4625.07935	-0.00084
4623.15063	-0.00050
4621.22190	-0.00033
4619.29318	-0.00065
4617.36445	-0.00121
4615.43573	-0.00124
4613.50701	-0.00066
4611.57828	-0.00029
4609.64956	-0.00051
4607.72084	-0.00087
4605.79211	-0.00087
4603.86339	-0.00032
4601.93467	0.00039
4600.00594	0.00061
4598.07722	0.00038
4596.14849	0.00006
4594.21977	-0.00030
4592.29105	-0.00049
4590.36232	-0.00018
4588.43360	0.00030
4586.50488	0.00025
4584.57615	-0.00050
4582.64743	-0.00134
4580.71870	-0.00181
4578.78998	-0.00192
4576.86126	-0.00160
4574.93253	-0.00087
4573.00381	-0.00019
4571.07509	0.00003
4569.14636	-0.00022
4567.21764	-0.00074
4565.28892	-0.00108
4563.36019	-0.00095
4561.43147	-0.00059
4559.50274	-0.00035
4557.57402	-0.00034
4555.64530	-0.00039
4553.71657	-0.00034
4551.78785	-0.00028
4549.85913	-0.00023
4547.93040	-0.00006
4546.00168	0.00000
4544.07296	-0.00032
4542.14423	-0.00059
4540.21551	-0.00055
4538.28678	-0.00048
4536.35806	-0.00032
4534.42934	0.00019
4532.50061	0.00065
4530.57189	0.00057
4528.64317	0.00009
4526.71444	-0.00027
4524.78572	-0.00054
4522.85699	-0.00088
4520.92827	-0.00100
4518.99955	-0.00075
4517.07082	-0.00051
4515.14210	-0.00032
4513.21338	0.00003
4511.28465	0.00027
4509.35593	-0.00001
4507.42721	-0.00053
4505.49848	-0.00062
4503.56976	-0.00030
4501.64103	-0.00019
4499.71231	-0.00053
4497.78359	-0.00078
4495.85486	-0.00051
4493.92614	-0.00006
4491.99742	-0.00006
4490.06869	-0.00040
4488.13997	-0.00038
4486.21125	0.00012
4484.28252	0.00052
4482.35380	0.00048
4480.42507	0.00016
4478.49635	-0.00030
4476.56763	-0.00077
4474.63890	-0.00077
4472.71018	-0.00034
4470.78146	-0.00010
4468.85273	-0.00015
4466.92401	-0.00012
4464.99528	0.00010
4463.06656	0.00036
4461.13784	0.00057
4459.20911	0.00065
4457.28039	0.00065
4455.35167	0.00096
4453.42294	0.00134
4451.49422	0.00115
4449.56550	0.00074
4447.63677	0.00061
4445.70805	0.00053
4443.77932	0.00041
4441.85060	0.00043
4439.92188	0.00039
4437.99315	0.00035
4436.06443	0.00054
4434.13571	0.00063
4432.20698	0.00038
4430.27826	0.00030
4428.34954	0.00075
4426.42081	0.00101
4424.49209	0.00049
4422.56336	-0.00003
4420.63464	-0.00002
4418.70592	0.00031
4416.77719	0.00069
4414.84847	0.00086
4412.91975	0.00088
4410.99102	0.00070
4409.06230	0.00017
4407.13357	-0.00031
4405.20485	-0.00030
4403.27613	0.00009
4401.34740	0.00046
4399.41868	0.00052
4397.48996	0.00047
4395.56123	0.00036
4393.63251	0.00016
4391.70379	0.00010
4389.77506	0.00005
4387.84634	-0.00013
4385.91761	-0.00008
4383.98889	0.00034
4382.06017	0.00080
4380.13144	0.00098
4378.20272	0.00067
4376.27400	0.00012
4374.34527	-0.00001
4372.41655	0.00039
4370.48783	0.00078
4368.55910	0.00081
4366.63038	0.00055
4364.70165	0.00037
4362.77293	0.00053
4360.84421	0.00070
4358.91548	0.00034
4356.98676	-0.00016
4355.05804	-0.00022
4353.12931	-0.00014
4351.20059	-0.00019
4349.27186	-0.00016
4347.34314	-0.00011
4345.41442	-0.00012
4343.48569	0.00009
4341.55697	0.00038
4339.62825	0.00021
4337.69952	-0.00010
4335.77080	-0.00009
4333.84208	-0.00004
4331.91335	0.00007
4329.98463	0.00057
4328.05590	0.00110
4326.12718	0.00104
4324.19846	0.00057
4322.26973	0.00034
4320.34101	0.00033
4318.41229	0.00013
4316.48356	-0.00012
4314.55484	-0.00013
4312.62612	0.00000
4310.69739	-0.00009
4308.76867	-0.00036
4306.83994	-0.00045
4304.91122	-0.00045
4302.98250	-0.00046
4301.05377	-0.00045
4299.12505	-0.00040
4297.19633	-0.00015
4295.26760	0.00043
4293.33888	0.00080
4291.41015	0.00058
4289.48143	0.00032
4287.55271	0.00037
4285.62398	0.00036
4283.69526	0.00009
4281.76654	-0.00020
4279.83781	-0.00034
4277.90909	-0.00018
4275.98037	0.00006
4274.05164	-0.00020
4272.12292	-0.00092
4270.19419	-0.00135
4268.26547	-0.00105
4266.33675	-0.00047
4264.40802	-0.00036
4262.47930	-0.00061
4260.55058	-0.00049
4258.62185	-0.00003
4256.69313	0.00003
4254.76441	-0.00020
4252.83568	-0.00021
4250.90696	-0.00007
4248.97823	0.00015
4247.04951	0.00044
4245.12079	0.00033
4243.19206	-0.00029
4241.26334	-0.00063
4239.33462	-0.00044
4237.40589	-0.00027
4235.47717	-0.00033
4233.54845	-0.00049
4231.61972	-0.00059
4229.69100	-0.00048
4227.76227	-0.00034
4225.83355	-0.00034
4223.90483	-0.00037
4221.97610	-0.00038
4220.04738	-0.00052
4218.11866	-0.00089
4216.18993	-0.00110
4214.26121	-0.00074
4212.33248	-0.00014
4210.40376	-0.00001
4208.47504	-0.00028
4206.54631	-0.00049
4204.61759	-0.00064
4202.68887	-0.00065
4200.76014	-0.00037
4198.83142	-0.00017
4196.90270	-0.00027
4194.97397	-0.00051
4193.04525	-0.00062
4191.11652	-0.00044
4189.18780	-0.00009
4187.25908	-0.00006
4185.33035	-0.00042
4183.40163	-0.00062
4181.47291	-0.00034
4179.54418	0.00008
4177.61546	0.00020
4175.68674	0.00006
4173.75801	-0.00021
4171.82929	-0.00064
4169.90056	-0.00105
4167.97184	-0.00108
4166.04312	-0.00081
4164.11439	-0.00061
4162.18567	-0.00047
4160.25695	-0.00025
4158.32822	-0.00020
4156.39950	-0.00040
4154.47077	-0.00054
4152.54205	-0.00053
4150.61333	-0.00066
4148.68460	-0.00101
4146.75588	-0.00117
4144.82716	-0.00107
4142.89843	-0.00107
4140.96971	-0.00118
4139.04099	-0.00132
4137.11226	-0.00167
4135.18354	-0.00210
4133.25481	-0.00223
4131.32609	-0.00194
4129.39737	-0.00145
4127.46864	-0.00111
4125.53992	-0.00092
4123.61120	-0.00061
4121.68247	-0.00036
4119.75375	-0.00056
4117.82503	-0.00114
4115.89630	-0.00164
4113.96758	-0.00179
4112.03885	-0.00171
4110.11013	-0.00155
4108.18141	-0.00128
4106.25268	-0.00089
4104.32396	-0.00052
4102.39524	-0.00034
4100.46651	-0.00045
4098.53779	-0.00085
4096.60906	-0.00125
4094.68034	-0.00132
4092.75162	-0.00120
4090.82289	-0.00128
4088.89417	-0.00156
4086.96545	-0.00158
4085.03672	-0.00124
4083.10800	-0.00108
4081.17928	-0.00141
4079.25055	-0.00186
4077.32183	-0.00198
4075.39310	-0.00174
4073.46438	-0.00132
4071.53566	-0.00092
4069.60693	-0.00067
4067.67821	-0.00068
4065.74949	-0.00086
4063.82076	-0.00107
4061.89204	-0.00129
4059.96332	-0.00146
4058.03459	-0.00155
4056.10587	-0.00153
4054.17714	-0.00160
4052.24842	-0.00193
4050.31970	-0.00222
4048.39097	-0.00223
4046.46225	-0.00217
4044.53353	-0.00215
4042.60480	-0.00209
4040.67608	-0.00203
4038.74735	-0.00207
4036.81863	-0.00210
4034.88991	-0.00205
4032.96118	-0.00197
4031.03246	-0.00179
4029.10374	-0.00174
4027.17501	-0.00200
4025.24629	-0.00217
4023.31757	-0.00212
4021.38884	-0.00205
4019.46012	-0.00191
4017.53139	-0.00154
4015.60267	-0.00118
4013.67395	-0.00110
4011.74522	-0.00123
4009.81650	-0.00147
4007.88778	-0.00177
4005.95905	-0.00193
4004.03033	-0.00212
4002.10161	-0.00245
4000.17288	-0.00244
3998.24416	-0.00202
3996.31543	-0.00175
3994.38671	-0.00196
3992.45799	-0.00235
3990.52926	-0.00254
3988.60054	-0.00240
3986.67182	-0.00216
3984.74309	-0.00206
3982.81437	-0.00203
3980.88564	-0.00207
3978.95692	-0.00236
3977.02820	-0.00264
3975.09947	-0.00248
3973.17075	-0.00208
3971.24203	-0.00195
3969.31330	-0.00220
3967.38458	-0.00250
3965.45586	-0.00249
3963.52713	-0.00224
3961.59841	-0.00217
3959.66968	-0.00248
3957.74096	-0.00291
3955.81224	-0.00309
3953.88351	-0.00283
3951.95479	-0.00249
3950.02607	-0.00258
3948.09734	-0.00287
3946.16862	-0.00274
3944.23990	-0.00239
3942.31117	-0.00235
3940.38245	-0.00249
3938.45372	-0.00244
3936.52500	-0.00232
3934.59628	-0.00237
3932.66755	-0.00251
3930.73883	-0.00241
3928.81011	-0.00210
3926.88138	-0.00193
3924.95266	-0.00217
3923.02393	-0.00263
3921.09521	-0.00288
3919.16649	-0.00273
3917.23776	-0.00252
3915.30904	-0.00261
3913.38032	-0.00293
3911.45159	-0.00311
3909.52287	-0.00290
3907.59415	-0.00249
3905.66542	-0.00230
3903.73670	-0.00243
3901.80797	-0.00272
3899.87925	-0.00301
3897.95053	-0.00306
3896.02180	-0.00278
3894.09308	-0.00248
3892.16436	-0.00259
3890.23563	-0.00292
3888.30691	-0.00303
3886.37819	-0.00299
3884.44946	-0.00298
3882.52074	-0.00287
3880.59201	-0.00266
3878.66329	-0.00258
3876.73457	-0.00272
3874.80584	-0.00302
3872.87712	-0.00334
3870.94840	-0.00357
3869.01967	-0.00371
3867.09095	-0.00378
3865.16222	-0.00379
3863.23350	-0.00372
3861.30478	-0.00356
3859.37605	-0.00324
3857.44733	-0.00278
3855.51861	-0.00233
3853.58988	-0.00224
3851.66116	-0.00272
3849.73244	-0.00326
3847.80371	-0.00351
3845.87499	-0.00355
3843.94626	-0.00348
3842.01754	-0.00333
3840.08882	-0.00317
3838.16009	-0.00306
3836.23137	-0.00300
3834.30265	-0.00308
3832.37392	-0.00343
3830.44520	-0.00381
3828.51648	-0.00397
3826.58775	-0.00396
3824.65903	-0.00390
3822.73030	-0.00377
3820.80158	-0.00369
3818.87286	-0.00367
3816.94413	-0.00362
3815.01541	-0.00358
3813.08669	-0.00347
3811.15796	-0.00332
3809.22924	-0.00339
3807.30052	-0.00384
3805.37179	-0.00429
3803.44307	-0.00437
3801.51434	-0.00438
3799.58562	-0.00457
3797.65690	-0.00476
3795.72817	-0.00473
3793.79945	-0.00438
3791.87073	-0.00386
3789.94200	-0.00350
3788.01328	-0.00344
3786.08455	-0.00362
3784.15583	-0.00379
3782.22711	-0.00362
3780.29838	-0.00323
3778.36966	-0.00312
3776.44094	-0.00352
3774.51221	-0.00409
3772.58349	-0.00436
3770.65477	-0.00433
3768.72604	-0.00427
3766.79732	-0.00431
3764.86859	-0.00448
3762.93987	-0.00472
3761.01115	-0.00491
3759.08242	-0.00513
3757.15370	-0.00540
3755.22498	-0.00536
3753.29625	-0.00481
3751.36753	-0.00427
3749.43881	-0.00437
3747.51008	-0.00497
3745.58136	-0.00573
3743.65263	-0.00637
3741.72391	-0.00655
3739.79519	-0.00637
3737.86646	-0.00629
3735.93774	-0.00649
3734.00902	-0.00668
3732.08029	-0.00658
3730.15157	-0.00642
3728.22284	-0.00650
3726.29412	-0.00669
3724.36540	-0.00683
3722.43667	-0.00695
3720.50795	-0.00702
3718.57923	-0.00685
3716.65050	-0.00646
3714.72178	-0.00606
3712.79306	-0.00575
3710.86433	-0.00551
3708.93561	-0.00540
3707.00688	-0.00542
3705.07816	-0.00538
3703.14944	-0.00525
3701.22071	-0.00522
3699.29199	-0.00536
3697.36327	-0.00568
3695.43454	-0.00620
3693.50582	-0.00681
3691.57710	-0.00740
3689.64837	-0.00802
3687.71965	-0.00876
3685.79092	-0.00967
3683.86220	-0.01072
3681.93348	-0.01158
3680.00475	-0.01209
3678.07603	-0.01243
3676.14731	-0.01275
3674.21858	-0.01306
3672.28986	-0.01318
3670.36113	-0.01324
3668.43241	-0.01357
3666.50369	-0.01407
3664.57496	-0.01450
3662.64624	-0.01480
3660.71752	-0.01507
3658.78879	-0.01545
3656.86007	-0.01605
3654.93135	-0.01653
3653.00262	-0.01641
3651.07390	-0.01603
3649.14517	-0.01631
3647.21645	-0.01736
3645.28773	-0.01846
3643.35900	-0.01913
3641.43028	-0.01947
3639.50156	-0.01979
3637.57283	-0.02030
3635.64411	-0.02083
3633.71539	-0.02091
3631.78666	-0.02047
3629.85794	-0.02000
3627.92921	-0.02005
3626.00049	-0.02040
3624.07177	-0.02050
3622.14304	-0.02030
3620.21432	-0.02031
3618.28560	-0.02099
3616.35687	-0.02200
3614.42815	-0.02265
3612.49942	-0.02277
3610.57070	-0.02276
3608.64198	-0.02307
3606.71325	-0.02366
3604.78453	-0.02417
3602.85581	-0.02445
3600.92708	-0.02465
3598.99836	-0.02485
3597.06964	-0.02498
3595.14091	-0.02510
3593.21219	-0.02524
3591.28346	-0.02532
3589.35474	-0.02541
3587.42602	-0.02566
3585.49729	-0.02596
3583.56857	-0.02624
3581.63985	-0.02649
3579.71112	-0.02661
3577.78240	-0.02665
3575.85368	-0.02670
3573.92495	-0.02666
3571.99623	-0.02665
3570.06750	-0.02678
3568.13878	-0.02679
3566.21006	-0.02669
3564.28133	-0.02675
3562.35261	-0.02694
3560.42389	-0.02718
3558.49516	-0.02756
3556.56644	-0.02806
3554.63771	-0.02826
3552.70899	-0.02801
3550.78027	-0.02780
3548.85154	-0.02790
3546.92282	-0.02804
3544.99410	-0.02820
3543.06537	-0.02844
3541.13665	-0.02864
3539.20793	-0.02874
3537.27920	-0.02869
3535.35048	-0.02851
3533.42175	-0.02824
3531.49303	-0.02786
3529.56431	-0.02774
3527.63558	-0.02807
3525.70686	-0.02844
3523.77814	-0.02865
3521.84941	-0.02894
3519.92069	-0.02933
3517.99197	-0.02956
3516.06324	-0.02966
3514.13452	-0.02986
3512.20579	-0.03008
3510.27707	-0.03023
3508.34835	-0.03038
3506.41962	-0.03040
3504.49090	-0.03037
3502.56218	-0.03057
3500.63345	-0.03092
3498.70473	-0.03117
3496.77600	-0.03135
3494.84728	-0.03147
3492.91856	-0.03133
3490.98983	-0.03101
3489.06111	-0.03082
3487.13239	-0.03095
3485.20366	-0.03120
3483.27494	-0.03121
3481.34622	-0.03103
3479.41749	-0.03113
3477.48877	-0.03162
3475.56004	-0.03201
3473.63132	-0.03193
3471.70260	-0.03177
3469.77387	-0.03188
3467.84515	-0.03213
3465.91643	-0.03239
3463.98770	-0.03250
3462.05898	-0.03247
3460.13026	-0.03262
3458.20153	-0.03307
3456.27281	-0.03355
3454.34408	-0.03391
3452.41536	-0.03409
3450.48664	-0.03409
3448.55791	-0.03399
3446.62919	-0.03390
3444.70047	-0.03396
3442.77174	-0.03437
3440.84302	-0.03495
3438.91429	-0.03521
3436.98557	-0.03515
3435.05685	-0.03527
3433.12812	-0.03563
3431.19940	-0.03598
3429.27068	-0.03633
3427.34195	-0.03693
3425.41323	-0.03771
3423.48451	-0.03824
3421.55578	-0.03835
3419.62706	-0.03822
3417.69833	-0.03806
3415.76961	-0.03801
3413.84089	-0.03832
3411.91216	-0.03888
3409.98344	-0.03932
3408.05472	-0.03961
3406.12599	-0.03985
3404.19727	-0.04008
3402.26855	-0.04036
3400.33982	-0.04063
3398.41110	-0.04093
3396.48237	-0.04112
3394.55365	-0.04145
3392.62493	-0.04186
3390.69620	-0.04218
3388.76748	-0.04237
3386.83876	-0.04262
3384.91003	-0.04284
3382.98131	-0.04291
3381.05259	-0.04317
3379.12386	-0.04362
3377.19514	-0.04392
3375.26641	-0.04426
3373.33769	-0.04473
3371.40897	-0.04515
3369.48024	-0.04562
3367.55152	-0.04627
3365.62280	-0.04699
3363.69407	-0.04759
3361.76535	-0.04790
3359.83662	-0.04815
3357.90790	-0.04860
3355.97918	-0.04912
3354.05045	-0.04945
3352.12173	-0.04954
3350.19301	-0.04959
3348.26428	-0.04977
3346.33556	-0.05015
3344.40684	-0.05079
3342.47811	-0.05153
3340.54939	-0.05195
3338.62066	-0.05177
3336.69194	-0.05141
3334.76322	-0.05162
3332.83449	-0.05240
3330.90577	-0.05296
3328.97705	-0.05309
3327.04832	-0.05339
3325.11960	-0.05399
3323.19088	-0.05460
3321.26215	-0.05510
3319.33343	-0.05533
3317.40470	-0.05538
3315.47598	-0.05559
3313.54726	-0.05581
3311.61853	-0.05578
3309.68981	-0.05580
3307.76109	-0.05624
3305.83236	-0.05696
3303.90364	-0.05759
3301.97491	-0.05813
3300.04619	-0.05871
3298.11747	-0.05910
3296.18874	-0.05921
3294.26002	-0.05937
3292.33130	-0.05972
3290.40257	-0.06014
3288.47385	-0.06051
3286.54513	-0.06082
3284.61640	-0.06117
3282.68768	-0.06162
3280.75895	-0.06210
3278.83023	-0.06260
3276.90151	-0.06323
3274.97278	-0.06379
3273.04406	-0.06407
3271.11534	-0.06423
3269.18661	-0.06445
3267.25789	-0.06479
3265.32917	-0.06536
3263.40044	-0.06604
3261.47172	-0.06657
3259.54299	-0.06683
3257.61427	-0.06695
3255.68555	-0.06721
3253.75682	-0.06773
3251.82810	-0.06836
3249.89938	-0.06891
3247.97065	-0.06926
3246.04193	-0.06964
3244.11320	-0.07022
3242.18448	-0.07076
3240.25576	-0.07114
3238.32703	-0.07140
3236.39831	-0.07159
3234.46959	-0.07189
3232.54086	-0.07224
3230.61214	-0.07245
3228.68342	-0.07277
3226.75469	-0.07337
3224.82597	-0.07407
3222.89724	-0.07470
3220.96852	-0.07510
3219.03980	-0.07535
3217.11107	-0.07561
3215.18235	-0.07566
3213.25363	-0.07542
3211.32490	-0.07531
3209.39618	-0.07550
3207.46746	-0.07563
3205.53873	-0.07554
3203.61001	-0.07549
3201.68128	-0.07562
3199.75256	-0.07589
3197.82384	-0.07631
3195.89511	-0.07688
3193.96639	-0.07721
3192.03767	-0.07727
3190.10894	-0.07758
3188.18022	-0.07813
3186.25149	-0.07852
3184.32277	-0.07875
3182.39405	-0.07890
3180.46532	-0.07906
3178.53660	-0.07943
3176.60788	-0.07979
3174.67915	-0.07980
3172.75043	-0.07960
3170.82171	-0.07958
3168.89298	-0.07980
3166.96426	-0.07984
3165.03553	-0.07961
3163.10681	-0.07955
3161.17809	-0.07963
3159.24936	-0.07954
3157.32064	-0.07942
3155.39192	-0.07951
3153.46319	-0.07971
3151.53447	-0.07988
3149.60575	-0.07986
3147.67702	-0.07952
3145.74830	-0.07924
3143.81957	-0.07930
3141.89085	-0.07942
3139.96213	-0.07944
3138.03340	-0.07945
3136.10468	-0.07936
3134.17596	-0.07928
3132.24723	-0.07936
3130.31851	-0.07944
3128.38978	-0.07937
3126.46106	-0.07907
3124.53234	-0.07852
3122.60361	-0.07795
3120.67489	-0.07769
3118.74617	-0.07766
3116.81744	-0.07761
3114.88872	-0.07763
3112.96000	-0.07753
3111.03127	-0.07687
3109.10255	-0.07599
3107.17382	-0.07551
3105.24510	-0.07528
3103.31638	-0.07480
3101.38765	-0.07412
3099.45893	-0.07346
3097.53021	-0.07282
3095.60148	-0.07207
3093.67276	-0.07114
3091.74404	-0.07019
3089.81531	-0.06961
3087.88659	-0.06932
3085.95786	-0.06880
3084.02914	-0.06788
3082.10042	-0.06673
3080.17169	-0.06561
3078.24297	-0.06488
3076.31425	-0.06458
3074.38552	-0.06422
3072.45680	-0.06340
3070.52807	-0.06220
3068.59935	-0.06104
3066.67063	-0.06033
3064.74190	-0.05995
3062.81318	-0.05963
3060.88446	-0.05927
3058.95573	-0.05883
3057.02701	-0.05825
3055.09829	-0.05765
3053.16956	-0.05723
3051.24084	-0.05689
3049.31211	-0.05629
3047.38339	-0.05546
3045.45467	-0.05478
3043.52594	-0.05446
3041.59722	-0.05426
3039.66850	-0.05401
3037.73977	-0.05360
3035.81105	-0.05307
3033.88233	-0.05263
3031.95360	-0.05242
3030.02488	-0.05233
3028.09615	-0.05232
3026.16743	-0.05241
3024.23871	-0.05245
3022.30998	-0.05221
3020.38126	-0.05152
3018.45254	-0.05037
3016.52381	-0.04932
3014.59509	-0.04921
3012.66636	-0.04993
3010.73764	-0.05037
3008.80892	-0.05009
3006.88019	-0.04956
3004.95147	-0.04899
3003.02275	-0.04824
3001.09402	-0.04746
2999.16530	-0.04682
2997.23658	-0.04632
2995.30785	-0.04583
2993.37913	-0.04530
2991.45040	-0.04481
2989.52168	-0.04443
2987.59296	-0.04407
2985.66423	-0.04371
2983.73551	-0.04336
2981.80679	-0.04279
2979.87806	-0.04186
2977.94934	-0.04057
2976.02062	-0.03926
2974.09189	-0.03869
2972.16317	-0.03885
2970.23444	-0.03897
2968.30572	-0.03894
2966.37700	-0.03895
2964.44827	-0.03891
2962.51955	-0.03863
2960.59083	-0.03799
2958.66210	-0.03720
2956.73338	-0.03650
2954.80466	-0.03569
2952.87593	-0.03478
2950.94721	-0.03426
2949.01848	-0.03419
2947.08976	-0.03416
2945.16104	-0.03390
2943.23231	-0.03365
2941.30359	-0.03366
2939.37487	-0.03368
2937.44614	-0.03360
2935.51742	-0.03371
2933.58869	-0.03388
2931.65997	-0.03372
2929.73125	-0.03344
2927.80252	-0.03342
2925.87380	-0.03348
2923.94508	-0.03335
2922.01635	-0.03315
2920.08763	-0.03292
2918.15891	-0.03235
2916.23018	-0.03130
2914.30146	-0.03009
2912.37273	-0.02904
2910.44401	-0.02810
2908.51529	-0.02725
2906.58656	-0.02672
2904.65784	-0.02646
2902.72912	-0.02598
2900.80039	-0.02515
2898.87167	-0.02440
2896.94295	-0.02397
2895.01422	-0.02362
2893.08550	-0.02314
2891.15677	-0.02264
2889.22805	-0.02230
2887.29933	-0.02211
2885.37060	-0.02179
2883.44188	-0.02132
2881.51316	-0.02109
2879.58443	-0.02109
2877.65571	-0.02102
2875.72698	-0.02079
2873.79826	-0.02055
2871.86954	-0.02047
2869.94081	-0.02043
2868.01209	-0.02033
2866.08337	-0.02018
2864.15464	-0.02002
2862.22592	-0.01996
2860.29720	-0.02014
2858.36847	-0.02040
2856.43975	-0.02045
2854.51102	-0.02025
2852.58230	-0.01997
2850.65358	-0.01969
2848.72485	-0.01929
2846.79613	-0.01861
2844.86741	-0.01770
2842.93868	-0.01685
2841.00996	-0.01629
2839.08124	-0.01597
2837.15251	-0.01568
2835.22379	-0.01537
2833.29506	-0.01505
2831.36634	-0.01469
2829.43762	-0.01421
2827.50889	-0.01362
2825.58017	-0.01323
2823.65145	-0.01317
2821.72272	-0.01321
2819.79400	-0.01311
2817.86527	-0.01292
2815.93655	-0.01270
2814.00783	-0.01250
2812.07910	-0.01249
2810.15038	-0.01258
2808.22166	-0.01260
2806.29293	-0.01250
2804.36421	-0.01231
2802.43549	-0.01210
2800.50676	-0.01193
2798.57804	-0.01172
2796.64931	-0.01142
2794.72059	-0.01111
2792.79187	-0.01098
2790.86314	-0.01106
2788.93442	-0.01114
2787.00570	-0.01114
2785.07697	-0.01110
2783.14825	-0.01095
2781.21953	-0.01060
2779.29080	-0.01018
2777.36208	-0.00994
2775.43335	-0.00982
2773.50463	-0.00960
2771.57591	-0.00932
2769.64718	-0.00915
2767.71846	-0.00902
2765.78974	-0.00875
2763.86101	-0.00839
2761.93229	-0.00809
2760.00356	-0.00793
2758.07484	-0.00786
2756.14612	-0.00771
2754.21739	-0.00739
2752.28867	-0.00712
2750.35995	-0.00699
2748.43122	-0.00680
2746.50250	-0.00645
2744.57378	-0.00613
2742.64505	-0.00594
2740.71633	-0.00576
2738.78760	-0.00559
2736.85888	-0.00560
2734.93016	-0.00577
2733.00143	-0.00584
2731.07271	-0.00558
2729.14399	-0.00515
2727.21526	-0.00488
2725.28654	-0.00475
2723.35782	-0.00461
2721.42909	-0.00446
2719.50037	-0.00439
2717.57164	-0.00438
2715.64292	-0.00428
2713.71420	-0.00408
2711.78547	-0.00376
2709.85675	-0.00325
2707.92803	-0.00280
2705.99930	-0.00266
2704.07058	-0.00268
2702.14185	-0.00262
2700.21313	-0.00241
2698.28441	-0.00224
2696.35568	-0.00222
2694.42696	-0.00224
2692.49824	-0.00206
2690.56951	-0.00178
2688.64079	-0.00167
2686.71207	-0.00167
2684.78334	-0.00158
2682.85462	-0.00149
2680.92589	-0.00148
2678.99717	-0.00145
2677.06845	-0.00137
2675.13972	-0.00129
2673.21100	-0.00117
2671.28228	-0.00104
2669.35355	-0.00103
2667.42483	-0.00106
2665.49611	-0.00104
2663.56738	-0.00103
2661.63866	-0.00096
2659.70993	-0.00091
2657.78121	-0.00097
2655.85249	-0.00099
2653.92376	-0.00093
2651.99504	-0.00092
2650.06632	-0.00097
2648.13759	-0.00094
2646.20887	-0.00083
2644.28014	-0.00078
2642.35142	-0.00080
2640.42270	-0.00087
2638.49397	-0.00102
2636.56525	-0.00111
2634.63653	-0.00097
2632.70780	-0.00070
2630.77908	-0.00051
2628.85036	-0.00042
2626.92163	-0.00038
2624.99291	-0.00031
2623.06418	-0.00023
2621.13546	-0.00025
2619.20674	-0.00032
2617.27801	-0.00037
2615.34929	-0.00046
2613.42057	-0.00052
2611.49184	-0.00049
2609.56312	-0.00037
2607.63440	-0.00014
2605.70567	0.00016
2603.77695	0.00041
2601.84822	0.00051
2599.91950	0.00042
2597.99078	0.00023
2596.06205	0.00011
2594.13333	0.00013
2592.20461	0.00028
2590.27588	0.00040
2588.34716	0.00039
2586.41843	0.00037
2584.48971	0.00045
2582.56099	0.00049
2580.63226	0.00044
2578.70354	0.00037
2576.77482	0.00031
2574.84609	0.00032
2572.91737	0.00038
2570.98865	0.00035
2569.05992	0.00027
2567.13120	0.00022
2565.20247	0.00013
2563.27375	0.00008
2561.34503	0.00013
2559.41630	0.00010
2557.48758	-0.00001
2555.55886	-0.00002
2553.63013	0.00007
2551.70141	0.00021
2549.77269	0.00037
2547.84396	0.00051
2545.91524	0.00050
2543.98651	0.00045
2542.05779	0.00046
2540.12907	0.00049
2538.20034	0.00055
2536.27162	0.00066
2534.34290	0.00076
2532.41417	0.00081
2530.48545	0.00084
2528.55673	0.00084
2526.62800	0.00088
2524.69928	0.00099
2522.77055	0.00099
2520.84183	0.00082
2518.91311	0.00068
2516.98438	0.00070
2515.05566	0.00083
2513.12694	0.00103
2511.19821	0.00109
2509.26949	0.00094
2507.34076	0.00083
2505.41204	0.00084
2503.48332	0.00084
2501.55459	0.00086
2499.62587	0.00100
2497.69715	0.00110
2495.76842	0.00111
2493.83970	0.00104
2491.91098	0.00088
2489.98225	0.00067
2488.05353	0.00051
2486.12480	0.00043
2484.19608	0.00043
2482.26736	0.00039
2480.33863	0.00029
2478.40991	0.00018
2476.48119	0.00008
2474.55246	-0.00001
2472.62374	-0.00008
2470.69502	-0.00009
2468.76629	-0.00004
2466.83757	-0.00004
2464.90884	-0.00015
2462.98012	-0.00028
2461.05140	-0.00037
2459.12267	-0.00044
2457.19395	-0.00049
2455.26523	-0.00040
2453.33650	-0.00028
2451.40778	-0.00036
2449.47905	-0.00050
2447.55033	-0.00035
2445.62161	-0.00014
2443.69288	-0.00002
2441.76416	0.00009
2439.83544	0.00003
2437.90671	-0.00011
2435.97799	-0.00024
2434.04927	-0.00031
2432.12054	-0.00037
2430.19182	-0.00053
2428.26309	-0.00075
2426.33437	-0.00076
2424.40565	-0.00056
2422.47692	-0.00034
2420.54820	-0.00021
2418.61948	-0.00025
2416.69075	-0.00040
2414.76203	-0.00051
2412.83331	-0.00045
2410.90458	-0.00023
2408.97586	-0.00008
2407.04713	-0.00007
2405.11841	-0.00012
2403.18969	-0.00019
2401.26096	-0.00021
2399.33224	-0.00010
2397.40352	0.00005
2395.47479	0.00014
2393.54607	0.00012
2391.61734	0.00005
2389.68862	0.00003
2387.75990	0.00009
2385.83117	0.00019
2383.90245	0.00026
2381.97373	0.00030
2380.04500	0.00035
2378.11628	0.00042
2376.18756	0.00048
2374.25883	0.00053
2372.33011	0.00066
2370.40138	0.00097
2368.47266	0.00137
2366.54394	0.00164
2364.61521	0.00159
2362.68649	0.00139
2360.75777	0.00120
2358.82904	0.00092
2356.90032	0.00058
2354.97160	0.00034
2353.04287	0.00050
2351.11415	0.00117
2349.18542	0.00149
2347.25670	0.00080
2345.32798	-0.00001
2343.39925	-0.00010
2341.47053	0.00024
2339.54181	0.00056
2337.61308	0.00073
2335.68436	0.00072
2333.75563	0.00059
2331.82691	0.00034
2329.89819	-0.00004
2327.96946	-0.00045
2326.04074	-0.00075
2324.11202	-0.00097
2322.18329	-0.00121
2320.25457	-0.00141
2318.32585	-0.00144
2316.39712	-0.00141
2314.46840	-0.00152
2312.53967	-0.00170
2310.61095	-0.00184
2308.68223	-0.00202
2306.75350	-0.00229
2304.82478	-0.00254
2302.89606	-0.00269
2300.96733	-0.00277
2299.03861	-0.00274
2297.10989	-0.00250
2295.18116	-0.00223
2293.25244	-0.00208
2291.32371	-0.00197
2289.39499	-0.00181
2287.46627	-0.00167
2285.53754	-0.00155
2283.60882	-0.00129
2281.68010	-0.00087
2279.75137	-0.00050
2277.82265	-0.00024
2275.89392	0.00002
2273.96520	0.00030
2272.03648	0.00048
2270.10775	0.00061
2268.17903	0.00084
2266.25031	0.00112
2264.32158	0.00129
2262.39286	0.00141
2260.46414	0.00161
2258.53541	0.00186
2256.60669	0.00210
2254.67796	0.00227
2252.74924	0.00235
2250.82052	0.00236
2248.89179	0.00231
2246.96307	0.00249
2245.03435	0.00278
2243.10562	0.00306
2241.17690	0.00329
2239.24818	0.00338
2237.31945	0.00335
2235.39073	0.00325
2233.46200	0.00304
2231.53328	0.00272
2229.60456	0.00239
2227.67583	0.00213
2225.74711	0.00192
2223.81839	0.00168
2221.88966	0.00130
2219.96094	0.00061
2218.03221	-0.00036
2216.10349	-0.00131
2214.17477	-0.00203
2212.24604	-0.00271
2210.31732	-0.00351
2208.38860	-0.00431
2206.45987	-0.00495
2204.53115	-0.00539
2202.60243	-0.00570
2200.67370	-0.00605
2198.74498	-0.00641
2196.81625	-0.00674
2194.88753	-0.00703
2192.95881	-0.00729
2191.03008	-0.00752
2189.10136	-0.00772
2187.17264	-0.00790
2185.24391	-0.00813
2183.31519	-0.00835
2181.38647	-0.00849
2179.45774	-0.00862
2177.52902	-0.00872
2175.60029	-0.00871
2173.67157	-0.00867
2171.74285	-0.00875
2169.81412	-0.00879
2167.88540	-0.00873
2165.95668	-0.00863
2164.02795	-0.00847
2162.09923	-0.00825
2160.17050	-0.00811
2158.24178	-0.00803
2156.31306	-0.00782
2154.38433	-0.00746
2152.45561	-0.00704
2150.52689	-0.00664
2148.59816	-0.00627
2146.66944	-0.00591
2144.74072	-0.00558
2142.81199	-0.00530
2140.88327	-0.00501
2138.95454	-0.00481
2137.02582	-0.00481
2135.09710	-0.00494
2133.16837	-0.00516
2131.23965	-0.00549
2129.31093	-0.00588
2127.38220	-0.00637
2125.45348	-0.00695
2123.52476	-0.00749
2121.59603	-0.00787
2119.66731	-0.00807
2117.73858	-0.00816
2115.80986	-0.00823
2113.88114	-0.00832
2111.95241	-0.00841
2110.02369	-0.00858
2108.09497	-0.00865
2106.16624	-0.00859
2104.23752	-0.00856
2102.30880	-0.00859
2100.38007	-0.00867
2098.45135	-0.00884
2096.52262	-0.00891
2094.59390	-0.00883
2092.66518	-0.00875
2090.73645	-0.00867
2088.80773	-0.00862
2086.87901	-0.00862
2084.95028	-0.00856
2083.02156	-0.00842
2081.09283	-0.00831
2079.16411	-0.00827
2077.23539	-0.00821
2075.30666	-0.00809
2073.37794	-0.00791
2071.44922	-0.00758
2069.52049	-0.00726
2067.59177	-0.00709
2065.66305	-0.00691
2063.73432	-0.00659
2061.80560	-0.00611
2059.87687	-0.00550
2057.94815	-0.00491
2056.01943	-0.00435
2054.09070	-0.00372
2052.16198	-0.00301
2050.23326	-0.00224
2048.30453	-0.00132
2046.37581	-0.00028
2044.44709	0.00085
2042.51836	0.00215
2040.58964	0.00357
2038.66091	0.00490
2036.73219	0.00612
2034.80347	0.00733
2032.87474	0.00839
2030.94602	0.00906
2029.01730	0.00933
2027.08857	0.00943
2025.15985	0.00961
2023.23112	0.00998
2021.30240	0.01050
2019.37368	0.01108
2017.44495	0.01168
2015.51623	0.01229
2013.58751	0.01291
2011.65878	0.01353
2009.73006	0.01414
2007.80134	0.01465
2005.87261	0.01499
2003.94389	0.01520
2002.01516	0.01533
2000.08644	0.01528
1998.15772	0.01503
1996.22899	0.01480
1994.30027	0.01475
1992.37155	0.01471
1990.44282	0.01462
1988.51410	0.01452
1986.58538	0.01445
1984.65665	0.01434
1982.72793	0.01407
1980.79920	0.01367
1978.87048	0.01326
1976.94176	0.01295
1975.01303	0.01272
1973.08431	0.01248
1971.15559	0.01215
1969.22686	0.01176
1967.29814	0.01130
1965.36941	0.01062
1963.44069	0.00986
1961.51197	0.00926
1959.58324	0.00884
1957.65452	0.00848
1955.72580	0.00819
1953.79707	0.00801
1951.86835	0.00785
1949.93963	0.00766
1948.01090	0.00751
1946.08218	0.00730
1944.15345	0.00699
1942.22473	0.00661
1940.29601	0.00618
1938.36728	0.00577
1936.43856	0.00541
1934.50984	0.00504
1932.58111	0.00464
1930.65239	0.00436
1928.72367	0.00419
1926.79494	0.00396
1924.86622	0.00364
1922.93749	0.00343
1921.00877	0.00354
1919.08005	0.00398
1917.15132	0.00457
1915.22260	0.00513
1913.29388	0.00573
1911.36515	0.00649
1909.43643	0.00729
1907.50770	0.00801
1905.57898	0.00866
1903.65026	0.00922
1901.72153	0.00963
1899.79281	0.01001
1897.86409	0.01051
1895.93536	0.01100
1894.00664	0.01134
1892.07792	0.01156
1890.14919	0.01169
1888.22047	0.01176
1886.29174	0.01184
1884.36302	0.01200
1882.43430	0.01218
1880.50557	0.01229
1878.57685	0.01231
1876.64813	0.01230
1874.71940	0.01231
1872.79068	0.01231
1870.86196	0.01236
1868.93323	0.01243
1867.00451	0.01231
1865.07578	0.01198
1863.14706	0.01159
1861.21834	0.01109
1859.28961	0.01041
1857.36089	0.00961
1855.43217	0.00876
1853.50344	0.00786
1851.57472	0.00684
1849.64599	0.00569
1847.71727	0.00446
1845.78855	0.00321
1843.85982	0.00195
1841.93110	0.00078
1840.00238	-0.00016
1838.07365	-0.00087
1836.14493	-0.00139
1834.21621	-0.00165
1832.28748	-0.00168
1830.35876	-0.00176
1828.43003	-0.00191
1826.50131	-0.00180
1824.57259	-0.00136
1822.64386	-0.00081
1820.71514	-0.00030
1818.78642	0.00019
1816.85769	0.00073
1814.92897	0.00129
1813.00025	0.00189
1811.07152	0.00250
1809.14280	0.00304
1807.21407	0.00350
1805.28535	0.00386
1803.35663	0.00408
1801.42790	0.00420
1799.49918	0.00441
1797.57046	0.00477
1795.64173	0.00513
1793.71301	0.00524
1791.78428	0.00504
1789.85556	0.00471
1787.92684	0.00443
1785.99811	0.00419
1784.06939	0.00392
1782.14067	0.00358
1780.21194	0.00302
1778.28322	0.00225
1776.35450	0.00147
1774.42577	0.00061
1772.49705	-0.00064
1770.56832	-0.00228
1768.63960	-0.00397
1766.71088	-0.00543
1764.78215	-0.00673
1762.85343	-0.00804
1760.92471	-0.00935
1758.99598	-0.01047
1757.06726	-0.01144
1755.13854	-0.01232
1753.20981	-0.01304
1751.28109	-0.01362
1749.35236	-0.01415
1747.42364	-0.01462
1745.49492	-0.01492
1743.56619	-0.01503
1741.63747	-0.01506
1739.70875	-0.01507
1737.78002	-0.01483
1735.85130	-0.01433
1733.92257	-0.01405
1731.99385	-0.01423
1730.06513	-0.01452
1728.13640	-0.01476
1726.20768	-0.01494
1724.27896	-0.01500
1722.35023	-0.01484
1720.42151	-0.01447
1718.49279	-0.01416
1716.56406	-0.01428
1714.63534	-0.01477
1712.70661	-0.01524
1710.77789	-0.01547
1708.84917	-0.01553
1706.92044	-0.01558
1704.99172	-0.01568
1703.06300	-0.01572
1701.13427	-0.01576
1699.20555	-0.01599
1697.27683	-0.01648
1695.34810	-0.01721
1693.41938	-0.01802
1691.49065	-0.01869
1689.56193	-0.01916
1687.63321	-0.01950
1685.70448	-0.02000
1683.77576	-0.02101
1681.84704	-0.02250
1679.91831	-0.02398
1677.98959	-0.02527
1676.06087	-0.02655
1674.13214	-0.02796
1672.20342	-0.02930
1670.27469	-0.03061
1668.34597	-0.03199
1666.41725	-0.03327
1664.48852	-0.03439
1662.55980	-0.03559
1660.63108	-0.03696
1658.70235	-0.03817
1656.77363	-0.03894
1654.84490	-0.03953
1652.91618	-0.04053
1650.98746	-0.04173
1649.05873	-0.04236
1647.13001	-0.04240
1645.20129	-0.04228
1643.27256	-0.04212
1641.34384	-0.04167
1639.41512	-0.04083
1637.48639	-0.03987
1635.55767	-0.03922
1633.62894	-0.03898
1631.70022	-0.03888
1629.77150	-0.03873
1627.84277	-0.03861
1625.91405	-0.03854
1623.98533	-0.03834
1622.05660	-0.03794
1620.12788	-0.03740
1618.19916	-0.03681
1616.27043	-0.03609
1614.34171	-0.03523
1612.41298	-0.03413
1610.48426	-0.03269
1608.55554	-0.03102
1606.62681	-0.02949
1604.69809	-0.02846
1602.76937	-0.02798
1600.84064	-0.02779
1598.91192	-0.02760
1596.98319	-0.02711
1595.05447	-0.02607
1593.12575	-0.02447
1591.19702	-0.02264
1589.26830	-0.02102
1587.33958	-0.01996
1585.41085	-0.01945
1583.48213	-0.01928
1581.55341	-0.01929
1579.62468	-0.01937
1577.69596	-0.01969
1575.76723	-0.02056
1573.83851	-0.02180
1571.90979	-0.02299
1569.98106	-0.02413
1568.05234	-0.02508
1566.12362	-0.02524
1564.19489	-0.02441
1562.26617	-0.02296
1560.33745	-0.02151
1558.40872	-0.02073
1556.48000	-0.02053
1554.55127	-0.02025
1552.62255	-0.01973
1550.69383	-0.01906
1548.76510	-0.01829
1546.83638	-0.01734
1544.90766	-0.01607
1542.97893	-0.01455
1541.05021	-0.01301
1539.12148	-0.01182
1537.19276	-0.01095
1535.26404	-0.00992
1533.33531	-0.00856
1531.40659	-0.00731
1529.47787	-0.00648
1527.54914	-0.00599
1525.62042	-0.00561
1523.69170	-0.00525
1521.76297	-0.00511
1519.83425	-0.00532
1517.90552	-0.00567
1515.97680	-0.00600
1514.04808	-0.00619
1512.11935	-0.00614
1510.19063	-0.00597
1508.26191	-0.00594
1506.33318	-0.00614
1504.40446	-0.00631
1502.47574	-0.00618
1500.54701	-0.00579
1498.61829	-0.00539
1496.68956	-0.00531
1494.76084	-0.00547
1492.83212	-0.00548
1490.90339	-0.00533
1488.97467	-0.00547
1487.04595	-0.00610
1485.11722	-0.00689
1483.18850	-0.00757
1481.25977	-0.00815
1479.33105	-0.00874
1477.40233	-0.00950
1475.47360	-0.01049
1473.54488	-0.01165
1471.61616	-0.01286
1469.68743	-0.01391
1467.75871	-0.01463
1465.82999	-0.01523
1463.90126	-0.01612
1461.97254	-0.01709
1460.04381	-0.01779
1458.11509	-0.01845
1456.18637	-0.01950
1454.25764	-0.02077
1452.32892	-0.02187
1450.40020	-0.02272
1448.47147	-0.02349
1446.54275	-0.02420
1444.61403	-0.02473
1442.68530	-0.02509
1440.75658	-0.02541
1438.82785	-0.02592
1436.89913	-0.02677
1434.97041	-0.02784
1433.04168	-0.02888
1431.11296	-0.02995
1429.18424	-0.03121
1427.25551	-0.03270
1425.32679	-0.03451
1423.39806	-0.03670
1421.46934	-0.03920
1419.54062	-0.04213
1417.61189	-0.04548
1415.68317	-0.04864
1413.75445	-0.05145
1411.82572	-0.05449
1409.89700	-0.05789
1407.96828	-0.06094
1406.03955	-0.06305
1404.11083	-0.06424
1402.18210	-0.06467
1400.25338	-0.06463
1398.32466	-0.06423
1396.39593	-0.06331
1394.46721	-0.06194
1392.53849	-0.06052
1390.60976	-0.05957
1388.68104	-0.06010
1386.75232	-0.06229
1384.82359	-0.06297
1382.89487	-0.05857
1380.96614	-0.05035
1379.03742	-0.04244
1377.10870	-0.03667
1375.17997	-0.03221
1373.25125	-0.02810
1371.32253	-0.02428
1369.39380	-0.02111
1367.46508	-0.01859
1365.53635	-0.01645
1363.60763	-0.01449
1361.67891	-0.01268
1359.75018	-0.01099
1357.82146	-0.00935
1355.89274	-0.00778
1353.96401	-0.00641
1352.03529	-0.00527
1350.10657	-0.00433
1348.17784	-0.00364
1346.24912	-0.00333
1344.32039	-0.00363
1342.39167	-0.00445
1340.46295	-0.00531
1338.53422	-0.00553
1336.60550	-0.00494
1334.67678	-0.00421
1332.74805	-0.00403
1330.81933	-0.00462
1328.89061	-0.00601
1326.96188	-0.00706
1325.03316	-0.00747
1323.10443	-0.00766
1321.17571	-0.00811
1319.24699	-0.00895
1317.31826	-0.00984
1315.38954	-0.01040
1313.46082	-0.01067
1311.53209	-0.01091
1309.60337	-0.01107
1307.67464	-0.01115
1305.74592	-0.01136
1303.81720	-0.01189
1301.88847	-0.01247
1299.95975	-0.01237
1298.03103	-0.01220
1296.10230	-0.01212
1294.17358	-0.01204
1292.24486	-0.01203
1290.31613	-0.01221
1288.38741	-0.01247
1286.45868	-0.01256
1284.52996	-0.01241
1282.60124	-0.01220
1280.67251	-0.01224
1278.74379	-0.01275
1276.81507	-0.01351
1274.88634	-0.01419
1272.95762	-0.01478
1271.02890	-0.01532
1269.10017	-0.01575
1267.17145	-0.01616
1265.24272	-0.01690
1263.31400	-0.01809
1261.38528	-0.01944
1259.45655	-0.02085
1257.52783	-0.02229
1255.59911	-0.02339
1253.67038	-0.02405
1251.74166	-0.02457
1249.81294	-0.02501
1247.88421	-0.02529
1245.95549	-0.02552
1244.02676	-0.02602
1242.09804	-0.02688
1240.16932	-0.02788
1238.24059	-0.02883
1236.31187	-0.02969
1234.38315	-0.03048
1232.45442	-0.03144
1230.52570	-0.03261
1228.59697	-0.03369
1226.66825	-0.03449
1224.73953	-0.03496
1222.81080	-0.03529
1220.88208	-0.03556
1218.95336	-0.03563
1217.02463	-0.03554
1215.09591	-0.03548
1213.16719	-0.03547
1211.23846	-0.03545
1209.30974	-0.03540
1207.38101	-0.03540
1205.45229	-0.03555
1203.52357	-0.03594
1201.59484	-0.03656
1199.66612	-0.03731
1197.73740	-0.03782
1195.80867	-0.03817
1193.87995	-0.03813
1191.95123	-0.03751
1190.02250	-0.03668
1188.09378	-0.03600
1186.16505	-0.03537
1184.23633	-0.03475
1182.30761	-0.03442
1180.37888	-0.03436
1178.45016	-0.03423
1176.52144	-0.03396
1174.59271	-0.03364
1172.66399	-0.03322
1170.73526	-0.03276
1168.80654	-0.03214
1166.87782	-0.03105
1164.94909	-0.02970
1163.02037	-0.02846
1161.09165	-0.02756
1159.16292	-0.02764
1157.23420	-0.02898
1155.30548	-0.03092
1153.37675	-0.03259
1151.44803	-0.03337
1149.51930	-0.03286
1147.59058	-0.03093
1145.66186	-0.02805
1143.73313	-0.02477
1141.80441	-0.02162
1139.87569	-0.01978
1137.94696	-0.01995
1136.01824	-0.02128
1134.08952	-0.02295
1132.16079	-0.02484
1130.23207	-0.02696
1128.30334	-0.02924
1126.37462	-0.03144
1124.44590	-0.03359
1122.51717	-0.03584
1120.58845	-0.03790
1118.65973	-0.03955
1116.73100	-0.04082
1114.80228	-0.04158
1112.87355	-0.04199
1110.94483	-0.04262
1109.01611	-0.04382
1107.08738	-0.04522
1105.15866	-0.04623
1103.22994	-0.04670
1101.30121	-0.04697
1099.37249	-0.04748
1097.44377	-0.04823
1095.51504	-0.04863
1093.58632	-0.04848
1091.65759	-0.04820
1089.72887	-0.04782
1087.80015	-0.04738
1085.87142	-0.04715
1083.94270	-0.04691
1082.01398	-0.04629
1080.08525	-0.04543
1078.15653	-0.04465
1076.22781	-0.04392
1074.29908	-0.04292
1072.37036	-0.04114
1070.44163	-0.03846
1068.51291	-0.03581
1066.58419	-0.03369
1064.65546	-0.03122
1062.72674	-0.02811
1060.79802	-0.02505
1058.86929	-0.02258
1056.94057	-0.02097
1055.01184	-0.01994
1053.08312	-0.01901
1051.15440	-0.01831
1049.22567	-0.01789
1047.29695	-0.01724
1045.36823	-0.01620
1043.43950	-0.01526
1041.51078	-0.01477
1039.58206	-0.01438
1037.65333	-0.01369
1035.72461	-0.01293
1033.79588	-0.01262
1031.86716	-0.01298
1029.93844	-0.01356
1028.00971	-0.01362
1026.08099	-0.01313
1024.15227	-0.01264
1022.22354	-0.01231
1020.29482	-0.01204
1018.36610	-0.01200
1016.43737	-0.01224
1014.50865	-0.01238
1012.57992	-0.01230
1010.65120	-0.01215
1008.72248	-0.01177
1006.79375	-0.01132
1004.86503	-0.01119
1002.93631	-0.01115
1001.00758	-0.01071
999.07886	-0.00995
997.15013	-0.00927
995.22141	-0.00899
993.29269	-0.00898
991.36396	-0.00883
989.43524	-0.00839
987.50652	-0.00792
985.57779	-0.00766
983.64907	-0.00738
981.72035	-0.00657
979.79162	-0.00531
977.86290	-0.00422
975.93417	-0.00400
974.00545	-0.00393
972.07673	-0.00374
970.14800	-0.00301
968.21928	-0.00205
966.29056	-0.00126
964.36183	-0.00087
962.43311	-0.00029
960.50439	0.00080
958.57566	0.00173
956.64694	0.00227
954.71821	0.00282
952.78949	0.00338
950.86077	0.00356
948.93204	0.00338
947.00332	0.00312
945.07460	0.00284
943.14587	0.00251
941.21715	0.00240
939.28842	0.00269
937.35970	0.00334
935.43098	0.00403
933.50225	0.00436
931.57353	0.00448
929.64481	0.00482
927.71608	0.00552
925.78736	0.00611
923.85864	0.00612
921.92991	0.00613
920.00119	0.00666
918.07246	0.00711
916.14374	0.00689
914.21502	0.00632
912.28629	0.00615
910.35757	0.00660
908.42885	0.00710
906.50012	0.00705
904.57140	0.00664
902.64268	0.00657
900.71395	0.00690
898.78523	0.00722
896.85650	0.00736
894.92778	0.00757
892.99906	0.00804
891.07033	0.00850
889.14161	0.00866
887.21289	0.00875
885.28416	0.00885
883.35544	0.00871
881.42671	0.00860
879.49799	0.00875
877.56927	0.00874
875.64054	0.00851
873.71182	0.00879
871.78310	0.00965
869.85437	0.00991
867.92565	0.00925
865.99693	0.00865
864.06820	0.00869
862.13948	0.00896
860.21075	0.00895
858.28203	0.00899
856.35331	0.00959
854.42458	0.01010
852.49586	0.00996
850.56714	0.00982
848.63841	0.01005
846.70969	0.01009
844.78097	0.01010
842.85224	0.01023
840.92352	0.00991
838.99479	0.00955
837.06607	0.01001
835.13735	0.01083
833.20862	0.01115
831.27990	0.01129
829.35118	0.01199
827.42245	0.01291
825.49373	0.01320
823.56501	0.01260
821.63628	0.01170
819.70756	0.01129
817.77883	0.01134
815.85011	0.01118
813.92139	0.01052
811.99266	0.00952
810.06394	0.00827
808.13522	0.00697
806.20649	0.00586
804.27777	0.00494
802.34904	0.00449
800.42032	0.00490
798.49160	0.00565
796.56287	0.00612
794.63415	0.00631
792.70543	0.00587
790.77670	0.00433
788.84798	0.00232
786.91926	0.00083
784.99053	-0.00027
783.06181	-0.00146
781.13308	-0.00235
779.20436	-0.00195
777.27564	-0.00028
775.34691	0.00110
773.41819	0.00127
771.48947	0.00104
769.56074	0.00133
767.63202	0.00186
765.70330	0.00171
763.77457	0.00194
761.84585	0.00180
759.91712	0.00177
757.98840	0.00129
756.05968	0.00045
754.13095	-0.00063
752.20223	-0.00178
750.27351	-0.00221
748.34478	-0.00151
746.41606	-0.00049
744.48733	-0.00003
742.55861	-0.00025
740.62989	-0.00047
738.70116	-0.00026
736.77244	-0.00001
734.84372	-0.00017
732.91499	-0.00070
730.98627	-0.00100
729.05755	-0.00078
727.12882	-0.00041
725.20010	0.00012
723.27137	0.00083
721.34265	0.00149
719.41393	0.00182
717.48520	0.00211
715.55648	0.00257
713.62776	0.00290
711.69903	0.00291
709.77031	0.00274
707.84159	0.00242
705.91286	0.00191
703.98414	0.00158
702.05541	0.00176
700.12669	0.00249
698.19797	0.00348
696.26924	0.00405
694.34052	0.00375
692.41180	0.00298
690.48307	0.00218
688.55435	0.00141
686.62562	0.00099
684.69690	0.00109
682.76818	0.00126
680.83945	0.00101
678.91073	0.00039
676.98201	-0.00010
675.05328	0.00034
673.12456	0.00154
671.19584	0.00142
669.26711	-0.00085
667.33839	-0.00213
665.40966	-0.00181
663.48094	-0.00309
661.55222	-0.00556
659.62349	-0.00661
657.69477	-0.00576
655.76605	-0.00403
653.83732	-0.00272
651.90860	-0.00236
649.97988	-0.00251
648.05115	-0.00274
646.12243	-0.00295
644.19370	-0.00299
642.26498	-0.00293
640.33626	-0.00280
638.40753	-0.00266
636.47881	-0.00280
634.55009	-0.00351
632.62136	-0.00453
630.69264	-0.00492
628.76391	-0.00436
626.83519	-0.00364
624.90647	-0.00335
622.97774	-0.00342
621.04902	-0.00419
619.12030	-0.00616
617.19157	-0.00883
615.26285	-0.01018
613.33413	-0.00888
611.40540	-0.00670
609.47668	-0.00627
607.54795	-0.00795
605.61923	-0.01026
603.69051	-0.01144
601.76178	-0.01051
599.83306	-0.00849
597.90434	-0.00731
595.97561	-0.00726
594.04689	-0.00735
592.11817	-0.00729
590.18944	-0.00723
588.26072	-0.00688
586.33199	-0.00596
584.40327	-0.00474
582.47455	-0.00351
580.54582	-0.00276
578.61710	-0.00173
576.68838	0.00332
574.75965	0.00917
572.83093	0.01431
570.90220	0.01787
568.97348	0.01721
567.04476	0.01687
565.11603	0.01777
563.18731	0.01856
561.25859	0.01850
559.32986	0.01797
557.40114	0.01716
555.47242	0.01558
553.54369	0.01312
551.61497	0.01085
549.68624	0.00981
547.75752	0.00993
545.82880	0.01068
543.90007	0.01122
541.97135	0.01109
540.04263	0.01107
538.11390	0.01186
536.18518	0.01276
534.25646	0.01289
532.32773	0.01313
530.39901	0.01410
528.47028	0.01478
526.54156	0.01465
524.61284	0.01446
522.68411	0.01487
520.75539	0.01555
518.82667	0.01534
516.89794	0.01419
514.96922	0.01345
513.04049	0.01272
511.11177	0.01039
509.18305	0.00694
507.25432	0.00399
505.32560	0.00196
503.39688	0.00054
501.46815	-0.00041
499.53943	-0.00103
497.61071	-0.00130
495.68198	-0.00037
493.75326	0.00120
491.82453	0.00048
489.89581	-0.00209
487.96709	-0.00282
486.03836	-0.00227
484.10964	-0.00306
482.18092	-0.00411
480.25219	-0.00401
478.32347	-0.00402
476.39475	-0.00492
474.46602	-0.00510
472.53730	-0.00311
470.60857	-0.00150
468.67985	-0.00047
466.75113	0.01070
464.82240	0.02623
462.89368	0.04515
460.96496	0.06407
459.03623	0.07189
457.10751	0.07608
455.17878	0.07745
453.25006	0.07557
451.32134	0.07548
449.39261	0.08000
447.46389	0.08302
445.53517	0.08046
443.60644	0.07842
441.67772	0.08182
439.74900	0.08522
437.82027	0.08447
435.89155	0.08436
433.96282	0.08826
432.03410	0.09394
430.10538	0.10019
428.17665	0.10701
426.24793	0.11117
424.31921	0.10872
422.39048	0.10282
420.46176	0.10187
418.53304	0.10770
416.60431	0.11415
414.67559	0.12125
412.74686	0.13317
410.81814	0.14244
408.88942	0.14078
406.96069	0.13544
405.03197	0.13264
403.10325	0.12816
401.17452	0.12336
399.24580	0.12552
397.31708	0.13320
395.38835	0.13661
393.45963	0.13584
391.53090	0.13872
389.60218	0.14454
387.67346	0.14934
385.74473	0.15137
383.81601	0.14499
381.88729	0.12978
379.95856	0.11502
378.02984	0.11012
376.10111	0.12471
374.17239	0.15803
372.24367	0.18244
370.31494	0.16741
368.38622	0.11754
