7496.94889	-0.00753
7495.02016	-0.01787
7493.09144	-0.02575
7491.16272	-0.02290
7489.23399	-0.01196
7487.30527	-0.00879
7485.37654	-0.01264
7483.44782	-0.01504
7481.51910	-0.01704
7479.59037	-0.01631
7477.66165	-0.01366
7475.73293	-0.01484
7473.80420	-0.01364
7471.87548	-0.00745
7469.94676	-0.00636
7468.01803	-0.01109
7466.08931	-0.01346
7464.16058	-0.01183
7462.23186	-0.01239
7460.30314	-0.02033
7458.37441	-0.03023
7456.44569	-0.03209
7454.51697	-0.02553
7452.58824	-0.02014
7450.65952	-0.02120
7448.73079	-0.02444
7446.80207	-0.02613
7444.87335	-0.02477
7442.94462	-0.02144
7441.01590	-0.02252
7439.08718	-0.02743
7437.15845	-0.02852
7435.22973	-0.02434
7433.30101	-0.01861
7431.37228	-0.01416
7429.44356	-0.00992
7427.51483	-0.00717
7425.58611	-0.01142
7423.65739	-0.02056
7421.72866	-0.02694
7419.79994	-0.02695
7417.87122	-0.02312
7415.94249	-0.02178
7414.01377	-0.02254
7412.08505	-0.01983
7410.15632	-0.01384
7408.22760	-0.00566
7406.29887	0.00219
7404.37015	0.00139
7402.44143	-0.01073
7400.51270	-0.02706
7398.58398	-0.03592
7396.65526	-0.02910
7394.72653	-0.01503
7392.79781	-0.00836
7390.86908	-0.01077
7388.94036	-0.01587
7387.01164	-0.01599
7385.08291	-0.00770
7383.15419	0.00058
7381.22547	0.00217
7379.29674	0.00100
7377.36802	-0.00013
7375.43930	-0.00164
7373.51057	-0.00507
7371.58185	-0.01173
7369.65312	-0.01706
7367.72440	-0.01527
7365.79568	-0.00771
7363.86695	-0.00006
7361.93823	0.00368
7360.00951	0.00274
7358.08078	-0.00066
7356.15206	-0.00412
7354.22334	-0.00652
7352.29461	-0.00827
7350.36589	-0.01224
7348.43716	-0.01654
7346.50844	-0.01554
7344.57972	-0.01358
7342.65099	-0.01695
7340.72227	-0.01754
7338.79355	-0.00964
7336.86482	-0.00376
7334.93610	-0.00411
7333.00737	-0.00089
7331.07865	0.01131
7329.14993	0.02431
7327.22120	0.02373
7325.29248	0.00885
7323.36376	-0.00621
7321.43503	-0.01372
7319.50631	-0.01231
7317.57759	-0.00253
7315.64886	0.00485
7313.72014	0.00134
7311.79141	-0.00672
7309.86269	-0.01174
7307.93397	-0.01205
7306.00524	-0.01096
7304.07652	-0.01145
7302.14780	-0.00845
7300.21907	-0.00095
7298.29035	0.00138
7296.36163	-0.00256
7294.43290	-0.00363
7292.50418	-0.00008
7290.57545	0.00295
7288.64673	0.00238
7286.71801	0.00191
7284.78928	0.00548
7282.86056	0.00547
7280.93184	-0.00433
7279.00311	-0.01601
7277.07439	-0.02009
7275.14566	-0.01472
7273.21694	-0.00417
7271.28822	0.00207
7269.35949	-0.00187
7267.43077	-0.00793
7265.50205	-0.00556
7263.57332	0.00042
7261.64460	-0.00035
7259.71588	-0.00533
7257.78715	-0.00747
7255.85843	-0.00622
7253.92970	-0.00189
7252.00098	0.00109
7250.07226	-0.00317
7248.14353	-0.00949
7246.21481	-0.01022
7244.28609	-0.00625
7242.35736	-0.00018
7240.42864	0.00570
7238.49992	0.00493
7236.57119	-0.00417
7234.64247	-0.01316
7232.71374	-0.01466
7230.78502	-0.00990
7228.85630	-0.00350
7226.92757	0.00275
7224.99885	0.00719
7223.07013	0.00827
7221.14140	0.00712
7219.21268	0.00308
7217.28396	-0.00248
7215.35523	-0.00381
7213.42651	-0.00152
7211.49778	-0.00234
7209.56906	-0.00715
7207.64034	-0.01239
7205.71161	-0.01684
7203.78289	-0.01558
7201.85417	-0.00459
7199.92544	0.00509
7197.99672	0.00361
7196.06799	0.00006
7194.13927	0.00189
7192.21055	0.00343
7190.28182	0.00240
7188.35310	0.00349
7186.42438	0.00833
7184.49565	0.01258
7182.56693	0.01213
7180.63821	0.00862
7178.70948	0.00564
7176.78076	0.00381
7174.85203	0.00391
7172.92331	0.00742
7170.99459	0.01111
7169.06586	0.00849
7167.13714	0.00084
7165.20842	-0.00231
7163.27969	0.00113
7161.35097	0.00387
7159.42225	0.00341
7157.49352	0.00430
7155.56480	0.00857
7153.63607	0.01446
7151.70735	0.01996
7149.77863	0.02198
7147.84990	0.01684
7145.92118	0.00727
7143.99246	0.00087
7142.06373	-0.00113
7140.13501	-0.00137
7138.20628	-0.00084
7136.27756	-0.00186
7134.34884	-0.00349
7132.42011	-0.00154
7130.49139	0.00342
7128.56267	0.00745
7126.63394	0.00677
7124.70522	0.00253
7122.77650	0.00038
7120.84777	0.00114
7118.91905	-0.00024
7116.99032	-0.00679
7115.06160	-0.01309
7113.13288	-0.01274
7111.20415	-0.00670
7109.27543	-0.00053
7107.34671	-0.00125
7105.41798	-0.00790
7103.48926	-0.01193
7101.56054	-0.01000
7099.63181	-0.00424
7097.70309	0.00289
7095.77436	0.00906
7093.84564	0.01051
7091.91692	0.00632
7089.98819	0.00287
7088.05947	0.00590
7086.13075	0.01148
7084.20202	0.01012
7082.27330	0.00229
7080.34457	-0.00203
7078.41585	-0.00172
7076.48713	-0.00295
7074.55840	-0.00590
7072.62968	-0.00686
7070.70096	-0.00376
7068.77223	0.00206
7066.84351	0.00545
7064.91479	0.00457
7062.98606	0.00432
7061.05734	0.00553
7059.12861	0.00326
7057.19989	-0.00156
7055.27117	-0.00269
7053.34244	-0.00074
7051.41372	-0.00108
7049.48500	-0.00263
7047.55627	-0.00205
7045.62755	-0.00169
7043.69883	-0.00490
7041.77010	-0.00932
7039.84138	-0.00977
7037.91265	-0.00697
7035.98393	-0.00571
7034.05521	-0.00687
7032.12648	-0.00920
7030.19776	-0.01052
7028.26904	-0.00812
7026.34031	-0.00239
7024.41159	0.00494
7022.48286	0.01058
7020.55414	0.00953
7018.62542	0.00541
7016.69669	0.00687
7014.76797	0.01038
7012.83925	0.00921
7010.91052	0.00678
7008.98180	0.00592
7007.05308	0.00631
7005.12435	0.00845
7003.19563	0.00777
7001.26690	-0.00055
6999.33818	-0.01097
6997.40946	-0.01530
6995.48073	-0.01415
6993.55201	-0.01106
6991.62329	-0.00708
6989.69456	-0.00339
6987.76584	-0.00151
6985.83712	-0.00352
6983.90839	-0.00903
6981.97967	-0.01223
6980.05094	-0.00940
6978.12222	-0.00353
6976.19350	0.00159
6974.26477	0.00328
6972.33605	0.00061
6970.40733	-0.00199
6968.47860	0.00053
6966.54988	0.00466
6964.62115	0.00447
6962.69243	0.00191
6960.76371	-0.00037
6958.83498	-0.00291
6956.90626	-0.00363
6954.97754	-0.00206
6953.04881	0.00018
6951.12009	0.00341
6949.19137	0.00613
6947.26264	0.00634
6945.33392	0.00568
6943.40519	0.00589
6941.47647	0.00573
6939.54775	0.00356
6937.61902	0.00036
6935.69030	-0.00174
6933.76158	-0.00237
6931.83285	-0.00135
6929.90413	0.00030
6927.97541	-0.00002
6926.04668	0.00116
6924.11796	0.00779
6922.18923	0.01493
6920.26051	0.01771
6918.33179	0.01740
6916.40306	0.01609
6914.47434	0.01228
6912.54562	0.00589
6910.61689	0.00010
6908.68817	-0.00640
6906.75944	-0.01248
6904.83072	-0.01016
6902.90200	-0.00165
6900.97327	0.00166
6899.04455	-0.00020
6897.11583	-0.00038
6895.18710	0.00012
6893.25838	0.00009
6891.32966	0.00253
6889.40093	0.00698
6887.47221	0.01002
6885.54348	0.00996
6883.61476	0.00772
6881.68604	0.00466
6879.75731	0.00350
6877.82859	0.00803
6875.89987	0.01455
6873.97114	0.01491
6872.04242	0.00961
6870.11370	0.00389
6868.18497	-0.00001
6866.25625	0.00106
6864.32752	0.00596
6862.39880	0.00642
6860.47008	0.00278
6858.54135	0.00312
6856.61263	0.00495
6854.68391	0.00065
6852.75518	-0.00651
6850.82646	-0.00873
6848.89773	-0.00516
6846.96901	0.00026
6845.04029	0.00300
6843.11156	0.00412
6841.18284	0.00365
6839.25412	0.00115
6837.32539	0.00071
6835.39667	0.00285
6833.46795	0.00403
6831.53922	0.00494
6829.61050	0.00721
6827.68177	0.00830
6825.75305	0.00556
6823.82433	0.00092
6821.89560	-0.00062
6819.96688	0.00020
6818.03816	-0.00219
6816.10943	-0.00523
6814.18071	-0.00318
6812.25199	0.00210
6810.32326	0.00721
6808.39454	0.01056
6806.46581	0.00863
6804.53709	-0.00006
6802.60837	-0.00914
6800.67964	-0.00978
6798.75092	-0.00100
6796.82220	0.00899
6794.89347	0.01168
6792.96475	0.00858
6791.03603	0.00636
6789.10730	0.00506
6787.17858	0.00432
6785.24985	0.00672
6783.32113	0.00941
6781.39241	0.00808
6779.46368	0.00538
6777.53496	0.00494
6775.60624	0.00470
6773.67751	0.00373
6771.74879	0.00352
6769.82006	0.00152
6767.89134	-0.00270
6765.96262	-0.00387
6764.03389	-0.00014
6762.10517	0.00477
6760.17645	0.00764
6758.24772	0.00682
6756.31900	0.00260
6754.39028	-0.00045
6752.46155	-0.00003
6750.53283	0.00140
6748.60410	0.00442
6746.67538	0.00949
6744.74666	0.01201
6742.81793	0.00907
6740.88921	0.00420
6738.96049	0.00178
6737.03176	0.00185
6735.10304	0.00386
6733.17432	0.00624
6731.24559	0.00605
6729.31687	0.00434
6727.38814	0.00115
6725.45942	-0.00389
6723.53070	-0.00568
6721.60197	-0.00353
6719.67325	-0.00345
6717.74453	-0.00522
6715.81580	-0.00296
6713.88708	0.00235
6711.95835	0.00270
6710.02963	-0.00185
6708.10091	-0.00182
6706.17218	0.00260
6704.24346	0.00156
6702.31474	-0.00524
6700.38601	-0.01011
6698.45729	-0.00938
6696.52857	-0.00361
6694.59984	0.00235
6692.67112	0.00347
6690.74239	0.00157
6688.81367	-0.00197
6686.88495	-0.00672
6684.95622	-0.00662
6683.02750	-0.00136
6681.09878	0.00163
6679.17005	0.00268
6677.24133	0.00400
6675.31261	0.00104
6673.38388	-0.00444
6671.45516	-0.00602
6669.52643	-0.00417
6667.59771	-0.00131
6665.66899	0.00077
6663.74026	0.00154
6661.81154	0.00126
6659.88282	-0.00018
6657.95409	0.00279
6656.02537	0.00942
6654.09664	0.00959
6652.16792	0.00531
6650.23920	0.00392
6648.31047	0.00400
6646.38175	0.00357
6644.45303	0.00364
6642.52430	0.00540
6640.59558	0.00750
6638.66686	0.00629
6636.73813	0.00183
6634.80941	-0.00234
6632.88068	-0.00510
6630.95196	-0.00607
6629.02324	-0.00439
6627.09451	-0.00180
6625.16579	0.00016
6623.23707	0.00049
6621.30834	-0.00112
6619.37962	-0.00122
6617.45090	0.00161
6615.52217	0.00378
6613.59345	0.00353
6611.66472	0.00214
6609.73600	-0.00088
6607.80728	-0.00504
6605.87855	-0.00572
6603.94983	-0.00230
6602.02111	-0.00002
6600.09238	-0.00118
6598.16366	-0.00216
6596.23493	-0.00047
6594.30621	0.00093
6592.37749	-0.00031
6590.44876	-0.00215
6588.52004	-0.00255
6586.59132	-0.00361
6584.66259	-0.00630
6582.73387	-0.00556
6580.80515	-0.00082
6578.87642	0.00062
6576.94770	-0.00185
6575.01897	-0.00257
6573.09025	-0.00129
6571.16153	0.00059
6569.23280	0.00363
6567.30408	0.00646
6565.37536	0.00725
6563.44663	0.00503
6561.51791	0.00130
6559.58919	0.00087
6557.66046	0.00491
6555.73174	0.00788
6553.80301	0.00594
6551.87429	0.00229
6549.94557	0.00035
6548.01684	-0.00054
6546.08812	-0.00064
6544.15940	-0.00038
6542.23067	-0.00124
6540.30195	-0.00208
6538.37322	-0.00167
6536.44450	-0.00094
6534.51578	-0.00036
6532.58705	0.00055
6530.65833	0.00256
6528.72961	0.00450
6526.80088	0.00491
6524.87216	0.00433
6522.94344	0.00286
6521.01471	0.00100
6519.08599	0.00017
6517.15726	0.00018
6515.22854	0.00033
6513.29982	0.00019
6511.37109	-0.00090
6509.44237	-0.00169
6507.51365	-0.00154
6505.58492	-0.00285
6503.65620	-0.00402
6501.72748	-0.00150
6499.79875	0.00285
6497.87003	0.00417
6495.94130	0.00088
6494.01258	-0.00221
6492.08386	-0.00214
6490.15513	-0.00207
6488.22641	-0.00330
6486.29769	-0.00384
6484.36896	-0.00329
6482.44024	-0.00359
6480.51151	-0.00470
6478.58279	-0.00489
6476.65407	-0.00366
6474.72534	-0.00171
6472.79662	0.00065
6470.86790	0.00380
6468.93917	0.00429
6467.01045	0.00069
6465.08173	-0.00180
6463.15300	-0.00237
6461.22428	-0.00399
6459.29555	-0.00426
6457.36683	-0.00077
6455.43811	0.00071
6453.50938	-0.00511
6451.58066	-0.01142
6449.65194	-0.00957
6447.72321	-0.00292
6445.79449	0.00054
6443.86577	0.00090
6441.93704	0.00191
6440.00832	0.00341
6438.07959	0.00290
6436.15087	0.00097
6434.22215	0.00112
6432.29342	0.00359
6430.36470	0.00576
6428.43598	0.00552
6426.50725	0.00313
6424.57853	0.00157
6422.64980	0.00204
6420.72108	0.00352
6418.79236	0.00456
6416.86363	0.00390
6414.93491	0.00314
6413.00619	0.00486
6411.07746	0.00620
6409.14874	0.00337
6407.22002	0.00009
6405.29129	-0.00052
6403.36257	-0.00118
6401.43384	-0.00197
6399.50512	-0.00111
6397.57640	0.00002
6395.64767	-0.00085
6393.71895	-0.00364
6391.79023	-0.00546
6389.86150	-0.00430
6387.93278	-0.00242
6386.00406	-0.00223
6384.07533	-0.00288
6382.14661	-0.00221
6380.21788	0.00089
6378.28916	0.00389
6376.36044	0.00383
6374.43171	0.00051
6372.50299	-0.00473
6370.57427	-0.00790
6368.64554	-0.00678
6366.71682	-0.00408
6364.78810	-0.00230
6362.85937	-0.00161
6360.93065	-0.00094
6359.00192	-0.00093
6357.07320	-0.00271
6355.14448	-0.00452
6353.21575	-0.00440
6351.28703	-0.00317
6349.35831	-0.00262
6347.42958	-0.00241
6345.50086	-0.00263
6343.57213	-0.00371
6341.64341	-0.00355
6339.71469	-0.00103
6337.78596	0.00237
6335.85724	0.00350
6333.92852	0.00063
6331.99979	-0.00291
6330.07107	-0.00315
6328.14235	-0.00016
6326.21362	0.00301
6324.28490	0.00373
6322.35617	0.00286
6320.42745	0.00299
6318.49873	0.00405
6316.57000	0.00336
6314.64128	0.00164
6312.71256	0.00254
6310.78383	0.00489
6308.85511	0.00581
6306.92639	0.00559
6304.99766	0.00447
6303.06894	0.00294
6301.14021	0.00205
6299.21149	0.00185
6297.28277	0.00205
6295.35404	0.00186
6293.42532	0.00055
6291.49660	-0.00198
6289.56787	-0.00428
6287.63915	-0.00271
6285.71042	0.00301
6283.78170	0.00690
6281.85298	0.00550
6279.92425	0.00214
6277.99553	0.00050
6276.06681	0.00029
6274.13808	-0.00030
6272.20936	-0.00162
6270.28064	-0.00256
6268.35191	-0.00326
6266.42319	-0.00397
6264.49446	-0.00297
6262.56574	-0.00030
6260.63702	0.00171
6258.70829	0.00212
6256.77957	0.00068
6254.85085	-0.00099
6252.92212	-0.00040
6250.99340	-0.00003
6249.06468	-0.00176
6247.13595	-0.00210
6245.20723	-0.00013
6243.27850	0.00082
6241.34978	-0.00029
6239.42106	-0.00125
6237.49233	-0.00148
6235.56361	-0.00146
6233.63489	-0.00098
6231.70616	-0.00138
6229.77744	-0.00252
6227.84871	-0.00323
6225.91999	-0.00473
6223.99127	-0.00566
6222.06254	-0.00288
6220.13382	0.00139
6218.20510	0.00299
6216.27637	0.00090
6214.34765	-0.00392
6212.41893	-0.00742
6210.49020	-0.00525
6208.56148	-0.00013
6206.63275	0.00221
6204.70403	0.00162
6202.77531	0.00054
6200.84658	-0.00031
6198.91786	0.00012
6196.98914	0.00098
6195.06041	-0.00065
6193.13169	-0.00328
6191.20297	-0.00337
6189.27424	-0.00143
6187.34552	0.00041
6185.41679	0.00210
6183.48807	0.00380
6181.55935	0.00398
6179.63062	0.00225
6177.70190	0.00081
6175.77318	0.00136
6173.84445	0.00302
6171.91573	0.00388
6169.98700	0.00326
6168.05828	0.00217
6166.12956	0.00114
6164.20083	-0.00085
6162.27211	-0.00323
6160.34339	-0.00355
6158.41466	-0.00161
6156.48594	-0.00020
6154.55722	0.00000
6152.62849	0.00013
6150.69977	-0.00144
6148.77104	-0.00420
6146.84232	-0.00496
6144.91360	-0.00374
6142.98487	-0.00162
6141.05615	-0.00046
6139.12743	-0.00165
6137.19870	-0.00284
6135.26998	-0.00222
6133.34126	-0.00069
6131.41253	0.00064
6129.48381	0.00126
6127.55508	0.00133
6125.62636	0.00174
6123.69764	0.00264
6121.76891	0.00289
6119.84019	0.00166
6117.91147	-0.00043
6115.98274	-0.00209
6114.05402	-0.00245
6112.12529	-0.00145
6110.19657	-0.00066
6108.26785	-0.00020
6106.33912	0.00085
6104.41040	-0.00005
6102.48168	-0.00307
6100.55295	-0.00423
6098.62423	-0.00308
6096.69551	-0.00208
6094.76678	-0.00183
6092.83806	-0.00133
6090.90933	-0.00027
6088.98061	0.00118
6087.05189	0.00245
6085.12316	0.00226
6083.19444	0.00089
6081.26572	0.00021
6079.33699	0.00046
6077.40827	-0.00001
6075.47955	-0.00147
6073.55082	-0.00259
6071.62210	-0.00229
6069.69337	-0.00049
6067.76465	0.00177
6065.83593	0.00259
6063.90720	0.00103
6061.97848	-0.00074
6060.04976	-0.00065
6058.12103	0.00012
6056.19231	-0.00035
6054.26358	-0.00193
6052.33486	-0.00293
6050.40614	-0.00230
6048.47741	0.00034
6046.54869	0.00387
6044.61997	0.00573
6042.69124	0.00489
6040.76252	0.00177
6038.83380	-0.00157
6036.90507	-0.00246
6034.97635	-0.00113
6033.04762	0.00016
6031.11890	0.00004
6029.19018	-0.00055
6027.26145	-0.00067
6025.33273	-0.00116
6023.40401	-0.00191
6021.47528	-0.00150
6019.54656	-0.00034
6017.61784	-0.00005
6015.68911	-0.00095
6013.76039	-0.00230
6011.83166	-0.00250
6009.90294	-0.00025
6007.97422	0.00228
6006.04549	0.00209
6004.11677	0.00000
6002.18805	-0.00122
6000.25932	-0.00097
5998.33060	-0.00077
5996.40187	-0.00122
5994.47315	-0.00130
5992.54443	-0.00077
5990.61570	-0.00090
5988.68698	-0.00155
5986.75826	-0.00065
5984.82953	0.00127
5982.90081	0.00097
5980.97209	-0.00175
5979.04336	-0.00392
5977.11464	-0.00371
5975.18591	-0.00222
5973.25719	-0.00172
5971.32847	-0.00201
5969.39974	-0.00147
5967.47102	-0.00067
5965.54230	-0.00065
5963.61357	-0.00095
5961.68485	-0.00095
5959.75613	-0.00116
5957.82740	-0.00205
5955.89868	-0.00203
5953.96995	-0.00016
5952.04123	0.00165
5950.11251	0.00178
5948.18378	0.00072
5946.25506	-0.00050
5944.32634	-0.00143
5942.39761	-0.00179
5940.46889	-0.00124
5938.54017	0.00031
5936.61144	0.00151
5934.68272	0.00060
5932.75399	-0.00124
5930.82527	-0.00136
5928.89655	0.00034
5926.96782	0.00163
5925.03910	0.00098
5923.11038	0.00006
5921.18165	0.00052
5919.25293	0.00035
5917.32420	-0.00163
5915.39548	-0.00340
5913.46676	-0.00377
5911.53803	-0.00295
5909.60931	-0.00148
5907.68059	-0.00118
5905.75186	-0.00262
5903.82314	-0.00363
5901.89442	-0.00273
5899.96569	-0.00089
5898.03697	-0.00010
5896.10824	-0.00110
5894.17952	-0.00210
5892.25080	-0.00184
5890.32207	-0.00090
5888.39335	0.00043
5886.46463	0.00094
5884.53590	-0.00021
5882.60718	-0.00096
5880.67846	-0.00009
5878.74973	0.00034
5876.82101	-0.00075
5874.89228	-0.00127
5872.96356	-0.00004
5871.03484	0.00095
5869.10611	0.00021
5867.17739	-0.00097
5865.24867	-0.00054
5863.31994	0.00127
5861.39122	0.00214
5859.46249	0.00148
5857.53377	0.00072
5855.60505	0.00049
5853.67632	0.00053
5851.74760	0.00011
5849.81888	-0.00045
5847.89015	-0.00032
5845.96143	-0.00059
5844.03271	-0.00084
5842.10398	0.00027
5840.17526	0.00087
5838.24653	-0.00052
5836.31781	-0.00231
5834.38909	-0.00236
5832.46036	-0.00095
5830.53164	0.00037
5828.60292	0.00141
5826.67419	0.00194
5824.74547	0.00119
5822.81675	-0.00042
5820.88802	-0.00150
5818.95930	-0.00095
5817.03057	0.00061
5815.10185	0.00095
5813.17313	-0.00115
5811.24440	-0.00365
5809.31568	-0.00370
5807.38696	-0.00168
5805.45823	0.00028
5803.52951	0.00109
5801.60078	0.00095
5799.67206	0.00102
5797.74334	0.00152
5795.81461	0.00142
5793.88589	0.00032
5791.95717	-0.00070
5790.02844	-0.00004
5788.09972	0.00205
5786.17100	0.00349
5784.24227	0.00365
5782.31355	0.00363
5780.38482	0.00374
5778.45610	0.00349
5776.52738	0.00277
5774.59865	0.00139
5772.66993	-0.00119
5770.74121	-0.00419
5768.81248	-0.00509
5766.88376	-0.00341
5764.95504	-0.00131
5763.02631	0.00034
5761.09759	0.00158
5759.16886	0.00213
5757.24014	0.00196
5755.31142	0.00143
5753.38269	0.00133
5751.45397	0.00082
5749.52525	-0.00086
5747.59652	-0.00222
5745.66780	-0.00291
5743.73907	-0.00402
5741.81035	-0.00464
5739.88163	-0.00325
5737.95290	-0.00115
5736.02418	0.00009
5734.09546	0.00043
5732.16673	-0.00011
5730.23801	-0.00054
5728.30929	0.00003
5726.38056	0.00055
5724.45184	0.00048
5722.52311	0.00059
5720.59439	0.00131
5718.66567	0.00201
5716.73694	0.00146
5714.80822	-0.00034
5712.87950	-0.00119
5710.95077	-0.00005
5709.02205	0.00096
5707.09333	0.00028
5705.16460	-0.00081
5703.23588	-0.00076
5701.30715	-0.00037
5699.37843	-0.00091
5697.44971	-0.00128
5695.52098	-0.00094
5693.59226	-0.00073
5691.66354	-0.00052
5689.73481	-0.00054
5687.80609	-0.00093
5685.87736	-0.00113
5683.94864	-0.00159
5682.01992	-0.00181
5680.09119	-0.00075
5678.16247	0.00025
5676.23375	-0.00000
5674.30502	-0.00032
5672.37630	0.00008
5670.44758	0.00011
5668.51885	-0.00099
5666.59013	-0.00242
5664.66140	-0.00301
5662.73268	-0.00237
5660.80396	-0.00143
5658.87523	-0.00130
5656.94651	-0.00163
5655.01779	-0.00160
5653.08906	-0.00071
5651.16034	0.00070
5649.23162	0.00117
5647.30289	0.00032
5645.37417	-0.00067
5643.44544	-0.00112
5641.51672	-0.00085
5639.58800	0.00005
5637.65927	0.00075
5635.73055	0.00068
5633.80183	0.00020
5631.87310	0.00010
5629.94438	0.00036
5628.01565	0.00031
5626.08693	0.00016
5624.15821	0.00020
5622.22948	-0.00072
5620.30076	-0.00236
5618.37204	-0.00249
5616.44331	-0.00108
5614.51459	-0.00028
5612.58587	-0.00075
5610.65714	-0.00152
5608.72842	-0.00226
5606.79969	-0.00290
5604.87097	-0.00294
5602.94225	-0.00295
5601.01352	-0.00358
5599.08480	-0.00351
5597.15608	-0.00217
5595.22735	-0.00048
5593.29863	-0.00006
5591.36991	-0.00074
5589.44118	-0.00086
5587.51246	-0.00053
5585.58373	-0.00065
5583.65501	-0.00048
5581.72629	-0.00010
5579.79756	-0.00058
5577.86884	-0.00119
5575.94012	-0.00149
5574.01139	-0.00232
5572.08267	-0.00306
5570.15394	-0.00246
5568.22522	-0.00100
5566.29650	-0.00019
5564.36777	-0.00114
5562.43905	-0.00290
5560.51033	-0.00336
5558.58160	-0.00251
5556.65288	-0.00169
5554.72416	-0.00146
5552.79543	-0.00212
5550.86671	-0.00291
5548.93798	-0.00223
5547.00926	-0.00049
5545.08054	0.00047
5543.15181	0.00007
5541.22309	-0.00065
5539.29437	-0.00062
5537.36564	-0.00035
5535.43692	-0.00100
5533.50820	-0.00177
5531.57947	-0.00130
5529.65075	-0.00056
5527.72202	-0.00077
5525.79330	-0.00140
5523.86458	-0.00127
5521.93585	0.00022
5520.00713	0.00162
5518.07841	0.00097
5516.14968	-0.00027
5514.22096	0.00028
5512.29224	0.00151
5510.36351	0.00138
5508.43479	-0.00017
5506.50606	-0.00231
5504.57734	-0.00370
5502.64862	-0.00370
5500.71989	-0.00279
5498.79117	-0.00165
5496.86245	-0.00110
5494.93372	-0.00082
5493.00500	-0.00001
5491.07627	0.00093
5489.14755	0.00076
5487.21883	-0.00080
5485.29010	-0.00209
5483.36138	-0.00176
5481.43266	-0.00082
5479.50393	-0.00067
5477.57521	-0.00150
5475.64649	-0.00267
5473.71776	-0.00318
5471.78904	-0.00238
5469.86031	-0.00100
5467.93159	0.00013
5466.00287	0.00117
5464.07414	0.00182
5462.14542	0.00103
5460.21670	-0.00097
5458.28797	-0.00251
5456.35925	-0.00258
5454.43053	-0.00162
5452.50180	-0.00041
5450.57308	0.00026
5448.64435	0.00020
5446.71563	-0.00029
5444.78691	-0.00120
5442.85818	-0.00167
5440.92946	-0.00091
5439.00074	0.00006
5437.07201	0.00066
5435.14329	0.00093
5433.21456	0.00034
5431.28584	-0.00067
5429.35712	-0.00119
5427.42839	-0.00114
5425.49967	-0.00077
5423.57095	-0.00059
5421.64222	-0.00050
5419.71350	-0.00002
5417.78478	0.00016
5415.85605	-0.00071
5413.92733	-0.00183
5411.99860	-0.00197
5410.06988	-0.00127
5408.14116	-0.00067
5406.21243	-0.00041
5404.28371	-0.00073
5402.35499	-0.00166
5400.42626	-0.00226
5398.49754	-0.00177
5396.56882	-0.00082
5394.64009	0.00009
5392.71137	0.00134
5390.78264	0.00225
5388.85392	0.00138
5386.92520	-0.00058
5384.99647	-0.00156
5383.06775	-0.00111
5381.13903	-0.00036
5379.21030	-0.00004
5377.28158	-0.00040
5375.35285	-0.00125
5373.42413	-0.00152
5371.49541	-0.00070
5369.56668	0.00016
5367.63796	0.00002
5365.70924	-0.00073
5363.78051	-0.00140
5361.85179	-0.00180
5359.92307	-0.00161
5357.99434	-0.00073
5356.06562	-0.00006
5354.13689	-0.00040
5352.20817	-0.00096
5350.27945	-0.00066
5348.35072	-0.00009
5346.42200	-0.00011
5344.49328	-0.00082
5342.56455	-0.00197
5340.63583	-0.00252
5338.70711	-0.00210
5336.77838	-0.00111
5334.84966	0.00051
5332.92093	0.00198
5330.99221	0.00213
5329.06349	0.00142
5327.13476	0.00045
5325.20604	-0.00096
5323.27732	-0.00221
5321.34859	-0.00241
5319.41987	-0.00136
5317.49114	0.00030
5315.56242	0.00151
5313.63370	0.00165
5311.70497	0.00081
5309.77625	-0.00029
5307.84753	-0.00070
5305.91880	-0.00044
5303.99008	-0.00028
5302.06136	-0.00038
5300.13263	-0.00053
5298.20391	-0.00092
5296.27518	-0.00165
5294.34646	-0.00227
5292.41774	-0.00199
5290.48901	-0.00092
5288.56029	-0.00056
5286.63157	-0.00108
5284.70284	-0.00154
5282.77412	-0.00188
5280.84540	-0.00173
5278.91667	-0.00079
5276.98795	-0.00042
5275.05922	-0.00191
5273.13050	-0.00391
5271.20178	-0.00448
5269.27305	-0.00430
5267.34433	-0.00418
5265.41561	-0.00347
5263.48688	-0.00282
5261.55816	-0.00336
5259.62943	-0.00434
5257.70071	-0.00487
5255.77199	-0.00517
5253.84326	-0.00561
5251.91454	-0.00553
5249.98582	-0.00426
5248.05709	-0.00301
5246.12837	-0.00333
5244.19965	-0.00447
5242.27092	-0.00481
5240.34220	-0.00439
5238.41347	-0.00425
5236.48475	-0.00447
5234.55603	-0.00499
5232.62730	-0.00606
5230.69858	-0.00672
5228.76986	-0.00613
5226.84113	-0.00539
5224.91241	-0.00551
5222.98369	-0.00561
5221.05496	-0.00477
5219.12624	-0.00382
5217.19751	-0.00353
5215.26879	-0.00356
5213.34007	-0.00401
5211.41134	-0.00487
5209.48262	-0.00528
5207.55390	-0.00532
5205.62517	-0.00551
5203.69645	-0.00525
5201.76772	-0.00476
5199.83900	-0.00523
5197.91028	-0.00625
5195.98155	-0.00682
5194.05283	-0.00695
5192.12411	-0.00692
5190.19538	-0.00674
5188.26666	-0.00632
5186.33794	-0.00559
5184.40921	-0.00497
5182.48049	-0.00520
5180.55176	-0.00616
5178.62304	-0.00678
5176.69432	-0.00650
5174.76559	-0.00575
5172.83687	-0.00519
5170.90815	-0.00518
5168.97942	-0.00554
5167.05070	-0.00589
5165.12198	-0.00621
5163.19325	-0.00627
5161.26453	-0.00584
5159.33580	-0.00534
5157.40708	-0.00520
5155.47836	-0.00512
5153.54963	-0.00489
5151.62091	-0.00473
5149.69219	-0.00467
5147.76346	-0.00456
5145.83474	-0.00451
5143.90601	-0.00500
5141.97729	-0.00585
5140.04857	-0.00610
5138.11984	-0.00582
5136.19112	-0.00558
5134.26240	-0.00501
5132.33367	-0.00401
5130.40495	-0.00316
5128.47623	-0.00283
5126.54750	-0.00311
5124.61878	-0.00363
5122.69005	-0.00364
5120.76133	-0.00326
5118.83261	-0.00328
5116.90388	-0.00353
5114.97516	-0.00348
5113.04644	-0.00339
5111.11771	-0.00356
5109.18899	-0.00392
5107.26027	-0.00409
5105.33154	-0.00351
5103.40282	-0.00257
5101.47409	-0.00255
5099.54537	-0.00331
5097.61665	-0.00347
5095.68792	-0.00286
5093.75920	-0.00228
5091.83048	-0.00223
5089.90175	-0.00272
5087.97303	-0.00357
5086.04431	-0.00426
5084.11558	-0.00428
5082.18686	-0.00382
5080.25813	-0.00358
5078.32941	-0.00389
5076.40069	-0.00444
5074.47196	-0.00454
5072.54324	-0.00385
5070.61452	-0.00287
5068.68579	-0.00236
5066.75707	-0.00242
5064.82834	-0.00267
5062.89962	-0.00299
5060.97090	-0.00329
5059.04217	-0.00321
5057.11345	-0.00283
5055.18473	-0.00270
5053.25600	-0.00261
5051.32728	-0.00243
5049.39856	-0.00240
5047.46983	-0.00243
5045.54111	-0.00252
5043.61238	-0.00266
5041.68366	-0.00232
5039.75494	-0.00171
5037.82621	-0.00171
5035.89749	-0.00201
5033.96877	-0.00184
5032.04004	-0.00162
5030.11132	-0.00184
5028.18260	-0.00206
5026.25387	-0.00194
5024.32515	-0.00160
5022.39642	-0.00137
5020.46770	-0.00159
5018.53898	-0.00179
5016.61025	-0.00147
5014.68153	-0.00106
5012.75281	-0.00114
5010.82408	-0.00150
5008.89536	-0.00164
5006.96663	-0.00156
5005.03791	-0.00136
5003.10919	-0.00089
5001.18046	-0.00011
4999.25174	0.00043
4997.32302	-0.00005
4995.39429	-0.00091
4993.46557	-0.00111
4991.53685	-0.00069
4989.60812	-0.00027
4987.67940	-0.00007
4985.75067	0.00002
4983.82195	-0.00020
4981.89323	-0.00097
4979.96450	-0.00168
4978.03578	-0.00096
4976.10706	0.00092
4974.17833	0.00167
4972.24961	0.00070
4970.32089	-0.00031
4968.39216	-0.00048
4966.46344	-0.00027
4964.53471	0.00010
4962.60599	0.00090
4960.67727	0.00156
4958.74854	0.00129
4956.81982	0.00044
4954.89110	-0.00031
4952.96237	-0.00068
4951.03365	-0.00051
4949.10492	0.00013
4947.17620	0.00089
4945.24748	0.00144
4943.31875	0.00157
4941.39003	0.00123
4939.46131	0.00047
4937.53258	-0.00009
4935.60386	-0.00008
4933.67514	-0.00029
4931.74641	-0.00056
4929.81769	0.00003
4927.88896	0.00099
4925.96024	0.00153
4924.03152	0.00170
4922.10279	0.00154
4920.17407	0.00089
4918.24535	0.00004
4916.31662	-0.00047
4914.38790	-0.00054
4912.45918	-0.00024
4910.53045	0.00045
4908.60173	0.00105
4906.67300	0.00095
4904.74428	0.00066
4902.81556	0.00076
4900.88683	0.00079
4898.95811	0.00049
4897.02939	0.00004
4895.10066	-0.00021
4893.17194	0.00004
4891.24321	0.00062
4889.31449	0.00116
4887.38577	0.00137
4885.45704	0.00125
4883.52832	0.00105
4881.59960	0.00115
4879.67087	0.00172
4877.74215	0.00205
4875.81343	0.00145
4873.88470	0.00046
4871.95598	0.00001
4870.02725	0.00000
4868.09853	-0.00015
4866.16981	-0.00030
4864.24108	-0.00007
4862.31236	0.00035
4860.38364	0.00045
4858.45491	0.00047
4856.52619	0.00058
4854.59747	0.00017
4852.66874	-0.00051
4850.74002	-0.00077
4848.81129	-0.00066
4846.88257	-0.00052
4844.95385	-0.00024
4843.02512	0.00028
4841.09640	0.00076
4839.16768	0.00090
4837.23895	0.00075
4835.31023	0.00037
4833.38150	-0.00019
4831.45278	-0.00053
4829.52406	-0.00046
4827.59533	-0.00031
4825.66661	-0.00012
4823.73789	0.00020
4821.80916	0.00046
4819.88044	0.00077
4817.95172	0.00103
4816.02299	0.00099
4814.09427	0.00096
4812.16554	0.00110
4810.23682	0.00108
4808.30810	0.00107
4806.37937	0.00122
4804.45065	0.00108
4802.52193	0.00065
4800.59320	0.00044
4798.66448	0.00063
4796.73576	0.00097
4794.80703	0.00109
4792.87831	0.00079
4790.94958	0.00025
4789.02086	-0.00007
4787.09214	0.00009
4785.16341	0.00055
4783.23469	0.00075
4781.30597	0.00052
4779.37724	0.00024
4777.44852	0.00007
4775.51979	0.00021
4773.59107	0.00076
4771.66235	0.00095
4769.73362	0.00019
4767.80490	-0.00070
4765.87618	-0.00049
4763.94745	0.00048
4762.01873	0.00094
4760.09001	0.00053
4758.16128	0.00008
4756.23256	0.00001
4754.30383	-0.00016
4752.37511	-0.00028
4750.44639	-0.00015
4748.51766	-0.00024
4746.58894	-0.00027
4744.66022	0.00028
4742.73149	0.00083
4740.80277	0.00045
4738.87405	-0.00044
4736.94532	-0.00069
4735.01660	-0.00050
4733.08787	-0.00061
4731.15915	-0.00071
4729.23043	-0.00082
4727.30170	-0.00144
4725.37298	-0.00158
4723.44426	-0.00062
4721.51553	0.00003
4719.58681	-0.00014
4717.65808	-0.00014
4715.72936	0.00028
4713.80064	0.00045
4711.87191	-0.00002
4709.94319	-0.00072
4708.01447	-0.00103
4706.08574	-0.00091
4704.15702	-0.00047
4702.22830	-0.00011
4700.29957	-0.00013
4698.37085	-0.00028
4696.44212	-0.00037
4694.51340	-0.00046
4692.58468	-0.00059
4690.65595	-0.00072
4688.72723	-0.00061
4686.79851	-0.00026
4684.86978	-0.00011
4682.94106	-0.00036
4681.01234	-0.00078
4679.08361	-0.00101
4677.15489	-0.00054
4675.22616	0.00040
4673.29744	0.00064
4671.36872	0.00034
4669.43999	0.00046
4667.51127	0.00068
4665.58255	0.00058
4663.65382	0.00033
4661.72510	0.00013
4659.79638	-0.00014
4657.86765	-0.00092
4655.93893	-0.00164
4654.01020	-0.00161
4652.08148	-0.00145
4650.15276	-0.00109
4648.22403	-0.00032
4646.29531	-0.00010
4644.36659	-0.00050
4642.43786	-0.00081
4640.50914	-0.00115
4638.58041	-0.00124
4636.65169	-0.00073
4634.72297	-0.00062
4632.79424	-0.00105
4630.86552	-0.00081
4628.93680	-0.00023
4627.00807	-0.00039
4625.07935	-0.00076
4623.15063	-0.00058
4621.22190	-0.00022
4619.29318	-0.00011
4617.36445	-0.00020
4615.43573	-0.00027
4613.50701	-0.00014
4611.57828	0.00012
4609.64956	0.00015
4607.72084	-0.00010
4605.79211	-0.00012
4603.86339	0.00029
4601.93467	0.00061
4600.00594	0.00049
4598.07722	0.00017
4596.14849	-0.00007
4594.21977	-0.00028
4592.29105	-0.00043
4590.36232	-0.00037
4588.43360	-0.00006
4586.50488	0.00001
4584.57615	-0.00035
4582.64743	-0.00058
4580.71870	-0.00053
4578.78998	-0.00050
4576.86126	-0.00036
4574.93253	-0.00004
4573.00381	0.00020
4571.07509	0.00022
4569.14636	0.00007
4567.21764	-0.00030
4565.28892	-0.00066
4563.36019	-0.00062
4561.43147	-0.00029
4559.50274	-0.00015
4557.57402	-0.00011
4555.64530	0.00023
4553.71657	0.00057
4551.78785	0.00045
4549.85913	0.00022
4547.93040	0.00004
4546.00168	-0.00071
4544.07296	-0.00189
4542.14423	-0.00233
4540.21551	-0.00177
4538.28678	-0.00101
4536.35806	-0.00037
4534.42934	0.00026
4532.50061	0.00057
4530.57189	0.00044
4528.64317	0.00010
4526.71444	-0.00040
4524.78572	-0.00099
4522.85699	-0.00134
4520.92827	-0.00129
4518.99955	-0.00104
4517.07082	-0.00066
4515.14210	-0.00014
4513.21338	0.00024
4511.28465	0.00021
4509.35593	-0.00019
4507.42721	-0.00050
4505.49848	-0.00037
4503.56976	-0.00023
4501.64103	-0.00034
4499.71231	-0.00045
4497.78359	-0.00032
4495.85486	-0.00010
4493.92614	-0.00013
4491.99742	-0.00049
4490.06869	-0.00090
4488.13997	-0.00094
4486.21125	-0.00050
4484.28252	0.00002
4482.35380	0.00021
4480.42507	0.00007
4478.49635	-0.00036
4476.56763	-0.00105
4474.63890	-0.00139
4472.71018	-0.00091
4470.78146	-0.00012
4468.85273	0.00025
4466.92401	0.00008
4464.99528	-0.00009
4463.06656	0.00024
4461.13784	0.00068
4459.20911	0.00063
4457.28039	0.00042
4455.35167	0.00057
4453.42294	0.00080
4451.49422	0.00103
4449.56550	0.00123
4447.63677	0.00088
4445.70805	0.00015
4443.77932	-0.00008
4441.85060	0.00022
4439.92188	0.00039
4437.99315	0.00031
4436.06443	0.00022
4434.13571	0.00026
4432.20698	0.00017
4430.27826	-0.00004
4428.34954	0.00009
4426.42081	0.00021
4424.49209	-0.00012
4422.56336	-0.00027
4420.63464	-0.00002
4418.70592	0.00024
4416.77719	0.00055
4414.84847	0.00075
4412.91975	0.00060
4410.99102	0.00013
4409.06230	-0.00041
4407.13357	-0.00063
4405.20485	-0.00055
4403.27613	-0.00035
4401.34740	-0.00007
4399.41868	0.00011
4397.48996	0.00024
4395.56123	0.00037
4393.63251	0.00019
4391.70379	-0.00025
4389.77506	-0.00051
4387.84634	-0.00051
4385.91761	-0.00041
4383.98889	-0.00019
4382.06017	-0.00006
4380.13144	-0.00004
4378.20272	-0.00009
4376.27400	-0.00033
4374.34527	-0.00045
4372.41655	-0.00009
4370.48783	0.00024
4368.55910	0.00040
4366.63038	0.00075
4364.70165	0.00097
4362.77293	0.00075
4360.84421	0.00020
4358.91548	-0.00043
4356.98676	-0.00062
4355.05804	-0.00030
4353.12931	-0.00007
4351.20059	-0.00010
4349.27186	-0.00019
4347.34314	-0.00028
4345.41442	-0.00044
4343.48569	-0.00052
4341.55697	-0.00047
4339.62825	-0.00051
4337.69952	-0.00077
4335.77080	-0.00115
4333.84208	-0.00124
4331.91335	-0.00078
4329.98463	-0.00010
4328.05590	0.00041
4326.12718	0.00045
4324.19846	0.00004
4322.26973	-0.00025
4320.34101	-0.00016
4318.41229	-0.00007
4316.48356	-0.00021
4314.55484	-0.00040
4312.62612	-0.00020
4310.69739	-0.00009
4308.76867	-0.00056
4306.83994	-0.00081
4304.91122	-0.00055
4302.98250	-0.00025
4301.05377	-0.00007
4299.12505	-0.00014
4297.19633	-0.00038
4295.26760	-0.00032
4293.33888	-0.00002
4291.41015	0.00020
4289.48143	0.00031
4287.55271	0.00028
4285.62398	0.00006
4283.69526	-0.00012
4281.76654	-0.00015
4279.83781	-0.00004
4277.90909	0.00020
4275.98037	0.00023
4274.05164	-0.00019
4272.12292	-0.00073
4270.19419	-0.00096
4268.26547	-0.00076
4266.33675	-0.00034
4264.40802	-0.00019
4262.47930	-0.00037
4260.55058	-0.00042
4258.62185	-0.00019
4256.69313	-0.00017
4254.76441	-0.00039
4252.83568	-0.00051
4250.90696	-0.00046
4248.97823	-0.00012
4247.04951	0.00019
4245.12079	-0.00005
4243.19206	-0.00066
4241.26334	-0.00093
4239.33462	-0.00071
4237.40589	-0.00046
4235.47717	-0.00035
4233.54845	-0.00034
4231.61972	-0.00042
4229.69100	-0.00045
4227.76227	-0.00037
4225.83355	-0.00029
4223.90483	-0.00033
4221.97610	-0.00035
4220.04738	-0.00046
4218.11866	-0.00088
4216.18993	-0.00124
4214.26121	-0.00097
4212.33248	-0.00028
4210.40376	0.00006
4208.47504	-0.00028
4206.54631	-0.00063
4204.61759	-0.00048
4202.68887	-0.00025
4200.76014	-0.00037
4198.83142	-0.00060
4196.90270	-0.00063
4194.97397	-0.00052
4193.04525	-0.00031
4191.11652	-0.00025
4189.18780	-0.00057
4187.25908	-0.00094
4185.33035	-0.00108
4183.40163	-0.00110
4181.47291	-0.00074
4179.54418	-0.00010
4177.61546	0.00000
4175.68674	-0.00031
4173.75801	-0.00037
4171.82929	-0.00037
4169.90056	-0.00061
4167.97184	-0.00069
4166.04312	-0.00049
4164.11439	-0.00043
4162.18567	-0.00040
4160.25695	-0.00006
4158.32822	0.00024
4156.39950	-0.00005
4154.47077	-0.00077
4152.54205	-0.00124
4150.61333	-0.00127
4148.68460	-0.00116
4146.75588	-0.00104
4144.82716	-0.00093
4142.89843	-0.00085
4140.96971	-0.00090
4139.04099	-0.00127
4137.11226	-0.00184
4135.18354	-0.00210
4133.25481	-0.00181
4131.32609	-0.00131
4129.39737	-0.00116
4127.46864	-0.00124
4125.53992	-0.00107
4123.61120	-0.00073
4121.68247	-0.00064
4119.75375	-0.00091
4117.82503	-0.00115
4115.89630	-0.00120
4113.96758	-0.00121
4112.03885	-0.00112
4110.11013	-0.00100
4108.18141	-0.00108
4106.25268	-0.00118
4104.32396	-0.00106
4102.39524	-0.00078
4100.46651	-0.00067
4098.53779	-0.00097
4096.60906	-0.00134
4094.68034	-0.00142
4092.75162	-0.00150
4090.82289	-0.00181
4088.89417	-0.00204
4086.96545	-0.00186
4085.03672	-0.00143
4083.10800	-0.00130
4081.17928	-0.00162
4079.25055	-0.00198
4077.32183	-0.00216
4075.39310	-0.00207
4073.46438	-0.00181
4071.53566	-0.00169
4069.60693	-0.00170
4067.67821	-0.00166
4065.74949	-0.00160
4063.82076	-0.00168
4061.89204	-0.00181
4059.96332	-0.00187
4058.03459	-0.00184
4056.10587	-0.00162
4054.17714	-0.00159
4052.24842	-0.00206
4050.31970	-0.00231
4048.39097	-0.00202
4046.46225	-0.00196
4044.53353	-0.00220
4042.60480	-0.00219
4040.67608	-0.00197
4038.74735	-0.00195
4036.81863	-0.00225
4034.88991	-0.00265
4032.96118	-0.00279
4031.03246	-0.00258
4029.10374	-0.00236
4027.17501	-0.00225
4025.24629	-0.00213
4023.31757	-0.00211
4021.38884	-0.00218
4019.46012	-0.00209
4017.53139	-0.00192
4015.60267	-0.00195
4013.67395	-0.00193
4011.74522	-0.00150
4009.81650	-0.00116
4007.88778	-0.00140
4005.95905	-0.00189
4004.03033	-0.00232
4002.10161	-0.00264
4000.17288	-0.00269
3998.24416	-0.00257
3996.31543	-0.00255
3994.38671	-0.00290
3992.45799	-0.00334
3990.52926	-0.00346
3988.60054	-0.00313
3986.67182	-0.00267
3984.74309	-0.00249
3982.81437	-0.00245
3980.88564	-0.00239
3978.95692	-0.00248
3977.02820	-0.00275
3975.09947	-0.00294
3973.17075	-0.00294
3971.24203	-0.00295
3969.31330	-0.00304
3967.38458	-0.00308
3965.45586	-0.00304
3963.52713	-0.00299
3961.59841	-0.00312
3959.66968	-0.00345
3957.74096	-0.00369
3955.81224	-0.00364
3953.88351	-0.00337
3951.95479	-0.00326
3950.02607	-0.00344
3948.09734	-0.00371
3946.16862	-0.00390
3944.23990	-0.00403
3942.31117	-0.00420
3940.38245	-0.00417
3938.45372	-0.00376
3936.52500	-0.00346
3934.59628	-0.00338
3932.66755	-0.00331
3930.73883	-0.00330
3928.81011	-0.00332
3926.88138	-0.00323
3924.95266	-0.00318
3923.02393	-0.00351
3921.09521	-0.00396
3919.16649	-0.00405
3917.23776	-0.00387
3915.30904	-0.00391
3913.38032	-0.00415
3911.45159	-0.00433
3909.52287	-0.00459
3907.59415	-0.00486
3905.66542	-0.00484
3903.73670	-0.00463
3901.80797	-0.00435
3899.87925	-0.00402
3897.95053	-0.00403
3896.02180	-0.00420
3894.09308	-0.00396
3892.16436	-0.00366
3890.23563	-0.00413
3888.30691	-0.00474
3886.37819	-0.00467
3884.44946	-0.00453
3882.52074	-0.00431
3880.59201	-0.00390
3878.66329	-0.00407
3876.73457	-0.00449
3874.80584	-0.00476
3872.87712	-0.00508
3870.94840	-0.00515
3869.01967	-0.00526
3867.09095	-0.00552
3865.16222	-0.00537
3863.23350	-0.00504
3861.30478	-0.00483
3859.37605	-0.00495
3857.44733	-0.00503
3855.51861	-0.00406
3853.58988	-0.00272
3851.66116	-0.00290
3849.73244	-0.00399
3847.80371	-0.00489
3845.87499	-0.00538
3843.94626	-0.00567
3842.01754	-0.00587
3840.08882	-0.00555
3838.16009	-0.00474
3836.23137	-0.00429
3834.30265	-0.00436
3832.37392	-0.00453
3830.44520	-0.00488
3828.51648	-0.00533
3826.58775	-0.00589
3824.65903	-0.00640
3822.73030	-0.00613
3820.80158	-0.00573
3818.87286	-0.00574
3816.94413	-0.00509
3815.01541	-0.00447
3813.08669	-0.00470
3811.15796	-0.00516
3809.22924	-0.00529
3807.30052	-0.00535
3805.37179	-0.00585
3803.44307	-0.00591
3801.51434	-0.00553
3799.58562	-0.00564
3797.65690	-0.00565
3795.72817	-0.00549
3793.79945	-0.00551
3791.87073	-0.00533
3789.94200	-0.00503
3788.01328	-0.00491
3786.08455	-0.00494
3784.15583	-0.00522
3782.22711	-0.00555
3780.29838	-0.00547
3778.36966	-0.00526
3776.44094	-0.00523
3774.51221	-0.00540
3772.58349	-0.00563
3770.65477	-0.00574
3768.72604	-0.00585
3766.79732	-0.00592
3764.86859	-0.00613
3762.93987	-0.00669
3761.01115	-0.00712
3759.08242	-0.00754
3757.15370	-0.00817
3755.22498	-0.00844
3753.29625	-0.00785
3751.36753	-0.00727
3749.43881	-0.00799
3747.51008	-0.00916
3745.58136	-0.00900
3743.65263	-0.00864
3741.72391	-0.00926
3739.79519	-0.00987
3737.86646	-0.00994
3735.93774	-0.00959
3734.00902	-0.00911
3732.08029	-0.00879
3730.15157	-0.00906
3728.22284	-0.00965
3726.29412	-0.01008
3724.36540	-0.01032
3722.43667	-0.01034
3720.50795	-0.01032
3718.57923	-0.01049
3716.65050	-0.01106
3714.72178	-0.01169
3712.79306	-0.01173
3710.86433	-0.01153
3708.93561	-0.01180
3707.00688	-0.01258
3705.07816	-0.01327
3703.14944	-0.01338
3701.22071	-0.01336
3699.29199	-0.01375
3697.36327	-0.01442
3695.43454	-0.01529
3693.50582	-0.01612
3691.57710	-0.01637
3689.64837	-0.01592
3687.71965	-0.01570
3685.79092	-0.01647
3683.86220	-0.01769
3681.93348	-0.01886
3680.00475	-0.01984
3678.07603	-0.02022
3676.14731	-0.02023
3674.21858	-0.02120
3672.28986	-0.02218
3670.36113	-0.02202
3668.43241	-0.02205
3666.50369	-0.02269
3664.57496	-0.02331
3662.64624	-0.02389
3660.71752	-0.02457
3658.78879	-0.02511
3656.86007	-0.02554
3654.93135	-0.02640
3653.00262	-0.02700
3651.07390	-0.02646
3649.14517	-0.02567
3647.21645	-0.02579
3645.28773	-0.02673
3643.35900	-0.02777
3641.43028	-0.02856
3639.50156	-0.02914
3637.57283	-0.02957
3635.64411	-0.02988
3633.71539	-0.03005
3631.78666	-0.02978
3629.85794	-0.02892
3627.92921	-0.02884
3626.00049	-0.02993
3624.07177	-0.03092
3622.14304	-0.03126
3620.21432	-0.03127
3618.28560	-0.03169
3616.35687	-0.03237
3614.42815	-0.03250
3612.49942	-0.03212
3610.57070	-0.03160
3608.64198	-0.03133
3606.71325	-0.03179
3604.78453	-0.03244
3602.85581	-0.03261
3600.92708	-0.03254
3598.99836	-0.03260
3597.06964	-0.03252
3595.14091	-0.03232
3593.21219	-0.03248
3591.28346	-0.03283
3589.35474	-0.03266
3587.42602	-0.03225
3585.49729	-0.03231
3583.56857	-0.03266
3581.63985	-0.03295
3579.71112	-0.03304
3577.78240	-0.03294
3575.85368	-0.03271
3573.92495	-0.03262
3571.99623	-0.03300
3570.06750	-0.03342
3568.13878	-0.03324
3566.21006	-0.03281
3564.28133	-0.03264
3562.35261	-0.03261
3560.42389	-0.03271
3558.49516	-0.03300
3556.56644	-0.03337
3554.63771	-0.03355
3552.70899	-0.03335
3550.78027	-0.03316
3548.85154	-0.03314
3546.92282	-0.03318
3544.99410	-0.03336
3543.06537	-0.03368
3541.13665	-0.03380
3539.20793	-0.03360
3537.27920	-0.03336
3535.35048	-0.03339
3533.42175	-0.03340
3531.49303	-0.03303
3529.56431	-0.03265
3527.63558	-0.03279
3525.70686	-0.03326
3523.77814	-0.03360
3521.84941	-0.03379
3519.92069	-0.03391
3517.99197	-0.03394
3516.06324	-0.03403
3514.13452	-0.03417
3512.20579	-0.03416
3510.27707	-0.03415
3508.34835	-0.03459
3506.41962	-0.03511
3504.49090	-0.03509
3502.56218	-0.03470
3500.63345	-0.03422
3498.70473	-0.03399
3496.77600	-0.03427
3494.84728	-0.03474
3492.91856	-0.03485
3490.98983	-0.03452
3489.06111	-0.03433
3487.13239	-0.03478
3485.20366	-0.03517
3483.27494	-0.03466
3481.34622	-0.03395
3479.41749	-0.03415
3477.48877	-0.03506
3475.56004	-0.03567
3473.63132	-0.03550
3471.70260	-0.03509
3469.77387	-0.03502
3467.84515	-0.03517
3465.91643	-0.03531
3463.98770	-0.03541
3462.05898	-0.03549
3460.13026	-0.03552
3458.20153	-0.03550
3456.27281	-0.03563
3454.34408	-0.03600
3452.41536	-0.03638
3450.48664	-0.03654
3448.55791	-0.03646
3446.62919	-0.03638
3444.70047	-0.03655
3442.77174	-0.03704
3440.84302	-0.03754
3438.91429	-0.03756
3436.98557	-0.03718
3435.05685	-0.03700
3433.12812	-0.03727
3431.19940	-0.03780
3429.27068	-0.03832
3427.34195	-0.03878
3425.41323	-0.03925
3423.48451	-0.03963
3421.55578	-0.03975
3419.62706	-0.03969
3417.69833	-0.03975
3415.76961	-0.03985
3413.84089	-0.03994
3411.91216	-0.04019
3409.98344	-0.04069
3408.05472	-0.04129
3406.12599	-0.04176
3404.19727	-0.04196
3402.26855	-0.04217
3400.33982	-0.04259
3398.41110	-0.04311
3396.48237	-0.04326
3394.55365	-0.04373
3392.62493	-0.04433
3390.69620	-0.04450
3388.76748	-0.04428
3386.83876	-0.04410
3384.91003	-0.04410
3382.98131	-0.04424
3381.05259	-0.04438
3379.12386	-0.04443
3377.19514	-0.04463
3375.26641	-0.04527
3373.33769	-0.04606
3371.40897	-0.04669
3369.48024	-0.04727
3367.55152	-0.04780
3365.62280	-0.04807
3363.69407	-0.04818
3361.76535	-0.04842
3359.83662	-0.04896
3357.90790	-0.04969
3355.97918	-0.05042
3354.05045	-0.05093
3352.12173	-0.05113
3350.19301	-0.05120
3348.26428	-0.05142
3346.33556	-0.05181
3344.40684	-0.05221
3342.47811	-0.05247
3340.54939	-0.05246
3338.62066	-0.05233
3336.69194	-0.05240
3334.76322	-0.05281
3332.83449	-0.05338
3330.90577	-0.05380
3328.97705	-0.05415
3327.04832	-0.05463
3325.11960	-0.05509
3323.19088	-0.05547
3321.26215	-0.05582
3319.33343	-0.05593
3317.40470	-0.05592
3315.47598	-0.05620
3313.54726	-0.05666
3311.61853	-0.05687
3309.68981	-0.05695
3307.76109	-0.05726
3305.83236	-0.05777
3303.90364	-0.05819
3301.97491	-0.05848
3300.04619	-0.05881
3298.11747	-0.05914
3296.18874	-0.05940
3294.26002	-0.05972
3292.33130	-0.06022
3290.40257	-0.06075
3288.47385	-0.06096
3286.54513	-0.06099
3284.61640	-0.06137
3282.68768	-0.06212
3280.75895	-0.06265
3278.83023	-0.06277
3276.90151	-0.06308
3274.97278	-0.06376
3273.04406	-0.06424
3271.11534	-0.06444
3269.18661	-0.06459
3267.25789	-0.06462
3265.32917	-0.06468
3263.40044	-0.06502
3261.47172	-0.06561
3259.54299	-0.06629
3257.61427	-0.06685
3255.68555	-0.06720
3253.75682	-0.06749
3251.82810	-0.06776
3249.89938	-0.06793
3247.97065	-0.06808
3246.04193	-0.06849
3244.11320	-0.06928
3242.18448	-0.06996
3240.25576	-0.07027
3238.32703	-0.07053
3236.39831	-0.07096
3234.46959	-0.07146
3232.54086	-0.07175
3230.61214	-0.07182
3228.68342	-0.07220
3226.75469	-0.07291
3224.82597	-0.07341
3222.89724	-0.07348
3220.96852	-0.07341
3219.03980	-0.07369
3217.11107	-0.07433
3215.18235	-0.07461
3213.25363	-0.07435
3211.32490	-0.07417
3209.39618	-0.07441
3207.46746	-0.07471
3205.53873	-0.07475
3203.61001	-0.07473
3201.68128	-0.07492
3199.75256	-0.07524
3197.82384	-0.07554
3195.89511	-0.07591
3193.96639	-0.07620
3192.03767	-0.07638
3190.10894	-0.07675
3188.18022	-0.07727
3186.25149	-0.07760
3184.32277	-0.07775
3182.39405	-0.07781
3180.46532	-0.07783
3178.53660	-0.07811
3176.60788	-0.07848
3174.67915	-0.07824
3172.75043	-0.07759
3170.82171	-0.07755
3168.89298	-0.07808
3166.96426	-0.07817
3165.03553	-0.07783
3163.10681	-0.07782
3161.17809	-0.07823
3159.24936	-0.07847
3157.32064	-0.07840
3155.39192	-0.07838
3153.46319	-0.07847
3151.53447	-0.07846
3149.60575	-0.07840
3147.67702	-0.07824
3145.74830	-0.07801
3143.81957	-0.07804
3141.89085	-0.07817
3139.96213	-0.07790
3138.03340	-0.07735
3136.10468	-0.07701
3134.17596	-0.07700
3132.24723	-0.07709
3130.31851	-0.07718
3128.38978	-0.07740
3126.46106	-0.07744
3124.53234	-0.07682
3122.60361	-0.07597
3120.67489	-0.07565
3118.74617	-0.07573
3116.81744	-0.07557
3114.88872	-0.07523
3112.96000	-0.07480
3111.03127	-0.07395
3109.10255	-0.07286
3107.17382	-0.07217
3105.24510	-0.07186
3103.31638	-0.07134
3101.38765	-0.07056
3099.45893	-0.06987
3097.53021	-0.06927
3095.60148	-0.06868
3093.67276	-0.06793
3091.74404	-0.06690
3089.81531	-0.06584
3087.88659	-0.06494
3085.95786	-0.06418
3084.02914	-0.06343
3082.10042	-0.06251
3080.17169	-0.06150
3078.24297	-0.06075
3076.31425	-0.06031
3074.38552	-0.05997
3072.45680	-0.05940
3070.52807	-0.05834
3068.59935	-0.05703
3066.67063	-0.05602
3064.74190	-0.05545
3062.81318	-0.05516
3060.88446	-0.05485
3058.95573	-0.05428
3057.02701	-0.05360
3055.09829	-0.05308
3053.16956	-0.05276
3051.24084	-0.05243
3049.31211	-0.05182
3047.38339	-0.05098
3045.45467	-0.05017
3043.52594	-0.04963
3041.59722	-0.04933
3039.66850	-0.04912
3037.73977	-0.04885
3035.81105	-0.04843
3033.88233	-0.04803
3031.95360	-0.04779
3030.02488	-0.04763
3028.09615	-0.04747
3026.16743	-0.04740
3024.23871	-0.04734
3022.30998	-0.04705
3020.38126	-0.04642
3018.45254	-0.04563
3016.52381	-0.04498
3014.59509	-0.04482
3012.66636	-0.04500
3010.73764	-0.04502
3008.80892	-0.04468
3006.88019	-0.04424
3004.95147	-0.04382
3003.02275	-0.04330
3001.09402	-0.04267
2999.16530	-0.04201
2997.23658	-0.04151
2995.30785	-0.04105
2993.37913	-0.04059
2991.45040	-0.04029
2989.52168	-0.03996
2987.59296	-0.03924
2985.66423	-0.03850
2983.73551	-0.03811
2981.80679	-0.03774
2979.87806	-0.03721
2977.94934	-0.03667
2976.02062	-0.03604
2974.09189	-0.03540
2972.16317	-0.03491
2970.23444	-0.03447
2968.30572	-0.03410
2966.37700	-0.03390
2964.44827	-0.03369
2962.51955	-0.03327
2960.59083	-0.03275
2958.66210	-0.03228
2956.73338	-0.03171
2954.80466	-0.03068
2952.87593	-0.02960
2950.94721	-0.02923
2949.01848	-0.02918
2947.08976	-0.02886
2945.16104	-0.02844
2943.23231	-0.02836
2941.30359	-0.02870
2939.37487	-0.02886
2937.44614	-0.02848
2935.51742	-0.02808
2933.58869	-0.02802
2931.65997	-0.02803
2929.73125	-0.02798
2927.80252	-0.02799
2925.87380	-0.02806
2923.94508	-0.02805
2922.01635	-0.02805
2920.08763	-0.02795
2918.15891	-0.02727
2916.23018	-0.02603
2914.30146	-0.02493
2912.37273	-0.02425
2910.44401	-0.02368
2908.51529	-0.02301
2906.58656	-0.02243
2904.65784	-0.02206
2902.72912	-0.02163
2900.80039	-0.02095
2898.87167	-0.02029
2896.94295	-0.01986
2895.01422	-0.01949
2893.08550	-0.01905
2891.15677	-0.01861
2889.22805	-0.01827
2887.29933	-0.01801
2885.37060	-0.01764
2883.44188	-0.01720
2881.51316	-0.01704
2879.58443	-0.01722
2877.65571	-0.01720
2875.72698	-0.01689
2873.79826	-0.01671
2871.86954	-0.01666
2869.94081	-0.01645
2868.01209	-0.01625
2866.08337	-0.01624
2864.15464	-0.01623
2862.22592	-0.01623
2860.29720	-0.01638
2858.36847	-0.01655
2856.43975	-0.01655
2854.51102	-0.01637
2852.58230	-0.01619
2850.65358	-0.01605
2848.72485	-0.01574
2846.79613	-0.01517
2844.86741	-0.01435
2842.93868	-0.01347
2841.00996	-0.01295
2839.08124	-0.01275
2837.15251	-0.01253
2835.22379	-0.01232
2833.29506	-0.01218
2831.36634	-0.01195
2829.43762	-0.01161
2827.50889	-0.01126
2825.58017	-0.01093
2823.65145	-0.01071
2821.72272	-0.01058
2819.79400	-0.01036
2817.86527	-0.01009
2815.93655	-0.00992
2814.00783	-0.00994
2812.07910	-0.01002
2810.15038	-0.01002
2808.22166	-0.00996
2806.29293	-0.00987
2804.36421	-0.00970
2802.43549	-0.00943
2800.50676	-0.00920
2798.57804	-0.00907
2796.64931	-0.00895
2794.72059	-0.00881
2792.79187	-0.00877
2790.86314	-0.00880
2788.93442	-0.00877
2787.00570	-0.00869
2785.07697	-0.00848
2783.14825	-0.00806
2781.21953	-0.00773
2779.29080	-0.00764
2777.36208	-0.00757
2775.43335	-0.00746
2773.50463	-0.00742
2771.57591	-0.00735
2769.64718	-0.00728
2767.71846	-0.00730
2765.78974	-0.00728
2763.86101	-0.00707
2761.93229	-0.00666
2760.00356	-0.00621
2758.07484	-0.00605
2756.14612	-0.00614
2754.21739	-0.00605
2752.28867	-0.00574
2750.35995	-0.00554
2748.43122	-0.00536
2746.50250	-0.00506
2744.57378	-0.00477
2742.64505	-0.00454
2740.71633	-0.00432
2738.78760	-0.00414
2736.85888	-0.00405
2734.93016	-0.00402
2733.00143	-0.00388
2731.07271	-0.00357
2729.14399	-0.00340
2727.21526	-0.00354
2725.28654	-0.00363
2723.35782	-0.00345
2721.42909	-0.00320
2719.50037	-0.00310
2717.57164	-0.00306
2715.64292	-0.00295
2713.71420	-0.00277
2711.78547	-0.00239
2709.85675	-0.00188
2707.92803	-0.00167
2705.99930	-0.00181
2704.07058	-0.00190
2702.14185	-0.00179
2700.21313	-0.00160
2698.28441	-0.00147
2696.35568	-0.00143
2694.42696	-0.00133
2692.49824	-0.00102
2690.56951	-0.00070
2688.64079	-0.00057
2686.71207	-0.00044
2684.78334	-0.00031
2682.85462	-0.00029
2680.92589	-0.00018
2678.99717	0.00001
2677.06845	0.00007
2675.13972	0.00005
2673.21100	0.00009
2671.28228	0.00020
2669.35355	0.00023
2667.42483	0.00014
2665.49611	-0.00003
2663.56738	-0.00014
2661.63866	0.00001
2659.70993	0.00024
2657.78121	0.00026
2655.85249	0.00014
2653.92376	0.00003
2651.99504	-0.00012
2650.06632	-0.00028
2648.13759	-0.00032
2646.20887	-0.00026
2644.28014	-0.00019
2642.35142	-0.00012
2640.42270	-0.00006
2638.49397	-0.00004
2636.56525	-0.00002
2634.63653	0.00010
2632.70780	0.00019
2630.77908	0.00015
2628.85036	0.00009
2626.92163	0.00013
2624.99291	0.00024
2623.06418	0.00026
2621.13546	0.00021
2619.20674	0.00023
2617.27801	0.00024
2615.34929	0.00016
2613.42057	0.00016
2611.49184	0.00021
2609.56312	0.00032
2607.63440	0.00050
2605.70567	0.00063
2603.77695	0.00068
2601.84822	0.00066
2599.91950	0.00054
2597.99078	0.00039
2596.06205	0.00039
2594.13333	0.00054
2592.20461	0.00062
2590.27588	0.00058
2588.34716	0.00052
2586.41843	0.00054
2584.48971	0.00062
2582.56099	0.00064
2580.63226	0.00068
2578.70354	0.00075
2576.77482	0.00063
2574.84609	0.00046
2572.91737	0.00054
2570.98865	0.00070
2569.05992	0.00072
2567.13120	0.00070
2565.20247	0.00067
2563.27375	0.00055
2561.34503	0.00046
2559.41630	0.00035
2557.48758	0.00022
2555.55886	0.00017
2553.63013	0.00018
2551.70141	0.00021
2549.77269	0.00028
2547.84396	0.00041
2545.91524	0.00041
2543.98651	0.00026
2542.05779	0.00016
2540.12907	0.00030
2538.20034	0.00058
2536.27162	0.00080
2534.34290	0.00084
2532.41417	0.00072
2530.48545	0.00054
2528.55673	0.00044
2526.62800	0.00051
2524.69928	0.00067
2522.77055	0.00076
2520.84183	0.00074
2518.91311	0.00064
2516.98438	0.00056
2515.05566	0.00064
2513.12694	0.00086
2511.19821	0.00082
2509.26949	0.00050
2507.34076	0.00032
2505.41204	0.00034
2503.48332	0.00039
2501.55459	0.00053
2499.62587	0.00080
2497.69715	0.00100
2495.76842	0.00105
2493.83970	0.00095
2491.91098	0.00077
2489.98225	0.00066
2488.05353	0.00067
2486.12480	0.00071
2484.19608	0.00070
2482.26736	0.00052
2480.33863	0.00029
2478.40991	0.00015
2476.48119	0.00002
2474.55246	-0.00012
2472.62374	-0.00026
2470.69502	-0.00028
2468.76629	-0.00015
2466.83757	-0.00005
2464.90884	-0.00010
2462.98012	-0.00022
2461.05140	-0.00033
2459.12267	-0.00042
2457.19395	-0.00044
2455.26523	-0.00042
2453.33650	-0.00046
2451.40778	-0.00061
2449.47905	-0.00065
2447.55033	-0.00037
2445.62161	-0.00013
2443.69288	-0.00002
2441.76416	0.00009
2439.83544	0.00004
2437.90671	-0.00005
2435.97799	-0.00011
2434.04927	-0.00011
2432.12054	-0.00005
2430.19182	-0.00007
2428.26309	-0.00024
2426.33437	-0.00035
2424.40565	-0.00032
2422.47692	-0.00011
2420.54820	0.00011
2418.61948	0.00006
2416.69075	-0.00015
2414.76203	-0.00021
2412.83331	-0.00011
2410.90458	0.00004
2408.97586	0.00016
2407.04713	0.00017
2405.11841	0.00008
2403.18969	0.00001
2401.26096	-0.00003
2399.33224	-0.00007
2397.40352	-0.00002
2395.47479	0.00012
2393.54607	0.00020
2391.61734	0.00018
2389.68862	0.00021
2387.75990	0.00042
2385.83117	0.00075
2383.90245	0.00105
2381.97373	0.00125
2380.04500	0.00133
2378.11628	0.00122
2376.18756	0.00103
2374.25883	0.00106
2372.33011	0.00144
2370.40138	0.00186
2368.47266	0.00205
2366.54394	0.00209
2364.61521	0.00201
2362.68649	0.00199
2360.75777	0.00207
2358.82904	0.00181
2356.90032	0.00114
2354.97160	0.00060
2353.04287	0.00088
2351.11415	0.00198
2349.18542	0.00227
2347.25670	0.00078
2345.32798	-0.00069
2343.39925	-0.00065
2341.47053	0.00013
2339.54181	0.00081
2337.61308	0.00126
2335.68436	0.00139
2333.75563	0.00128
2331.82691	0.00105
2329.89819	0.00070
2327.96946	0.00036
2326.04074	0.00016
2324.11202	-0.00003
2322.18329	-0.00041
2320.25457	-0.00090
2318.32585	-0.00117
2316.39712	-0.00129
2314.46840	-0.00157
2312.53967	-0.00196
2310.61095	-0.00222
2308.68223	-0.00231
2306.75350	-0.00232
2304.82478	-0.00234
2302.89606	-0.00247
2300.96733	-0.00261
2299.03861	-0.00259
2297.10989	-0.00233
2295.18116	-0.00203
2293.25244	-0.00178
2291.32371	-0.00148
2289.39499	-0.00119
2287.46627	-0.00099
2285.53754	-0.00076
2283.60882	-0.00033
2281.68010	0.00021
2279.75137	0.00069
2277.82265	0.00111
2275.89392	0.00156
2273.96520	0.00197
2272.03648	0.00228
2270.10775	0.00256
2268.17903	0.00284
2266.25031	0.00301
2264.32158	0.00310
2262.39286	0.00327
2260.46414	0.00350
2258.53541	0.00373
2256.60669	0.00399
2254.67796	0.00417
2252.74924	0.00422
2250.82052	0.00421
2248.89179	0.00424
2246.96307	0.00475
2245.03435	0.00526
2243.10562	0.00562
2241.17690	0.00580
2239.24818	0.00585
2237.31945	0.00586
2235.39073	0.00582
2233.46200	0.00556
2231.53328	0.00510
2229.60456	0.00467
2227.67583	0.00437
2225.74711	0.00408
2223.81839	0.00365
2221.88966	0.00300
2219.96094	0.00213
2218.03221	0.00107
2216.10349	0.00001
2214.17477	-0.00095
2212.24604	-0.00189
2210.31732	-0.00286
2208.38860	-0.00382
2206.45987	-0.00467
2204.53115	-0.00531
2202.60243	-0.00582
2200.67370	-0.00627
2198.74498	-0.00664
2196.81625	-0.00697
2194.88753	-0.00727
2192.95881	-0.00748
2191.03008	-0.00770
2189.10136	-0.00799
2187.17264	-0.00827
2185.24391	-0.00850
2183.31519	-0.00865
2181.38647	-0.00870
2179.45774	-0.00879
2177.52902	-0.00901
2175.60029	-0.00919
2173.67157	-0.00919
2171.74285	-0.00914
2169.81412	-0.00910
2167.88540	-0.00900
2165.95668	-0.00885
2164.02795	-0.00860
2162.09923	-0.00836
2160.17050	-0.00830
2158.24178	-0.00818
2156.31306	-0.00778
2154.38433	-0.00736
2152.45561	-0.00708
2150.52689	-0.00674
2148.59816	-0.00626
2146.66944	-0.00574
2144.74072	-0.00522
2142.81199	-0.00475
2140.88327	-0.00430
2138.95454	-0.00388
2137.02582	-0.00369
2135.09710	-0.00382
2133.16837	-0.00420
2131.23965	-0.00476
2129.31093	-0.00534
2127.38220	-0.00595
2125.45348	-0.00660
2123.52476	-0.00717
2121.59603	-0.00758
2119.66731	-0.00782
2117.73858	-0.00802
2115.80986	-0.00825
2113.88114	-0.00840
2111.95241	-0.00841
2110.02369	-0.00856
2108.09497	-0.00860
2106.16624	-0.00852
2104.23752	-0.00852
2102.30880	-0.00863
2100.38007	-0.00879
2098.45135	-0.00891
2096.52262	-0.00892
2094.59390	-0.00883
2092.66518	-0.00875
2090.73645	-0.00867
2088.80773	-0.00857
2086.87901	-0.00848
2084.95028	-0.00836
2083.02156	-0.00808
2081.09283	-0.00766
2079.16411	-0.00738
2077.23539	-0.00724
2075.30666	-0.00704
2073.37794	-0.00677
2071.44922	-0.00640
2069.52049	-0.00596
2067.59177	-0.00561
2065.66305	-0.00539
2063.73432	-0.00513
2061.80560	-0.00456
2059.87687	-0.00375
2057.94815	-0.00306
2056.01943	-0.00247
2054.09070	-0.00171
2052.16198	-0.00085
2050.23326	0.00000
2048.30453	0.00098
2046.37581	0.00213
2044.44709	0.00339
2042.51836	0.00481
2040.58964	0.00639
2038.66091	0.00799
2036.73219	0.00945
2034.80347	0.01076
2032.87474	0.01185
2030.94602	0.01261
2029.01730	0.01303
2027.08857	0.01329
2025.15985	0.01350
2023.23112	0.01371
2021.30240	0.01405
2019.37368	0.01462
2017.44495	0.01539
2015.51623	0.01624
2013.58751	0.01705
2011.65878	0.01773
2009.73006	0.01833
2007.80134	0.01893
2005.87261	0.01938
2003.94389	0.01961
2002.01516	0.01980
2000.08644	0.01991
1998.15772	0.01977
1996.22899	0.01951
1994.30027	0.01930
1992.37155	0.01909
1990.44282	0.01883
1988.51410	0.01870
1986.58538	0.01858
1984.65665	0.01834
1982.72793	0.01805
1980.79920	0.01769
1978.87048	0.01726
1976.94176	0.01692
1975.01303	0.01669
1973.08431	0.01638
1971.15559	0.01586
1969.22686	0.01526
1967.29814	0.01468
1965.36941	0.01388
1963.44069	0.01299
1961.51197	0.01231
1959.58324	0.01190
1957.65452	0.01157
1955.72580	0.01124
1953.79707	0.01087
1951.86835	0.01046
1949.93963	0.01016
1948.01090	0.00996
1946.08218	0.00966
1944.15345	0.00932
1942.22473	0.00903
1940.29601	0.00869
1938.36728	0.00836
1936.43856	0.00798
1934.50984	0.00746
1932.58111	0.00691
1930.65239	0.00646
1928.72367	0.00610
1926.79494	0.00574
1924.86622	0.00547
1922.93749	0.00537
1921.00877	0.00549
1919.08005	0.00613
1917.15132	0.00682
1915.22260	0.00725
1913.29388	0.00790
1911.36515	0.00893
1909.43643	0.01010
1907.50770	0.01115
1905.57898	0.01204
1903.65026	0.01281
1901.72153	0.01341
1899.79281	0.01384
1897.86409	0.01440
1895.93536	0.01510
1894.00664	0.01566
1892.07792	0.01609
1890.14919	0.01651
1888.22047	0.01663
1886.29174	0.01664
1884.36302	0.01690
1882.43430	0.01723
1880.50557	0.01747
1878.57685	0.01759
1876.64813	0.01764
1874.71940	0.01764
1872.79068	0.01750
1870.86196	0.01756
1868.93323	0.01771
1867.00451	0.01738
1865.07578	0.01678
1863.14706	0.01628
1861.21834	0.01566
1859.28961	0.01468
1857.36089	0.01347
1855.43217	0.01218
1853.50344	0.01089
1851.57472	0.00952
1849.64599	0.00788
1847.71727	0.00603
1845.78855	0.00464
1843.85982	0.00350
1841.93110	0.00194
1840.00238	0.00063
1838.07365	-0.00005
1836.14493	-0.00057
1834.21621	-0.00119
1832.28748	-0.00156
1830.35876	-0.00168
1828.43003	-0.00188
1826.50131	-0.00173
1824.57259	-0.00120
1822.64386	-0.00089
1820.71514	-0.00063
1818.78642	-0.00012
1816.85769	0.00054
1814.92897	0.00101
1813.00025	0.00156
1811.07152	0.00236
1809.14280	0.00308
1807.21407	0.00355
1805.28535	0.00389
1803.35663	0.00424
1801.42790	0.00456
1799.49918	0.00471
1797.57046	0.00477
1795.64173	0.00494
1793.71301	0.00536
1791.78428	0.00557
1789.85556	0.00522
1787.92684	0.00491
1785.99811	0.00483
1784.06939	0.00460
1782.14067	0.00424
1780.21194	0.00374
1778.28322	0.00285
1776.35450	0.00174
1774.42577	0.00073
1772.49705	-0.00055
1770.56832	-0.00250
1768.63960	-0.00442
1766.71088	-0.00608
1764.78215	-0.00754
1762.85343	-0.00872
1760.92471	-0.01003
1758.99598	-0.01136
1757.06726	-0.01250
1755.13854	-0.01372
1753.20981	-0.01453
1751.28109	-0.01477
1749.35236	-0.01516
1747.42364	-0.01573
1745.49492	-0.01615
1743.56619	-0.01630
1741.63747	-0.01615
1739.70875	-0.01606
1737.78002	-0.01614
1735.85130	-0.01539
1733.92257	-0.01450
1731.99385	-0.01488
1730.06513	-0.01535
1728.13640	-0.01526
1726.20768	-0.01504
1724.27896	-0.01500
1722.35023	-0.01528
1720.42151	-0.01524
1718.49279	-0.01458
1716.56406	-0.01438
1714.63534	-0.01491
1712.70661	-0.01550
1710.77789	-0.01580
1708.84917	-0.01588
1706.92044	-0.01600
1704.99172	-0.01656
1703.06300	-0.01701
1701.13427	-0.01664
1699.20555	-0.01674
1697.27683	-0.01715
1695.34810	-0.01740
1693.41938	-0.01835
1691.49065	-0.01927
1689.56193	-0.01994
1687.63321	-0.02047
1685.70448	-0.02050
1683.77576	-0.02109
1681.84704	-0.02300
1679.91831	-0.02483
1677.98959	-0.02603
1676.06087	-0.02710
1674.13214	-0.02882
1672.20342	-0.03068
1670.27469	-0.03195
1668.34597	-0.03347
1666.41725	-0.03525
1664.48852	-0.03646
1662.55980	-0.03739
1660.63108	-0.03873
1658.70235	-0.04039
1656.77363	-0.04168
1654.84490	-0.04163
1652.91618	-0.04167
1650.98746	-0.04361
1649.05873	-0.04483
1647.13001	-0.04430
1645.20129	-0.04381
1643.27256	-0.04378
1641.34384	-0.04350
1639.41512	-0.04285
1637.48639	-0.04156
1635.55767	-0.04022
1633.62894	-0.03988
1631.70022	-0.03986
1629.77150	-0.03936
1627.84277	-0.03876
1625.91405	-0.03807
1623.98533	-0.03695
1622.05660	-0.03600
1620.12788	-0.03531
1618.19916	-0.03406
1616.27043	-0.03279
1614.34171	-0.03220
1612.41298	-0.03133
1610.48426	-0.02967
1608.55554	-0.02769
1606.62681	-0.02606
1604.69809	-0.02516
1602.76937	-0.02482
1600.84064	-0.02468
1598.91192	-0.02442
1596.98319	-0.02383
1595.05447	-0.02277
1593.12575	-0.02137
1591.19702	-0.01981
1589.26830	-0.01833
1587.33958	-0.01722
1585.41085	-0.01668
1583.48213	-0.01673
1581.55341	-0.01730
1579.62468	-0.01798
1577.69596	-0.01817
1575.76723	-0.01879
1573.83851	-0.02062
1571.90979	-0.02223
1569.98106	-0.02322
1568.05234	-0.02442
1566.12362	-0.02527
1564.19489	-0.02544
1562.26617	-0.02478
1560.33745	-0.02292
1558.40872	-0.02175
1556.48000	-0.02204
1554.55127	-0.02181
1552.62255	-0.02111
1550.69383	-0.02051
1548.76510	-0.02004
1546.83638	-0.01946
1544.90766	-0.01852
1542.97893	-0.01706
1541.05021	-0.01486
1539.12148	-0.01323
1537.19276	-0.01278
1535.26404	-0.01164
1533.33531	-0.00976
1531.40659	-0.00861
1529.47787	-0.00793
1527.54914	-0.00729
1525.62042	-0.00704
1523.69170	-0.00691
1521.76297	-0.00677
1519.83425	-0.00723
1517.90552	-0.00771
1515.97680	-0.00787
1514.04808	-0.00817
1512.11935	-0.00865
1510.19063	-0.00906
1508.26191	-0.00859
1506.33318	-0.00791
1504.40446	-0.00830
1502.47574	-0.00873
1500.54701	-0.00832
1498.61829	-0.00741
1496.68956	-0.00668
1494.76084	-0.00678
1492.83212	-0.00716
1490.90339	-0.00720
1488.97467	-0.00743
1487.04595	-0.00804
1485.11722	-0.00873
1483.18850	-0.00936
1481.25977	-0.01007
1479.33105	-0.01096
1477.40233	-0.01190
1475.47360	-0.01276
1473.54488	-0.01351
1471.61616	-0.01469
1469.68743	-0.01622
1467.75871	-0.01699
1465.82999	-0.01713
1463.90126	-0.01789
1461.97254	-0.01933
1460.04381	-0.02014
1458.11509	-0.02007
1456.18637	-0.02061
1454.25764	-0.02223
1452.32892	-0.02364
1450.40020	-0.02435
1448.47147	-0.02469
1446.54275	-0.02510
1444.61403	-0.02562
1442.68530	-0.02621
1440.75658	-0.02688
1438.82785	-0.02725
1436.89913	-0.02761
1434.97041	-0.02884
1433.04168	-0.03024
1431.11296	-0.03123
1429.18424	-0.03250
1427.25551	-0.03435
1425.32679	-0.03648
1423.39806	-0.03881
1421.46934	-0.04102
1419.54062	-0.04324
1417.61189	-0.04636
1415.68317	-0.04984
1413.75445	-0.05305
1411.82572	-0.05649
1409.89700	-0.06038
1407.96828	-0.06416
1406.03955	-0.06719
1404.11083	-0.06930
1402.18210	-0.07045
1400.25338	-0.07062
1398.32466	-0.07014
1396.39593	-0.06876
1394.46721	-0.06653
1392.53849	-0.06445
1390.60976	-0.06296
1388.68104	-0.06268
1386.75232	-0.06421
1384.82359	-0.06472
1382.89487	-0.06020
1380.96614	-0.05182
1379.03742	-0.04386
1377.10870	-0.03811
1375.17997	-0.03360
1373.25125	-0.02960
1371.32253	-0.02603
1369.39380	-0.02284
1367.46508	-0.02019
1365.53635	-0.01792
1363.60763	-0.01573
1361.67891	-0.01378
1359.75018	-0.01204
1357.82146	-0.01027
1355.89274	-0.00863
1353.96401	-0.00727
1352.03529	-0.00608
1350.10657	-0.00512
1348.17784	-0.00442
1346.24912	-0.00391
1344.32039	-0.00386
1342.39167	-0.00449
1340.46295	-0.00517
1338.53422	-0.00523
1336.60550	-0.00468
1334.67678	-0.00410
1332.74805	-0.00398
1330.81933	-0.00455
1328.89061	-0.00584
1326.96188	-0.00661
1325.03316	-0.00662
1323.10443	-0.00648
1321.17571	-0.00679
1319.24699	-0.00761
1317.31826	-0.00841
1315.38954	-0.00877
1313.46082	-0.00894
1311.53209	-0.00930
1309.60337	-0.00966
1307.67464	-0.00986
1305.74592	-0.01013
1303.81720	-0.01056
1301.88847	-0.01089
1299.95975	-0.01050
1298.03103	-0.01015
1296.10230	-0.00998
1294.17358	-0.00972
1292.24486	-0.00947
1290.31613	-0.00950
1288.38741	-0.00953
1286.45868	-0.00923
1284.52996	-0.00877
1282.60124	-0.00847
1280.67251	-0.00852
1278.74379	-0.00900
1276.81507	-0.00972
1274.88634	-0.01037
1272.95762	-0.01102
1271.02890	-0.01174
1269.10017	-0.01238
1267.17145	-0.01306
1265.24272	-0.01404
1263.31400	-0.01526
1261.38528	-0.01648
1259.45655	-0.01771
1257.52783	-0.01894
1255.59911	-0.02000
1253.67038	-0.02087
1251.74166	-0.02168
1249.81294	-0.02235
1247.88421	-0.02270
1245.95549	-0.02296
1244.02676	-0.02367
1242.09804	-0.02470
1240.16932	-0.02569
1238.24059	-0.02677
1236.31187	-0.02791
1234.38315	-0.02889
1232.45442	-0.02985
1230.52570	-0.03097
1228.59697	-0.03223
1226.66825	-0.03338
1224.73953	-0.03405
1222.81080	-0.03425
1220.88208	-0.03434
1218.95336	-0.03453
1217.02463	-0.03465
1215.09591	-0.03436
1213.16719	-0.03379
1211.23846	-0.03342
1209.30974	-0.03336
1207.38101	-0.03347
1205.45229	-0.03362
1203.52357	-0.03375
1201.59484	-0.03407
1199.66612	-0.03484
1197.73740	-0.03543
1195.80867	-0.03562
1193.87995	-0.03535
1191.95123	-0.03474
1190.02250	-0.03414
1188.09378	-0.03377
1186.16505	-0.03334
1184.23633	-0.03281
1182.30761	-0.03274
1180.37888	-0.03301
1178.45016	-0.03300
1176.52144	-0.03267
1174.59271	-0.03234
1172.66399	-0.03211
1170.73526	-0.03176
1168.80654	-0.03073
1166.87782	-0.02873
1164.94909	-0.02615
1163.02037	-0.02331
1161.09165	-0.02073
1159.16292	-0.01993
1157.23420	-0.02178
1155.30548	-0.02530
1153.37675	-0.02870
1151.44803	-0.03091
1149.51930	-0.03182
1147.59058	-0.03169
1145.66186	-0.03101
1143.73313	-0.03036
1141.80441	-0.02983
1139.87569	-0.02945
1137.94696	-0.02933
1136.01824	-0.02953
1134.08952	-0.03019
1132.16079	-0.03122
1130.23207	-0.03226
1128.30334	-0.03318
1126.37462	-0.03392
1124.44590	-0.03461
1122.51717	-0.03551
1120.58845	-0.03658
1118.65973	-0.03764
1116.73100	-0.03842
1114.80228	-0.03861
1112.87355	-0.03846
1110.94483	-0.03853
1109.01611	-0.03908
1107.08738	-0.04001
1105.15866	-0.04095
1103.22994	-0.04162
1101.30121	-0.04189
1099.37249	-0.04196
1097.44377	-0.04229
1095.51504	-0.04273
1093.58632	-0.04286
1091.65759	-0.04271
1089.72887	-0.04212
1087.80015	-0.04128
1085.87142	-0.04103
1083.94270	-0.04139
1082.01398	-0.04135
1080.08525	-0.04061
1078.15653	-0.03970
1076.22781	-0.03894
1074.29908	-0.03788
1072.37036	-0.03566
1070.44163	-0.03239
1068.51291	-0.02911
1066.58419	-0.02602
1064.65546	-0.02250
1062.72674	-0.01857
1060.79802	-0.01501
1058.86929	-0.01232
1056.94057	-0.01042
1055.01184	-0.00902
1053.08312	-0.00807
1051.15440	-0.00773
1049.22567	-0.00752
1047.29695	-0.00680
1045.36823	-0.00574
1043.43950	-0.00494
1041.51078	-0.00460
1039.58206	-0.00441
1037.65333	-0.00413
1035.72461	-0.00393
1033.79588	-0.00417
1031.86716	-0.00474
1029.93844	-0.00521
1028.00971	-0.00529
1026.08099	-0.00492
1024.15227	-0.00455
1022.22354	-0.00466
1020.29482	-0.00499
1018.36610	-0.00538
1016.43737	-0.00590
1014.50865	-0.00611
1012.57992	-0.00599
1010.65120	-0.00600
1008.72248	-0.00595
1006.79375	-0.00585
1004.86503	-0.00603
1002.93631	-0.00603
1001.00758	-0.00552
999.07886	-0.00515
997.15013	-0.00519
995.22141	-0.00521
993.29269	-0.00513
991.36396	-0.00491
989.43524	-0.00457
987.50652	-0.00431
985.57779	-0.00422
983.64907	-0.00426
981.72035	-0.00389
979.79162	-0.00280
977.86290	-0.00184
975.93417	-0.00150
974.00545	-0.00126
972.07673	-0.00113
970.14800	-0.00057
968.21928	0.00005
966.29056	0.00051
964.36183	0.00070
962.43311	0.00093
960.50439	0.00126
958.57566	0.00136
956.64694	0.00150
954.71821	0.00209
952.78949	0.00275
950.86077	0.00308
948.93204	0.00300
947.00332	0.00255
945.07460	0.00198
943.14587	0.00177
941.21715	0.00191
939.28842	0.00196
937.35970	0.00232
935.43098	0.00334
933.50225	0.00425
931.57353	0.00445
929.64481	0.00453
927.71608	0.00521
925.78736	0.00596
923.85864	0.00610
921.92991	0.00612
920.00119	0.00638
918.07246	0.00652
916.14374	0.00636
914.21502	0.00629
912.28629	0.00658
910.35757	0.00688
908.42885	0.00674
906.50012	0.00628
904.57140	0.00601
902.64268	0.00622
900.71395	0.00665
898.78523	0.00717
896.85650	0.00770
894.92778	0.00810
892.99906	0.00825
891.07033	0.00805
889.14161	0.00772
887.21289	0.00765
885.28416	0.00784
883.35544	0.00806
881.42671	0.00814
879.49799	0.00793
877.56927	0.00749
875.64054	0.00712
873.71182	0.00706
871.78310	0.00749
869.85437	0.00796
867.92565	0.00789
865.99693	0.00790
864.06820	0.00857
862.13948	0.00931
860.21075	0.00957
858.28203	0.00946
856.35331	0.00944
854.42458	0.00968
852.49586	0.00981
850.56714	0.00965
848.63841	0.00948
846.70969	0.00951
844.78097	0.00997
842.85224	0.01044
840.92352	0.00999
838.99479	0.00934
837.06607	0.00973
835.13735	0.01057
833.20862	0.01081
831.27990	0.01096
829.35118	0.01183
827.42245	0.01303
825.49373	0.01392
823.56501	0.01432
821.63628	0.01426
819.70756	0.01434
817.77883	0.01484
815.85011	0.01507
813.92139	0.01458
811.99266	0.01384
810.06394	0.01314
808.13522	0.01229
806.20649	0.01147
804.27777	0.01124
802.34904	0.01193
800.42032	0.01303
798.49160	0.01368
796.56287	0.01398
794.63415	0.01442
792.70543	0.01448
790.77670	0.01309
788.84798	0.01037
786.91926	0.00774
784.99053	0.00615
783.06181	0.00528
781.13308	0.00457
779.20436	0.00433
777.27564	0.00495
775.34691	0.00569
773.41819	0.00594
771.48947	0.00609
769.56074	0.00642
767.63202	0.00654
765.70330	0.00610
763.77457	0.00643
761.84585	0.00680
759.91712	0.00644
757.98840	0.00563
756.05968	0.00489
754.13095	0.00463
752.20223	0.00366
750.27351	0.00267
748.34478	0.00254
746.41606	0.00254
744.48733	0.00224
742.55861	0.00204
740.62989	0.00229
738.70116	0.00283
736.77244	0.00324
734.84372	0.00324
732.91499	0.00280
730.98627	0.00245
729.05755	0.00226
727.12882	0.00210
725.20010	0.00238
723.27137	0.00247
721.34265	0.00273
719.41393	0.00345
717.48520	0.00454
715.55648	0.00546
713.62776	0.00594
711.69903	0.00598
709.77031	0.00588
707.84159	0.00618
705.91286	0.00702
703.98414	0.00826
702.05541	0.00964
700.12669	0.01103
698.19797	0.01222
696.26924	0.01268
694.34052	0.01200
692.41180	0.01049
690.48307	0.00874
688.55435	0.00693
686.62562	0.00533
684.69690	0.00450
682.76818	0.00439
680.83945	0.00391
678.91073	0.00241
676.98201	0.00097
675.05328	0.00131
673.12456	0.00328
671.19584	0.00311
669.26711	-0.00071
667.33839	-0.00224
665.40966	-0.00016
663.48094	-0.00010
661.55222	-0.00212
659.62349	-0.00334
657.69477	-0.00324
655.76605	-0.00227
653.83732	-0.00147
651.90860	-0.00146
649.97988	-0.00173
648.05115	-0.00186
646.12243	-0.00193
644.19370	-0.00195
642.26498	-0.00192
640.33626	-0.00185
638.40753	-0.00187
636.47881	-0.00221
634.55009	-0.00278
632.62136	-0.00315
630.69264	-0.00279
628.76391	-0.00170
626.83519	-0.00031
624.90647	0.00076
622.97774	0.00059
621.04902	-0.00098
619.12030	-0.00348
617.19157	-0.00598
615.26285	-0.00632
613.33413	-0.00389
611.40540	-0.00168
609.47668	-0.00199
607.54795	-0.00406
605.61923	-0.00661
603.69051	-0.00851
601.76178	-0.00865
599.83306	-0.00704
597.90434	-0.00508
595.97561	-0.00404
594.04689	-0.00437
592.11817	-0.00580
590.18944	-0.00711
588.26072	-0.00724
586.33199	-0.00635
584.40327	-0.00502
582.47455	-0.00385
580.54582	-0.00345
578.61710	-0.00235
576.68838	0.00287
574.75965	0.00812
572.83093	0.01305
570.90220	0.01795
568.97348	0.01852
567.04476	0.01800
565.11603	0.01808
563.18731	0.01842
561.25859	0.01796
559.32986	0.01689
557.40114	0.01635
555.47242	0.01631
553.54369	0.01497
551.61497	0.01157
549.68624	0.00807
547.75752	0.00631
545.82880	0.00628
543.90007	0.00757
541.97135	0.00960
540.04263	0.01134
538.11390	0.01296
536.18518	0.01464
534.25646	0.01530
532.32773	0.01543
530.39901	0.01650
528.47028	0.01803
526.54156	0.01938
524.61284	0.02096
522.68411	0.02286
520.75539	0.02447
518.82667	0.02443
516.89794	0.02259
514.96922	0.02101
513.04049	0.01926
511.11177	0.01467
509.18305	0.00803
507.25432	0.00254
505.32560	-0.00063
503.39688	-0.00250
501.46815	-0.00336
499.53943	-0.00247
497.61071	-0.00071
495.68198	0.00030
493.75326	-0.00057
491.82453	-0.00347
489.89581	-0.00509
487.96709	-0.00265
486.03836	0.00043
484.10964	0.00020
482.18092	-0.00199
480.25219	-0.00305
478.32347	-0.00290
476.39475	-0.00374
474.46602	-0.00485
472.53730	-0.00293
470.60857	0.00039
468.67985	0.00319
466.75113	0.01414
464.82240	0.02830
462.89368	0.04619
460.96496	0.06446
459.03623	0.07028
457.10751	0.07160
455.17878	0.07146
453.25006	0.07053
451.32134	0.07092
449.39261	0.07346
447.46389	0.07389
445.53517	0.07015
443.60644	0.06660
441.67772	0.06552
439.74900	0.06512
437.82027	0.06462
435.89155	0.06546
433.96282	0.06797
432.03410	0.06849
430.10538	0.06585
428.17665	0.06507
426.24793	0.06691
424.31921	0.06612
422.39048	0.06192
420.46176	0.05906
418.53304	0.06015
416.60431	0.06357
414.67559	0.06756
412.74686	0.07251
410.81814	0.07706
408.88942	0.07831
406.96069	0.07649
405.03197	0.07070
403.10325	0.06118
401.17452	0.05519
399.24580	0.06021
397.31708	0.07543
395.38835	0.08987
393.45963	0.09646
391.53090	0.10000
389.60218	0.10397
387.67346	0.10589
385.74473	0.10907
383.81601	0.11699
381.88729	0.11220
379.95856	0.08687
378.02984	0.06918
376.10111	0.06649
374.17239	0.05500
372.24367	0.04612
370.31494	0.06921
368.38622	0.11489
